198	214	34	81
194	217	35	78
192	216	35	77
189	216	36	78
187	217	36	78
186	219	37	76
182	224	39	73
180	227	41	70
175	232	43	69
177	235	44	68
179	235	44	68
183	236	43	70
186	233	44	72
185	231	44	73
227	207	44	75
226	207	42	76
222	210	43	76
212	210	45	75
208	211	45	75
206	212	44	75
209	214	43	76
210	219	44	77
208	222	44	82
211	224	43	86
215	227	42	89
218	226	40	89
223	227	40	89
226	227	41	88
232	228	41	89
238	227	42	90
243	227	43	91
246	225	43	91
249	224	44	92
252	224	46	93
255	222	46	94
259	224	47	95
263	224	48	93
266	225	49	91
269	227	50	90
276	229	49	89
279	232	48	87
283	234	49	86
285	235	49	85
287	236	49	86
288	235	49	85
288	236	48	87
285	233	48	87
285	233	47	88
284	230	48	87
283	232	48	87
282	229	49	87
280	229	49	87
279	228	50	89
277	228	50	90
277	226	49	91
277	228	48	91
277	229	48	91
276	231	48	92
274	233	49	92
270	231	50	89
265	238	50	88
260	238	52	85
259	241	54	83
254	239	56	81
244	237	57	79
239	239	58	78
233	239	58	78
228	245	57	79
223	244	57	80
217	243	57	82
211	239	57	81
205	237	57	83
198	233	58	83
192	232	59	85
185	230	59	84
177	229	59	84
171	231	58	82
166	232	55	82
161	233	54	83
160	235	54	85
154	234	51	88
148	229	50	90
144	227	50	93
140	224	50	94
138	220	52	92
131	218	53	90
128	219	52	89
126	220	50	89
121	220	48	91
118	221	45	93
113	218	46	92
113	219	46	94
110	217	47	97
107	216	48	102
107	209	50	100
108	208	53	96
105	209	52	94
106	210	52	92
106	210	50	90
105	210	49	90
105	214	48	96
110	211	46	100
111	206	46	101
113	202	47	102
115	199	47	105
116	196	47	106
120	191	48	103
122	192	47	103
126	195	46	104
128	197	47	108
132	194	48	109
137	192	48	111
140	192	48	115
144	187	49	113
146	184	51	114
150	181	54	115
155	181	61	115
152	181	63	115
159	181	67	114
162	182	71	113
162	182	73	112
161	183	71	112
162	180	67	112
168	178	63	111
174	175	62	112
181	173	61	114
185	172	62	114
188	173	64	114
191	172	66	113
193	172	65	112
193	172	64	110
196	171	61	109
197	171	55	109
201	169	52	110
204	168	51	110
207	166	54	111
207	163	56	112
206	161	58	111
206	163	60	109
207	165	62	109
208	165	62	110
212	165	62	109
212	164	59	110
213	161	56	110
214	158	52	111
216	157	49	111
219	156	48	109
221	153	47	108
224	157	45	107
226	154	44	106
229	160	42	107
232	158	42	108
232	157	43	108
231	158	46	104
233	161	46	103
235	160	47	100
237	161	49	96
238	163	51	93
241	160	51	90
240	163	50	89
244	157	48	89
246	159	48	91
246	159	45	95
251	156	45	93
254	157	44	92
259	152	42	91
261	152	42	90
263	156	42	89
266	154	41	89
269	157	41	91
271	159	40	92
273	158	40	94
273	159	41	97
273	156	43	100
271	155	46	101
269	157	50	100
268	156	56	100
267	160	63	98
266	163	68	95
266	156	70	98
269	155	72	100
270	154	71	101
272	153	67	102
271	150	60	104
273	146	54	107
274	143	49	110
276	141	46	111
277	140	44	111
278	140	43	110
278	141	43	106
278	143	43	99
278	148	41	95
280	149	40	92
282	151	38	92
282	152	37	93
283	150	36	95
282	147	35	96
280	150	36	96
279	153	38	96
278	154	38	98
278	152	37	100
281	153	35	102
282	154	35	103
281	151	36	104
279	152	38	106
277	153	41	107
273	155	44	107
272	155	47	108
270	157	50	107
271	158	52	106
272	159	54	106
274	159	54	106
275	161	54	105
276	160	53	105
276	161	51	105
275	160	47	106
276	161	43	108
276	159	40	109
276	159	38	111
276	159	37	111
277	161	36	113
279	162	36	116
278	162	36	116
276	163	38	114
274	164	39	111
271	165	39	109
270	167	40	107
269	168	40	106
268	169	39	106
268	170	37	107
266	171	36	110
264	169	35	113
262	169	35	114
260	166	35	115
256	168	35	116
254	172	34	116
252	172	34	119
251	174	35	120
248	174	35	119
246	172	36	115
245	175	37	113
243	178	37	111
240	179	38	109
237	181	39	106
232	182	41	102
230	184	42	100
226	184	42	98
223	184	41	99
222	182	41	101
221	181	41	103
217	181	41	106
216	180	42	110
213	181	43	114
211	182	43	118
210	182	43	123
208	183	44	127
205	184	45	129
202	185	46	130
198	185	48	130
195	186	49	131
193	186	49	130
192	188	49	129
191	186	50	127
190	186	52	124
187	188	54	122
185	184	53	121
184	183	51	121
184	180	50	120
184	179	48	120
185	181	47	121
185	176	46	117
187	183	45	119
188	177	45	114
190	180	44	111
191	183	44	109
190	188	45	110
189	186	45	110
186	184	46	110
185	184	47	110
184	183	47	113
184	177	46	116
184	173	46	118
181	169	48	116
179	159	49	116
183	130	48	124
190	120	46	133
192	123	47	142
195	112	48	150
194	123	49	159
194	118	52	169
197	106	56	172
195	103	60	176
199	107	62	180
194	106	66	183
187	125	69	191
191	123	73	194
190	125	78	195
193	133	81	198
196	117	83	200
213	108	81	205
215	116	80	206
198	137	84	202
210	121	85	204
188	147	92	198
165	160	102	187
151	174	109	174
143	180	109	167
140	182	106	162
137	181	100	159
127	182	93	156
133	182	84	154
136	182	76	152
138	185	69	150
137	185	65	147
136	189	62	144
131	191	62	142
123	195	61	140
123	195	61	138
121	197	61	135
121	199	60	134
119	200	60	133
120	202	58	133
119	202	56	132
119	204	55	132
120	205	54	132
121	206	54	132
122	204	53	132
123	204	52	132
122	204	52	132
124	204	51	133
124	205	49	134
126	204	48	134
126	206	47	134
128	205	46	134
129	206	45	133
131	206	45	133
132	206	44	134
134	206	44	134
135	208	44	133
136	208	43	132
138	207	43	132
138	208	43	132
138	208	43	131
138	209	43	131
138	208	44	131
138	209	44	131
138	208	44	131
138	209	44	131
138	207	44	131
137	210	44	130
136	208	43	130
137	210	42	130
138	209	42	130
137	211	41	129
137	209	41	130
137	209	40	130
137	207	39	130
136	208	38	131
136	208	38	131
136	207	37	132
136	204	37	131
135	202	37	126
136	207	37	126
136	202	38	124
135	200	38	122
136	202	38	124
136	203	39	124
137	202	39	125
138	203	38	125
139	204	38	126
140	207	38	128
140	208	38	129
141	212	38	133
142	212	37	135
143	211	37	137
144	212	37	137
146	212	36	138
146	210	36	139
147	212	35	139
148	210	35	140
149	212	34	140
150	211	35	140
150	212	35	139
151	212	35	139
151	213	36	139
151	215	37	138
152	215	37	137
152	215	38	137
151	215	39	136
151	215	39	136
150	214	40	135
150	215	40	135
150	217	41	134
86	152	42	137
89	151	41	139
91	148	42	141
94	141	44	140
95	140	45	140
97	142	46	140
99	139	48	138
102	137	51	139
108	139	52	138
114	141	52	139
115	130	52	139
124	138	53	139
132	139	53	141
135	154	53	145
132	122	55	147
131	111	59	149
135	125	61	156
137	116	62	160
141	167	61	165
144	192	63	158
145	197	65	154
147	199	66	150
149	206	66	146
148	211	66	140
149	212	64	137
149	214	62	134
151	213	58	134
153	212	55	134
155	210	53	135
155	211	52	134
156	206	50	137
157	199	49	142
158	205	48	141
158	205	48	141
160	210	49	138
159	214	50	136
160	211	51	135
160	217	52	132
161	215	53	131
162	221	53	128
163	220	54	128
165	223	54	127
168	223	54	128
172	222	52	130
176	221	50	131
180	219	47	132
183	218	44	132
188	219	42	131
190	217	41	130
193	217	41	129
194	219	40	128
195	218	40	129
197	216	40	129
199	218	41	129
198	216	42	130
202	216	42	130
203	216	42	130
202	214	42	131
208	215	42	131
208	215	43	130
209	215	44	130
211	215	45	129
212	213	46	127
300	155	48	126
301	152	48	125
301	152	47	125
297	151	48	124
295	154	48	122
292	155	49	120
290	147	50	118
288	144	51	115
287	151	51	114
287	153	50	114
284	164	49	119
283	158	47	128
282	172	46	140
285	176	44	154
287	144	46	167
290	154	48	176
300	151	52	181
309	152	54	183
313	164	61	178
318	172	66	174
326	176	70	170
305	166	77	169
262	125	79	167
250	136	78	168
351	183	80	162
360	181	81	156
365	189	83	149
366	189	81	149
370	192	81	148
371	199	82	148
372	196	86	146
386	206	90	142
395	213	92	137
399	217	94	131
398	216	93	129
389	214	96	127
403	215	89	127
400	210	86	127
397	207	82	127
399	204	78	127
397	204	75	128
393	200	72	128
392	197	68	128
393	194	65	126
393	192	60	124
391	189	57	123
388	186	54	122
384	184	52	122
382	181	50	124
378	180	48	124
375	179	48	123
371	180	47	123
366	180	47	123
364	180	47	123
358	181	47	121
355	181	47	121
352	181	47	119
351	180	46	116
350	180	47	114
349	178	47	112
348	175	48	110
346	176	49	110
348	174	49	110
346	174	48	111
346	172	46	112
345	170	44	112
346	171	42	114
346	166	42	111
346	168	42	108
346	169	42	106
345	170	43	106
344	171	43	104
345	172	43	103
345	173	42	101
345	173	40	100
345	174	39	98
344	175	39	96
343	175	40	95
342	175	40	93
342	175	41	92
341	177	41	93
340	175	41	92
339	177	41	93
338	176	41	92
336	177	41	91
335	178	41	92
334	180	41	94
333	182	41	97
332	181	41	97
333	180	40	96
332	182	40	97
330	180	39	95
330	179	39	93
327	178	40	91
323	179	41	90
320	178	43	90
319	177	45	90
318	176	46	89
317	176	46	89
317	175	46	90
315	176	46	93
315	172	45	92
313	172	46	90
312	174	46	91
311	177	45	94
311	182	44	100
311	179	44	100
308	180	45	102
306	177	46	101
303	179	47	102
302	180	48	102
298	179	50	102
296	181	52	103
294	178	54	100
291	181	56	101
290	179	55	103
290	178	53	104
286	173	53	103
287	175	53	107
287	174	53	110
287	171	53	113
288	171	52	115
288	170	52	116
288	171	51	117
289	171	50	117
288	173	50	116
286	173	51	115
283	172	53	113
280	172	55	111
278	173	57	110
278	172	58	109
280	171	59	110
280	169	59	108
281	169	59	108
281	167	59	108
281	166	57	111
283	165	56	113
284	163	54	115
284	161	52	116
286	160	50	115
286	160	50	112
287	162	50	109
287	162	50	105
289	163	50	103
291	161	49	101
293	161	48	99
296	158	47	97
299	158	46	95
302	160	46	97
304	161	45	101
307	160	45	104
311	159	45	105
314	161	45	105
317	161	45	105
318	161	45	104
321	159	44	102
322	156	45	98
322	156	46	95
322	156	47	93
327	157	46	93
329	158	45	96
331	157	44	97
333	155	43	98
333	152	43	97
335	152	41	98
334	148	43	97
332	143	44	96
328	142	43	96
328	138	43	95
326	137	43	95
255	192	44	95
258	194	46	94
262	195	48	94
268	196	49	95
273	198	48	97
276	199	49	97
281	200	49	98
285	200	50	98
288	202	51	98
291	204	52	97
295	205	52	96
296	203	54	97
298	201	55	99
305	185	54	106
312	172	52	118
310	174	51	131
311	173	51	143
312	170	52	157
315	168	52	166
317	161	52	172
319	161	52	173
322	161	52	174
323	167	52	175
328	170	54	172
328	168	53	174
331	165	50	178
332	172	49	176
337	177	47	178
340	174	45	180
340	182	46	179
341	188	47	177
342	198	49	174
339	203	54	173
336	194	60	176
337	193	64	186
338	187	68	191
341	196	70	195
347	199	69	200
352	203	69	202
352	210	69	204
366	211	66	206
369	221	65	202
381	219	62	201
385	223	60	199
390	232	60	193
395	242	62	186
397	259	64	176
403	259	64	172
404	263	62	167
408	270	60	162
413	277	59	157
416	279	59	153
416	281	59	149
417	284	60	146
419	277	64	137
425	278	66	129
426	282	62	131
426	282	59	132
426	282	59	133
430	284	58	136
430	284	56	138
429	286	57	141
428	284	57	143
430	283	58	144
431	284	59	145
432	284	60	146
434	284	60	147
436	284	60	147
434	284	60	145
432	285	59	143
431	286	57	141
432	288	56	139
435	285	55	137
436	286	54	135
439	288	52	136
442	289	50	135
445	290	50	136
445	287	50	132
448	287	50	129
450	287	51	125
454	289	50	123
456	289	50	119
460	292	50	117
462	294	50	118
466	293	50	115
469	296	51	112
473	298	51	111
476	297	52	110
481	298	54	108
486	300	55	107
491	302	57	106
494	303	58	105
498	301	58	105
503	302	57	107
507	303	56	110
510	305	54	112
512	308	53	115
514	309	53	116
513	312	54	116
