0.074646
0.074646
0.074646
0.074646
0.074646
0.074646
0.074646
0.074646
0.074646
0.074646
0.074646
0.074646
0.074646
0.074646
0.074646
0.074646
0.074646
0.074646
0.074646
0.074646
0.074646
0.074646
0.074646
0.074646
0.074646
0.074646
0.074646
0.074646
0.074646
0.074646
0.074646
0.074646
0.074646
0.074646
0.074646
0.074646
0.074646
0.074646
0.074646
0.074646
0.074646
0.074646
0.074646
0.074646
0.074646
0.074646
0.074646
0.074646
0.074646
0.074646
0.074646
0.074646
0.074646
0.074646
0.074646
0.074646
0.074646
0.074646
0.074646
0.074646
0.074646
0.074646
0.074646
0.074646
0.074646
0.074646
0.074646
0.074646
0.074646
0.074646
0.074646
0.074646
0.074646
0.074646
0.074646
0.074646
0.074646
0.074646
0.074646
0.074646
0.074646
0.074646
0.074646
0.074646
0.074646
0.074646
0.074646
0.074646
0.074646
0.074646
0.074646
0.074646
0.074646
0.074646
0.074646
0.074646
0.074646
0.074646
0.074646
