197	203	170	149
192	198	169	150
197	204	169	150
214	205	168	151
230	203	168	152
240	198	168	153
253	199	168	152
269	197	168	152
261	195	170	150
231	183	167	152
189	174	166	154
162	175	166	153
153	169	166	153
168	168	165	153
200	176	165	152
247	183	163	151
297	186	161	150
315	190	163	150
288	199	161	148
234	202	159	148
187	202	159	147
164	195	161	148
159	185	160	149
167	172	163	149
183	173	163	149
195	171	163	150
204	172	163	149
215	185	164	146
222	208	162	147
223	238	160	146
235	263	163	146
244	263	163	148
235	259	162	146
220	241	164	145
200	233	165	143
188	203	160	146
197	178	162	148
205	195	163	144
228	225	164	142
247	242	165	141
258	247	165	142
255	243	162	143
246	212	161	145
210	182	160	144
170	174	157	147
134	181	161	143
126	198	157	145
132	204	159	144
144	205	161	143
166	208	161	142
193	204	161	142
213	209	165	140
234	229	166	138
260	247	168	137
276	252	167	139
285	247	164	142
267	247	168	139
208	221	167	138
159	190	166	139
175	195	163	141
215	194	159	142
240	194	161	141
260	203	165	139
269	207	162	142
274	229	160	145
265	252	159	145
249	261	161	143
249	263	161	143
250	262	160	140
230	240	163	142
209	242	164	141
201	239	161	142
205	230	162	142
219	223	164	141
226	208	160	145
224	176	156	147
234	152	159	145
251	159	163	141
265	184	158	145
266	221	156	147
267	251	155	147
249	264	159	147
222	268	162	142
190	240	163	141
165	214	162	139
160	186	158	143
164	168	159	145
179	182	159	140
190	213	157	141
193	246	156	142
192	266	155	144
193	264	154	144
199	255	155	142
211	234	155	143
227	203	155	143
226	212	155	143
215	220	155	142
214	214	154	142
202	202	156	141
173	180	160	139
162	173	157	141
172	184	161	139
209	200	161	139
241	209	159	139
236	226	157	142
217	239	157	143
169	247	154	144
130	243	156	140
125	212	152	143
135	185	156	141
167	180	154	143
207	192	156	143
236	203	157	142
242	196	154	145
235	187	156	142
209	168	159	143
179	157	158	143
163	164	158	143
161	162	155	145
177	142	158	145
234	136	153	146
281	130	154	145
293	126	155	144
283	126	156	144
252	135	157	142
209	168	160	141
186	197	158	143
185	208	156	143
190	206	155	145
193	195	156	145
209	176	159	143
229	158	161	143
234	155	159	145
232	168	156	145
215	176	158	144
189	169	160	142
165	146	162	142
150	132	162	144
126	136	163	144
121	158	158	145
144	166	160	144
179	165	158	145
218	156	156	146
251	161	159	143
274	179	158	143
270	190	157	142
252	197	160	142
230	196	161	143
203	195	158	143
165	196	156	145
149	192	156	146
165	188	157	145
188	180	160	144
209	152	156	145
212	121	155	145
229	109	158	144
249	121	159	143
256	146	158	145
264	161	158	145
268	164	159	144
269	162	158	144
267	165	158	144
253	175	162	142
229	196	164	141
212	217	164	142
211	220	163	142
222	209	160	145
231	188	158	146
234	168	157	147
243	157	162	146
256	164	162	145
258	178	160	145
242	190	165	143
212	209	168	141
205	217	165	142
200	218	163	144
190	221	163	144
193	214	160	144
204	196	166	141
239	172	166	142
287	162	161	144
304	155	161	146
289	163	163	145
256	172	159	146
212	173	156	148
167	178	158	148
152	187	159	148
161	194	163	147
184	191	165	146
207	170	167	146
232	152	168	147
266	153	165	148
298	159	165	147
318	163	166	147
308	171	164	148
257	169	160	148
195	158	158	150
162	153	159	150
175	154	160	149
207	150	162	148
211	142	160	149
206	143	157	150
211	181	158	150
226	231	159	149
241	268	160	150
244	288	160	152
242	284	159	153
231	262	158	150
216	225	160	151
204	197	158	152
208	179	161	151
239	178	161	151
269	179	163	151
287	183	165	151
289	191	164	151
279	204	165	149
258	215	169	148
242	222	169	147
240	213	165	150
229	200	166	150
215	190	165	150
200	172	165	149
196	146	162	151
209	145	163	151
238	155	167	148
248	177	164	149
256	206	165	148
267	228	163	150
265	246	164	150
244	258	165	149
222	258	167	151
202	250	168	151
193	235	163	152
191	203	160	154
201	175	161	153
212	144	161	152
246	110	164	150
270	111	168	150
278	120	168	150
287	128	166	151
292	144	163	155
282	167	162	154
268	186	163	154
249	206	167	152
224	220	171	150
208	227	172	150
184	222	171	149
150	197	172	149
145	182	169	150
176	171	172	147
207	152	172	148
225	143	172	150
236	155	170	151
239	170	167	152
220	183	170	151
201	187	172	151
203	188	171	151
239	189	169	152
264	187	170	150
272	170	166	151
285	162	167	148
303	153	168	146
314	144	163	147
300	160	166	143
263	179	165	143
237	192	163	144
236	196	163	144
234	197	163	144
212	200	164	144
200	198	164	147
212	204	162	146
258	203	158	146
317	194	153	147
375	189	151	146
409	184	153	147
404	191	154	145
356	192	150	145
295	196	147	144
249	205	150	141
220	209	154	142
215	203	156	145
218	198	156	148
212	191	157	149
213	187	159	150
232	194	161	147
264	198	160	144
297	203	161	143
306	192	159	146
298	191	160	145
272	198	158	143
225	188	156	144
169	165	160	143
147	139	159	147
158	120	158	147
166	96	161	149
151	120	160	148
137	168	159	148
130	210	155	149
135	239	155	150
146	247	159	149
144	238	160	152
148	239	163	151
157	240	164	151
172	222	162	150
187	185	160	152
193	153	161	154
204	155	163	154
217	177	161	153
226	192	161	155
220	192	162	155
212	173	158	156
211	143	156	158
228	136	160	155
237	120	159	157
228	110	162	154
219	106	162	154
226	100	160	156
232	89	162	154
220	124	159	153
213	193	160	153
217	225	157	156
219	225	160	157
214	217	161	158
210	204	161	160
210	186	160	161
209	158	159	162
208	126	158	165
220	120	163	163
237	127	168	160
265	132	170	157
286	121	172	159
286	118	172	160
279	129	169	160
276	138	170	160
267	144	172	158
238	156	172	157
198	181	173	157
183	203	171	160
182	210	172	160
181	212	173	160
176	205	170	162
172	190	172	163
176	184	174	164
186	193	179	161
206	201	181	159
236	198	182	158
278	187	177	159
323	183	175	159
336	165	175	164
331	156	177	163
301	155	175	163
265	155	173	162
225	152	174	163
199	143	178	165
191	145	181	166
181	149	183	165
169	154	181	168
167	158	185	169
185	161	188	169
212	154	191	167
234	146	193	167
269	142	193	167
281	130	190	169
288	108	189	172
276	109	190	170
262	111	187	175
264	138	184	177
263	175	182	176
253	213	180	174
244	228	185	175
228	222	187	177
220	209	187	178
214	195	189	179
212	184	188	180
211	169	190	182
206	158	191	183
199	147	193	182
194	144	194	184
197	172	193	183
212	190	197	184
