288	143	35	42
290	143	34	42
292	143	34	43
294	141	34	43
295	142	34	44
296	140	34	43
297	139	34	43
297	140	34	43
298	140	34	43
298	141	34	43
299	141	34	43
299	142	34	42
299	142	34	42
297	142	35	42
296	141	34	42
297	141	35	42
298	142	34	42
298	142	34	42
297	142	34	42
297	143	34	42
297	145	34	42
297	146	34	42
296	146	34	42
295	148	34	42
295	148	34	42
293	149	34	42
293	148	34	42
292	149	34	42
293	149	34	42
292	150	34	42
291	149	34	42
291	150	34	42
292	150	34	42
292	150	34	41
292	149	34	42
292	148	34	42
293	148	34	42
294	147	34	42
294	148	34	42
294	148	34	42
294	147	34	42
295	148	34	42
295	148	34	42
295	148	34	42
295	148	34	42
295	147	34	41
294	147	34	42
293	148	34	41
292	149	34	42
291	149	34	42
291	151	34	42
291	151	34	42
290	151	34	42
290	151	34	42
290	151	34	42
290	152	34	42
290	153	34	42
290	153	34	42
289	154	34	42
289	155	34	42
290	155	34	42
290	155	34	42
290	154	34	42
290	154	34	42
291	154	34	42
292	154	34	43
293	153	34	43
294	154	34	43
295	154	34	43
296	154	34	43
297	155	34	44
298	155	34	44
301	156	34	46
303	157	34	46
306	158	34	46
310	161	34	46
313	166	35	46
315	172	35	45
317	178	35	44
317	184	35	43
318	191	35	43
318	195	36	42
315	199	35	43
313	203	35	44
310	206	35	46
305	203	35	45
300	202	35	44
296	197	35	43
291	191	35	43
288	183	35	43
284	173	35	44
282	160	35	44
282	152	35	45
282	144	35	47
283	137	35	47
284	132	35	47
285	129	35	47
287	129	35	47
290	132	35	47
292	136	35	47
293	142	35	47
295	150	36	46
298	162	36	46
299	174	36	46
301	187	36	46
301	194	37	46
300	198	37	46
297	200	37	47
292	196	37	46
286	187	36	45
279	180	36	45
272	171	36	46
263	164	37	47
254	160	38	47
247	159	39	47
241	160	39	48
238	161	40	48
236	162	40	50
236	166	40	50
237	172	39	51
239	177	39	52
242	178	38	52
246	175	38	51
253	167	38	49
261	159	38	48
270	151	39	47
281	145	40	46
288	143	41	46
296	140	41	46
302	141	41	48
307	142	42	49
313	144	42	50
318	149	43	51
321	157	42	51
324	168	42	51
326	178	42	50
325	185	42	49
324	190	42	49
322	192	42	49
319	190	41	49
315	185	41	48
310	178	41	47
304	169	40	47
300	159	40	47
296	150	39	47
290	144	39	47
287	141	39	48
283	140	39	49
279	140	39	49
276	142	39	49
273	147	39	49
272	154	39	49
272	162	39	49
270	167	38	49
269	170	37	50
267	170	37	50
266	168	37	49
265	167	36	49
263	163	36	48
260	160	36	48
257	156	35	48
256	153	35	47
256	152	35	47
259	153	34	47
261	155	34	47
263	159	34	47
263	164	34	47
265	170	34	46
266	176	33	46
267	182	33	45
268	189	33	46
269	191	32	46
269	187	32	46
267	181	32	45
268	174	32	45
269	167	33	45
271	163	33	46
273	161	33	46
277	159	34	46
284	159	34	45
291	160	34	45
298	163	35	45
305	166	35	44
310	171	36	44
313	172	37	44
313	171	37	45
312	171	37	45
309	169	38	45
305	172	37	46
301	175	37	47
299	180	37	47
296	187	38	47
294	194	39	46
290	201	39	46
283	207	39	48
274	208	40	50
267	202	40	50
263	194	40	50
263	184	40	51
265	177	40	51
269	170	39	50
275	167	39	49
284	168	39	47
292	170	40	46
300	175	42	45
307	184	43	46
312	192	43	47
314	197	43	48
312	201	43	48
308	203	43	49
303	201	42	48
297	196	41	48
289	188	40	47
280	186	40	47
272	183	39	48
266	182	39	48
262	183	38	49
260	186	38	50
261	188	37	50
262	189	37	49
265	186	37	48
269	180	39	47
275	175	40	47
280	173	41	47
282	174	40	47
283	176	39	48
284	177	38	48
285	180	38	47
285	183	38	47
285	184	38	47
282	181	38	47
278	177	37	47
274	168	37	47
269	161	36	46
263	155	35	46
259	151	34	45
255	151	34	44
253	152	34	44
250	155	33	43
247	158	33	43
244	161	33	44
241	167	33	43
239	173	34	43
241	174	34	42
243	173	34	41
246	169	33	40
251	163	32	41
255	158	32	41
261	154	32	40
267	151	31	40
273	151	31	40
279	149	31	40
284	149	31	39
287	149	31	39
286	151	31	40
284	154	31	40
281	155	31	40
277	151	31	39
271	146	30	39
265	139	30	38
260	133	30	38
253	130	30	37
243	127	30	38
230	132	30	38
212	140	30	38
194	149	30	38
181	162	30	38
169	177	31	37
165	189	31	38
167	195	30	38
168	203	30	39
168	206	30	38
171	203	30	39
172	197	31	40
173	191	31	40
176	185	31	40
182	179	32	40
187	177	33	41
191	180	33	42
196	183	34	43
200	187	35	44
201	192	35	44
202	198	36	45
206	203	36	45
212	208	36	45
212	213	36	46
206	219	36	46
201	222	35	46
200	220	36	46
201	214	36	46
202	209	36	46
202	205	36	45
202	205	36	45
205	206	35	46
205	208	35	45
204	212	36	44
203	217	35	44
203	221	35	43
202	220	35	43
203	217	35	44
201	210	34	44
202	203	34	44
203	197	34	45
203	193	34	45
201	192	34	45
200	192	34	44
199	194	34	44
200	196	34	44
198	200	34	45
199	205	35	45
198	208	35	45
198	207	35	44
200	202	35	45
201	197	35	45
202	194	35	45
202	193	35	44
202	192	34	44
202	194	34	43
201	197	34	42
202	202	34	42
203	207	34	41
203	214	34	41
200	220	33	41
197	223	33	41
200	223	33	42
202	217	32	42
201	210	32	42
199	203	32	41
197	196	31	40
193	191	31	40
187	187	31	39
182	187	31	40
181	185	31	40
181	187	31	40
176	190	31	40
171	198	31	40
170	205	31	41
171	210	31	42
171	213	31	41
172	215	31	41
174	211	32	42
176	208	32	42
176	207	32	43
178	206	32	44
182	207	32	43
188	209	32	43
193	213	32	43
200	218	32	43
211	222	33	42
222	227	33	42
232	230	33	41
243	226	33	41
255	216	33	40
260	206	33	40
268	197	33	41
277	191	34	41
286	188	34	41
293	187	34	41
296	189	34	42
296	193	34	42
294	199	34	42
291	207	34	43
286	218	34	42
279	225	34	42
268	229	34	42
254	231	34	41
239	232	34	41
222	234	34	41
208	236	34	41
198	240	34	42
192	242	34	42
186	243	34	43
177	245	34	42
164	240	34	42
158	230	34	42
157	220	34	43
161	205	35	43
170	197	36	43
179	192	37	43
187	196	38	44
198	201	38	44
210	209	38	45
223	220	38	44
237	233	38	44
252	244	37	44
265	251	36	45
277	254	36	46
289	253	36	46
303	248	35	46
319	243	35	45
333	237	34	44
348	234	34	43
360	231	34	42
371	230	34	41
375	231	33	42
375	232	33	42
371	234	33	42
361	237	33	42
346	243	33	41
327	251	32	41
307	257	32	40
288	260	32	41
270	258	32	40
254	252	32	41
238	244	32	41
222	240	33	41
209	234	33	42
202	229	33	42
197	224	33	43
196	219	33	43
198	218	32	43
202	218	32	42
209	217	32	41
215	220	32	41
223	221	32	40
236	218	31	40
251	213	32	39
261	207	32	38
268	201	32	38
276	198	33	38
287	192	34	38
294	191	34	39
299	193	35	40
307	196	36	41
314	200	37	42
320	210	36	43
328	221	36	44
334	230	36	45
339	235	36	45
344	238	36	45
347	236	36	45
352	230	37	46
354	223	37	47
352	216	38	47
350	211	38	48
347	209	39	49
340	208	39	49
333	209	39	50
325	212	39	51
315	218	40	51
303	226	40	50
292	238	40	50
281	243	40	49
267	243	40	49
256	236	41	49
243	229	42	49
232	223	42	51
223	217	42	52
210	211	43	53
202	209	44	54
193	207	44	55
186	205	45	55
183	205	45	55
180	205	44	54
184	201	44	54
189	194	43	53
197	184	43	52
208	175	43	51
224	169	43	51
238	168	43	50
253	170	43	50
264	175	45	51
273	181	46	51
280	186	46	52
286	194	45	53
288	200	44	53
290	202	43	53
291	201	42	53
288	195	42	53
283	186	41	52
281	177	41	51
280	167	41	52
274	164	42	52
269	165	43	52
265	169	43	53
264	173	43	53
265	179	43	53
270	185	42	53
276	193	41	52
278	205	40	52
280	211	39	51
280	213	38	49
282	212	38	48
284	204	38	48
289	191	37	47
292	178	37	47
293	169	37	47
291	160	37	46
288	152	36	46
290	143	36	46
289	137	36	46
284	137	36	45
278	138	36	44
271	139	36	44
264	141	36	44
257	145	36	43
252	148	36	43
249	151	36	43
243	156	36	43
237	163	36	43
229	171	36	43
223	180	36	43
218	188	35	44
216	196	35	45
214	200	36	45
213	202	36	46
217	197	36	47
223	188	36	46
233	175	36	45
238	160	36	45
240	148	36	44
238	138	37	44
236	130	37	45
237	124	37	45
237	122	37	45
237	125	36	45
234	130	36	45
230	138	36	45
229	149	35	44
230	159	35	44
233	171	35	43
235	182	35	43
236	189	35	43
237	192	35	42
234	192	34	42
228	190	33	41
223	183	33	41
218	176	32	41
213	171	32	41
206	171	32	40
202	173	32	40
200	176	32	41
198	178	33	42
197	183	33	42
196	188	33	43
196	194	33	43
198	198	32	43
198	197	32	43
199	190	32	44
201	183	32	44
206	173	32	43
210	167	32	42
214	165	32	41
216	166	32	40
219	167	32	40
225	170	32	40
228	175	32	41
228	181	32	41
229	188	32	41
230	195	33	41
229	204	32	41
224	209	32	40
220	213	32	39
217	215	31	39
215	209	31	39
213	202	31	39
212	191	31	39
213	180	32	39
213	168	32	40
211	160	32	41
207	155	32	42
203	150	33	43
199	147	34	43
198	147	35	44
197	151	35	45
197	155	36	46
195	161	37	46
198	168	37	47
202	176	37	48
205	185	37	48
210	193	37	48
213	197	37	47
214	196	37	46
218	191	38	45
224	179	38	45
227	165	39	45
231	153	40	46
239	142	41	47
247	133	42	48
250	123	43	49
251	116	44	51
258	115	44	52
268	111	45	53
271	106	46	55
269	112	47	57
266	118	48	58
266	128	48	59
264	143	48	60
260	156	48	61
259	170	48	62
257	175	48	62
251	179	48	62
247	177	49	61
250	166	49	63
246	154	49	64
243	146	50	66
244	137	51	67
247	131	51	69
250	127	52	70
254	124	53	72
259	125	53	73
263	127	54	73
