23	88	66	55
23	87	66	54
24	86	66	55
24	87	66	54
24	87	66	54
24	87	66	54
23	87	66	53
24	89	65	53
25	87	64	53
25	88	64	52
25	87	64	53
26	87	64	52
27	86	63	52
26	85	63	51
28	86	62	51
27	84	62	50
28	83	62	50
29	83	62	50
29	83	62	49
28	84	62	49
30	83	61	48
30	84	61	48
30	85	61	48
31	84	60	48
32	85	60	48
33	84	60	47
33	85	60	47
33	84	59	47
34	85	59	46
35	84	59	46
35	84	58	46
36	85	58	46
37	86	58	45
37	85	58	45
37	86	57	44
39	85	57	44
39	85	56	44
40	83	56	44
41	83	56	44
41	82	55	43
42	81	55	43
43	80	54	43
44	81	54	43
44	81	54	42
45	82	54	42
45	83	54	42
46	85	54	42
45	86	53	41
46	87	53	41
46	87	53	41
47	88	53	41
47	87	52	41
47	86	51	40
47	86	51	40
48	85	50	40
47	86	50	40
48	87	50	39
49	87	49	39
49	88	50	39
49	89	49	39
50	89	49	39
50	89	49	39
50	90	49	38
50	90	49	38
50	91	48	38
50	90	48	37
51	89	48	37
51	88	48	37
51	88	47	37
51	88	47	37
51	88	47	37
52	87	46	37
52	87	46	36
53	86	45	37
54	86	45	36
53	86	45	36
53	87	44	36
54	87	44	36
55	86	44	35
55	86	44	35
55	86	43	35
56	85	43	35
55	85	43	35
56	84	42	35
56	84	42	35
57	84	42	35
56	85	42	35
57	85	41	34
57	85	41	34
57	86	41	34
57	85	41	34
57	85	41	34
58	84	41	34
57	84	41	34
57	84	41	34
58	84	40	33
58	84	40	33
58	84	40	33
58	84	40	33
58	84	40	33
58	84	40	33
58	84	40	33
58	84	40	33
58	84	40	33
58	83	39	33
57	82	39	33
57	81	39	32
58	80	39	32
58	78	38	32
57	76	38	32
57	76	38	32
57	76	38	33
57	75	38	32
57	76	38	32
56	76	38	32
57	77	38	32
56	79	38	32
55	79	38	32
54	81	38	31
55	82	38	31
55	82	38	31
54	84	38	31
54	83	37	31
55	83	37	31
54	83	38	30
53	82	38	30
54	81	37	30
53	80	37	30
53	79	37	29
52	79	37	29
52	79	37	29
52	80	37	29
51	80	38	29
50	80	38	29
51	80	37	30
49	81	37	30
50	81	37	30
50	80	37	30
48	80	37	30
48	80	37	30
48	79	36	30
49	79	36	30
48	79	36	30
48	79	36	30
47	81	36	29
48	80	36	29
47	80	36	29
46	80	35	28
46	80	35	29
46	80	35	28
45	81	35	28
45	82	35	28
45	82	35	27
44	82	34	27
44	81	34	27
44	80	34	27
43	79	34	27
43	76	33	27
42	77	33	28
41	76	33	28
41	77	33	28
41	78	32	28
41	79	32	28
40	80	32	28
39	80	32	28
39	79	32	28
39	79	31	28
39	79	31	28
39	79	31	28
38	79	31	28
38	79	31	28
37	79	32	28
37	79	32	28
36	80	32	28
36	80	32	27
35	81	32	27
35	81	32	26
34	82	32	26
34	81	32	26
34	82	32	26
33	82	32	26
32	82	32	25
32	83	32	25
31	83	32	25
31	83	31	26
32	83	31	26
30	83	31	26
29	84	30	26
30	83	30	26
30	84	29	26
29	84	29	27
28	84	29	26
29	84	29	26
28	85	29	26
27	86	29	26
27	86	29	26
27	86	30	25
26	86	30	25
25	86	30	26
25	86	30	25
24	86	30	25
24	87	31	24
24	87	31	24
23	87	30	24
23	87	31	23
23	88	31	23
22	87	32	22
21	87	32	22
20	86	32	23
20	84	32	22
20	84	32	22
20	83	32	22
19	82	32	23
19	81	32	23
20	82	32	23
19	82	32	23
19	82	31	24
20	82	31	24
19	83	31	24
19	83	31	23
19	85	31	23
19	83	31	23
20	83	31	23
20	83	31	23
19	83	30	23
20	83	31	23
19	83	31	23
19	82	31	23
19	82	31	22
19	81	31	23
19	81	31	23
19	81	31	23
19	81	31	23
18	82	31	23
18	83	32	23
18	84	31	23
18	84	31	23
18	85	31	23
18	84	31	24
19	85	31	23
18	85	31	23
19	85	31	23
19	84	31	22
19	84	31	22
19	83	31	22
20	84	30	21
19	86	30	20
20	88	31	20
20	87	30	20
19	87	29	21
19	87	29	21
19	86	28	21
20	86	28	21
20	85	28	21
20	84	27	21
20	84	27	22
20	84	27	22
20	84	27	22
20	85	27	22
20	86	27	22
20	86	27	23
20	86	27	23
20	87	27	23
20	86	27	23
21	87	27	23
21	86	27	22
22	86	27	22
23	86	27	22
23	86	27	21
23	87	27	21
23	87	27	21
23	87	27	20
23	87	27	20
25	88	27	20
24	87	27	20
24	86	27	20
24	85	27	20
23	84	27	21
24	83	27	21
24	80	27	22
25	80	27	22
25	80	27	22
25	79	27	23
25	80	27	23
25	80	27	23
26	81	27	23
25	81	27	23
25	82	27	23
26	82	27	23
27	81	27	23
27	81	27	24
27	82	27	23
26	83	28	23
27	83	27	23
27	82	28	23
27	82	29	23
26	84	29	22
27	84	28	21
27	87	28	20
27	86	27	20
28	86	28	20
27	86	27	20
28	85	27	20
28	85	27	20
29	85	27	20
28	85	26	20
29	85	26	20
29	87	26	19
30	86	26	18
29	87	26	18
28	85	27	18
27	86	27	18
27	85	27	19
28	84	27	19
27	85	27	19
28	84	27	19
29	85	27	19
28	85	27	19
28	86	27	19
29	86	28	19
28	86	28	19
29	86	28	19
28	86	28	19
28	87	27	19
28	87	27	19
28	87	27	19
28	87	27	19
28	87	26	19
28	88	26	19
29	87	26	18
29	87	26	18
28	87	27	18
27	88	26	19
29	86	26	19
28	87	26	18
29	87	26	18
29	87	26	18
30	87	26	18
30	87	25	18
30	86	25	18
31	88	25	18
30	87	25	18
31	88	25	18
31	89	24	17
31	89	24	17
31	89	24	17
31	89	24	17
31	88	24	17
31	88	24	17
32	89	24	17
32	89	24	17
32	89	24	18
31	89	23	17
33	89	23	17
32	89	23	18
32	88	23	18
32	90	23	17
33	88	23	17
33	88	24	17
33	89	24	17
34	88	24	17
35	87	24	17
34	87	24	17
35	86	24	17
35	87	24	17
35	87	24	17
36	86	23	17
36	86	23	17
37	86	23	17
37	86	23	17
38	86	23	17
38	88	23	16
39	87	23	15
40	88	22	15
41	87	22	15
40	88	22	15
41	87	22	15
42	87	22	15
42	87	22	15
43	86	22	15
45	87	22	16
44	86	22	16
45	86	22	16
47	86	22	16
47	86	21	17
48	85	21	17
48	85	22	17
50	85	22	17
51	85	22	17
51	85	22	16
52	84	22	16
53	84	22	16
54	84	21	17
55	84	21	17
55	85	21	17
56	85	21	18
58	86	21	17
59	90	21	17
59	90	21	17
59	90	21	17
60	90	21	17
62	90	21	17
62	88	22	17
63	86	22	17
64	87	22	17
65	87	22	17
66	87	22	18
66	88	22	18
68	89	22	18
70	88	22	18
70	88	22	18
72	88	22	17
73	88	22	17
74	87	22	17
74	86	22	17
76	86	22	17
77	86	22	17
78	86	22	17
79	86	22	17
81	86	22	17
82	85	22	17
83	85	22	17
84	86	22	17
85	85	22	17
86	86	22	17
86	86	22	17
88	86	22	17
88	86	21	17
89	87	21	17
91	87	21	17
91	86	21	17
93	86	21	17
93	87	21	17
93	87	21	17
94	87	21	17
95	87	21	17
95	86	21	16
96	87	21	16
97	86	21	17
98	86	21	16
98	86	21	16
99	86	21	16
100	87	20	16
100	86	20	16
101	86	20	16
101	86	20	16
102	86	20	16
103	87	20	16
103	86	20	16
104	87	19	16
104	87	19	16
105	87	19	16
105	87	19	17
105	87	19	16
106	87	19	17
105	87	19	17
107	87	19	17
107	87	19	17
107	87	19	17
107	87	19	17
106	87	19	17
106	88	20	17
107	87	20	16
107	87	20	16
107	87	19	16
107	86	20	16
108	86	20	16
108	86	19	16
108	86	19	16
107	86	19	16
107	86	19	16
107	87	19	16
108	86	19	16
108	86	19	16
107	86	19	16
107	87	19	16
107	87	19	16
107	88	19	16
106	88	19	16
106	88	20	16
106	89	20	16
105	88	20	16
106	88	20	16
106	89	21	16
106	88	20	16
106	88	20	16
106	88	21	16
106	88	20	15
106	89	20	16
106	89	20	16
106	89	20	15
105	90	20	15
106	90	20	15
105	90	20	15
106	89	20	15
105	89	19	15
105	88	19	15
105	88	19	15
105	87	19	15
105	87	19	16
104	87	19	16
105	87	19	16
104	88	19	16
103	89	19	16
103	89	19	16
102	89	19	16
102	88	19	16
101	89	20	16
101	88	20	16
101	89	20	16
101	89	20	16
101	90	20	16
101	90	20	16
101	89	19	15
102	89	19	15
101	88	19	15
102	86	19	15
101	87	19	16
102	86	19	15
103	86	19	16
102	86	19	16
102	86	19	16
102	86	19	16
102	85	20	15
102	86	20	15
103	85	20	15
103	85	20	15
103	84	20	15
103	85	20	15
103	85	20	15
104	85	19	15
105	85	20	15
105	85	19	15
106	86	19	15
106	86	19	15
106	86	19	15
107	86	19	14
107	87	18	14
108	86	19	14
108	86	19	15
107	85	19	15
109	85	19	15
108	85	19	15
108	84	19	16
109	85	19	16
109	85	19	16
109	86	19	16
109	86	19	16
110	85	19	15
109	86	19	16
110	86	20	16
111	85	20	16
110	84	20	16
111	85	20	16
111	85	20	15
111	85	20	16
111	85	20	16
111	85	20	16
112	86	20	16
111	85	20	16
111	85	20	16
111	85	20	16
111	85	20	16
111	85	20	16
111	84	20	16
111	84	19	16
112	84	19	16
112	84	19	16
112	84	19	16
112	84	19	16
111	84	19	16
112	85	19	16
111	85	19	16
111	85	19	16
111	85	19	16
111	84	19	15
111	84	19	15
111	85	19	15
111	85	19	15
111	85	19	15
110	86	19	15
110	86	19	15
110	86	19	15
111	87	19	15
111	87	19	15
111	87	19	15
111	87	19	15
110	87	19	15
110	87	19	15
110	87	19	15
111	87	19	15
110	87	19	15
110	87	19	15
109	87	19	15
109	87	20	15
109	86	20	15
109	86	20	15
109	86	20	16
110	86	20	16
109	85	20	16
108	85	20	16
108	85	20	16
109	85	20	15
108	86	20	15
109	86	20	15
110	86	20	15
109	87	19	15
109	86	19	14
109	86	19	14
110	86	19	14
110	87	19	14
110	87	19	14
109	87	19	14
109	87	19	14
109	87	19	14
108	88	19	14
109	88	19	14
109	89	18	14
108	88	18	14
109	88	18	14
109	87	18	14
110	87	19	13
108	87	18	14
108	87	19	13
108	87	18	13
108	86	18	13
108	86	18	13
107	87	18	13
108	86	18	13
107	86	18	13
106	86	18	13
108	86	18	13
107	86	18	13
107	87	18	12
107	88	18	13
106	88	18	13
106	88	18	13
106	88	18	13
106	88	18	13
106	87	18	13
107	86	18	14
106	86	18	14
106	86	18	14
106	86	18	14
106	86	18	14
106	86	18	14
106	87	18	14
105	87	19	14
105	87	19	14
105	86	19	15
105	86	19	15
104	86	19	15
105	87	19	15
105	86	19	15
105	85	19	15
104	86	19	15
104	85	19	15
104	85	19	15
104	85	20	15
105	86	20	15
104	86	20	15
104	87	20	16
104	87	20	16
104	88	20	16
104	88	20	15
104	88	20	15
104	88	20	15
105	88	20	15
105	88	20	15
105	88	19	15
106	88	19	15
106	88	20	15
106	87	19	15
106	87	19	15
107	86	19	15
107	86	19	15
107	86	19	15
107	86	19	15
108	85	20	15
108	84	19	15
108	84	19	15
109	84	19	15
108	84	19	15
109	83	19	15
110	83	19	15
110	83	19	15
110	84	20	15
111	85	19	15
110	85	19	15
111	84	20	15
112	84	19	15
111	84	19	15
111	84	19	14
113	85	19	14
112	85	19	15
113	86	19	15
112	87	19	15
112	86	20	15
113	86	20	15
113	85	20	15
114	86	20	15
114	86	20	15
114	87	20	15
115	87	19	15
115	86	19	15
116	87	19	15
117	86	19	15
117	86	19	15
117	86	19	15
117	85	19	15
118	85	19	15
118	85	19	16
119	84	20	16
119	85	20	16
119	84	20	16
119	85	21	16
119	85	20	16
119	84	20	16
120	83	20	16
120	83	21	16
120	83	20	17
120	83	20	17
120	83	21	16
120	83	21	16
120	83	21	16
120	84	21	16
120	83	21	16
120	83	21	16
120	84	21	16
121	84	21	16
122	84	21	16
122	84	21	15
123	85	21	15
124	86	21	14
123	85	22	14
124	84	22	14
124	84	22	14
125	84	21	14
126	84	21	14
128	84	20	15
127	85	20	15
129	84	19	15
129	84	20	15
130	84	19	15
129	85	20	15
129	86	20	15
132	85	20	15
115	83	21	15
113	85	22	15
114	83	22	15
115	82	22	15
116	84	23	15
135	83	23	15
136	82	22	16
137	81	22	16
139	80	21	16
139	82	21	16
141	82	22	16
142	83	22	16
142	83	22	15
143	84	22	15
144	84	22	15
146	84	22	15
147	83	22	15
148	83	22	15
150	83	21	15
150	83	21	15
152	84	21	15
152	83	21	15
153	83	21	15
154	83	21	15
155	84	21	15
155	83	21	16
157	84	21	16
158	83	21	16
160	84	21	16
160	84	21	16
160	84	22	16
162	85	21	16
162	84	22	17
164	82	22	17
164	82	21	17
164	81	21	17
165	81	21	17
165	80	21	17
166	81	21	17
167	80	21	18
167	81	21	17
167	81	21	17
168	81	22	17
167	81	23	18
168	82	24	18
168	81	24	18
168	82	24	18
169	82	23	18
170	82	24	18
169	82	25	18
169	82	25	18
171	83	25	18
171	83	25	18
171	84	25	19
172	83	24	18
172	83	24	18
172	84	25	19
172	84	25	18
173	84	25	18
174	84	25	18
174	85	25	18
174	85	25	18
175	84	25	18
174	84	24	18
175	83	24	18
175	82	24	17
176	83	24	17
176	83	24	17
176	83	24	17
177	84	24	17
177	84	24	17
177	85	24	17
177	85	24	17
178	85	23	17
178	85	23	17
178	85	23	17
178	85	23	17
178	85	23	17
178	84	23	17
178	84	23	17
178	84	23	17
178	84	23	17
179	84	22	17
178	85	23	17
179	85	23	17
179	85	23	17
179	85	23	17
178	85	22	17
178	85	22	17
179	85	22	17
178	86	22	16
177	86	22	16
176	86	23	16
176	87	23	15
177	85	23	15
177	85	22	15
177	85	22	15
176	85	22	15
177	86	23	15
176	84	22	15
176	84	22	15
176	84	22	16
175	84	23	16
175	85	23	16
174	84	22	15
174	84	23	15
174	84	22	15
174	85	22	15
173	85	22	15
173	85	22	15
173	84	22	15
173	85	23	15
172	84	23	15
172	83	24	15
171	82	24	16
171	82	24	16
171	82	24	16
170	82	24	16
170	82	23	16
170	82	24	16
170	82	23	17
170	82	24	17
170	83	24	17
170	82	24	17
170	83	24	17
169	84	24	17
169	84	24	17
169	85	23	17
171	85	23	17
169	86	24	17
170	86	24	17
170	86	24	17
170	85	24	17
170	86	24	17
170	86	24	17
170	85	24	17
170	82	24	18
171	82	24	18
171	81	24	18
171	81	24	18
170	81	24	18
170	81	24	17
170	82	24	17
170	82	24	17
170	81	25	17
171	82	24	17
170	82	24	17
171	82	24	18
171	82	24	18
171	82	24	18
171	81	24	18
171	82	24	18
171	82	24	18
172	84	24	18
172	83	25	18
171	82	25	18
172	82	25	18
172	82	25	18
172	82	24	18
173	82	25	18
172	82	25	18
172	82	24	18
172	81	25	18
172	80	25	18
173	79	25	18
172	79	25	18
172	78	24	19
173	79	25	19
172	78	25	18
171	79	24	18
173	79	24	18
173	80	24	18
172	81	24	18
172	81	24	18
172	80	24	18
172	81	24	18
172	81	24	18
172	80	24	19
172	79	24	18
172	80	24	18
172	78	24	18
171	78	24	18
171	78	24	19
171	77	24	19
171	77	24	19
171	78	24	19
170	77	25	19
170	78	25	18
169	78	25	19
168	77	24	19
168	76	25	19
168	78	24	19
168	76	24	19
168	77	24	19
168	76	25	19
167	78	25	18
167	76	25	18
167	76	25	19
166	77	25	18
166	75	25	18
166	76	25	19
165	75	25	18
165	76	25	18
166	74	25	19
165	75	25	19
164	73	25	20
164	74	25	20
163	74	26	20
164	74	26	21
162	75	26	21
162	75	26	21
162	76	26	21
162	75	26	20
161	75	27	20
161	75	27	20
161	74	27	20
161	75	27	20
161	75	27	20
160	75	27	20
160	75	26	20
160	75	26	20
160	75	26	20
159	75	26	21
159	76	26	20
158	75	26	20
159	74	26	21
158	73	26	21
158	71	26	21
158	70	26	21
158	70	26	21
158	68	26	21
158	69	26	21
157	69	27	20
157	70	27	21
156	70	27	21
155	71	27	21
155	71	27	21
156	71	27	21
155	71	27	21
155	70	27	21
155	70	28	21
154	70	28	21
154	71	27	20
154	72	27	20
154	71	27	21
154	72	27	21
154	72	27	21
154	71	27	21
154	71	27	21
153	71	27	22
153	72	27	21
153	71	28	21
153	72	27	21
153	72	27	22
153	73	28	22
153	72	28	22
153	71	28	22
152	72	28	22
153	71	28	22
152	70	28	22
152	71	28	22
153	69	28	22
151	70	28	22
152	69	29	23
152	70	29	23
152	70	28	23
152	69	28	23
152	69	29	23
151	69	29	23
151	68	29	24
151	67	29	24
151	66	29	24
151	66	30	25
