164	121	27	24
163	121	26	23
164	120	27	23
164	121	27	23
165	121	27	23
166	121	26	23
165	120	26	23
166	120	26	23
166	121	26	23
166	121	26	23
166	121	27	23
166	121	27	23
167	121	27	23
168	121	27	23
168	122	26	23
168	121	26	23
168	121	27	23
168	121	27	23
169	122	27	23
169	121	27	23
169	121	26	23
170	121	26	23
170	122	26	23
170	122	27	23
170	122	27	23
171	121	27	23
170	122	27	23
170	121	27	23
170	120	27	23
170	119	27	23
170	119	27	23
169	120	27	23
169	121	27	23
169	122	27	23
170	122	27	23
169	122	27	23
169	122	27	23
169	121	27	23
169	121	27	23
169	121	27	23
169	121	27	23
169	121	27	23
169	121	27	23
168	123	27	23
168	124	27	23
168	124	27	23
168	125	27	23
168	125	27	23
167	125	27	23
168	125	27	23
168	125	27	23
168	125	27	23
167	124	27	23
168	123	27	23
168	123	27	22
167	123	27	22
167	123	27	23
168	123	28	22
167	124	27	23
167	124	27	23
167	124	27	23
167	123	27	23
167	124	28	23
167	124	28	23
167	123	28	23
168	123	28	23
167	123	28	23
168	122	28	23
167	122	28	23
167	122	28	23
167	122	28	23
167	122	28	23
167	124	28	23
167	123	28	23
167	124	28	23
167	123	28	23
167	123	28	23
168	124	28	23
168	123	28	23
168	122	28	24
168	122	28	23
168	121	28	24
169	122	27	24
169	121	27	24
169	121	27	24
169	121	27	24
169	121	27	24
170	121	27	24
169	122	28	24
170	122	28	24
170	122	28	24
170	123	28	24
169	121	28	24
170	120	28	24
170	121	28	25
171	121	28	25
171	122	28	25
171	121	28	25
171	122	29	25
171	122	29	25
171	121	30	25
171	122	30	25
172	122	30	25
172	122	30	25
171	122	30	25
172	122	30	25
173	122	30	25
173	122	30	25
173	120	30	25
173	120	29	25
173	120	29	25
173	121	29	25
174	121	29	25
174	121	29	25
174	121	28	26
174	122	28	25
174	121	28	25
174	123	28	25
174	122	28	25
174	123	28	25
174	121	28	25
173	122	28	25
174	121	29	24
173	121	29	25
173	122	29	24
173	122	29	24
172	122	29	24
172	123	29	24
172	124	29	24
172	124	29	24
172	124	29	24
172	125	29	24
172	125	29	24
172	124	29	24
173	123	29	24
173	123	29	24
173	122	29	24
173	122	28	24
173	122	28	24
172	122	28	24
173	122	28	24
173	123	28	24
173	122	28	24
172	121	28	24
172	120	28	24
172	121	28	24
172	120	28	24
172	121	28	24
172	120	28	24
171	120	28	24
172	120	28	24
171	120	28	24
171	121	28	25
171	121	28	25
171	121	28	25
171	121	28	25
171	123	29	25
171	123	29	25
171	124	29	25
170	123	29	24
171	122	29	24
171	122	29	24
171	122	29	24
171	122	29	24
171	122	29	24
170	122	29	24
170	123	29	24
171	123	29	24
169	124	30	24
170	124	30	24
170	123	30	24
170	124	30	24
169	123	30	24
169	122	30	24
169	124	31	24
169	122	30	24
168	121	30	25
169	120	31	25
168	121	31	25
168	121	31	25
168	119	30	25
168	119	30	25
168	119	30	25
168	119	30	25
167	119	30	25
168	118	31	25
168	120	31	25
168	119	30	25
167	119	30	25
166	119	30	25
166	118	31	25
166	118	30	25
167	117	30	25
166	117	30	25
166	117	31	25
165	117	31	25
164	117	31	25
164	117	31	25
165	117	31	25
164	117	31	25
163	116	31	25
164	114	31	24
163	115	31	24
163	115	31	24
163	115	31	24
163	116	31	24
162	115	31	24
163	116	31	24
163	117	31	24
162	117	31	24
162	117	31	24
161	117	31	24
161	118	31	24
161	119	31	25
161	119	31	25
161	121	31	25
160	121	32	25
161	122	31	25
160	122	31	25
160	123	31	25
159	122	31	26
159	121	31	26
159	120	32	26
158	119	32	26
158	119	32	26
158	119	32	26
158	119	32	26
158	119	32	26
158	118	32	26
158	118	32	26
158	118	31	26
158	118	31	26
158	117	32	26
158	117	32	26
158	118	31	26
157	118	31	26
158	117	32	26
158	117	32	26
159	116	32	27
158	115	32	27
158	115	32	26
159	114	32	26
159	116	32	26
159	115	32	26
159	114	32	26
159	115	32	27
159	115	32	27
159	114	32	27
159	113	32	27
159	113	32	27
159	113	32	26
159	112	33	27
159	111	32	27
159	112	33	27
159	112	33	27
160	112	33	27
160	114	33	27
161	114	32	27
161	115	32	27
160	114	33	27
161	115	33	27
161	113	33	27
161	113	32	27
161	114	32	27
162	113	32	27
161	113	32	27
162	113	33	27
162	113	33	27
162	113	32	27
162	113	32	27
163	113	32	27
163	113	32	27
163	112	32	28
164	113	32	28
163	114	33	28
165	113	33	28
165	114	33	28
165	114	33	28
165	114	33	28
165	115	33	28
166	114	33	28
166	114	33	28
166	113	33	28
167	114	33	28
167	115	33	27
167	115	33	27
167	115	33	27
167	115	32	27
169	115	33	28
168	114	33	28
169	114	33	28
168	116	33	28
168	116	33	27
169	115	33	28
170	115	33	28
170	115	33	27
170	117	33	27
171	117	33	27
170	116	33	27
171	116	33	27
171	114	33	28
172	115	33	28
172	115	33	28
171	115	33	28
170	116	33	28
171	116	33	28
171	116	33	28
170	117	33	27
171	117	33	27
171	116	33	27
171	117	33	27
171	116	33	28
171	116	33	28
171	116	33	28
171	117	33	28
171	117	33	28
171	117	33	28
170	118	33	28
170	118	33	28
171	118	33	28
170	119	33	28
170	118	33	28
171	117	34	28
170	117	34	28
171	117	34	28
170	117	34	28
170	118	34	28
170	117	34	28
170	116	34	28
170	116	34	28
170	116	34	28
170	116	33	28
170	115	34	28
170	115	34	28
170	116	34	28
169	116	34	28
169	116	34	28
168	116	33	28
169	118	34	28
168	118	33	28
168	117	33	28
168	117	33	28
167	118	33	28
167	118	33	28
166	117	33	28
166	117	33	28
165	116	33	28
165	117	33	28
165	118	33	28
164	119	34	28
163	118	34	28
163	118	33	28
162	117	33	28
161	118	34	28
160	118	34	28
161	117	33	28
160	117	33	28
160	117	34	28
160	117	34	28
160	118	34	28
160	118	34	28
160	117	34	28
159	117	34	28
159	117	34	28
159	117	34	28
159	117	34	28
159	117	34	28
160	116	34	28
160	117	34	28
160	116	34	28
160	117	34	28
160	116	34	28
160	117	34	28
160	116	34	28
161	116	34	28
161	116	34	28
161	117	34	28
161	117	34	28
161	116	34	28
161	116	34	28
161	115	34	28
161	116	34	29
161	116	34	29
161	116	34	29
161	116	34	29
161	116	34	29
161	117	34	29
161	117	34	29
161	117	35	29
161	116	35	29
161	115	34	29
162	115	34	29
161	115	35	29
162	116	35	29
162	117	35	29
162	118	35	29
162	117	34	29
163	117	34	29
162	119	35	29
162	118	35	29
162	118	35	29
162	117	35	29
162	118	35	29
162	119	35	29
162	118	35	29
162	117	35	29
163	118	35	29
162	117	35	29
162	117	35	29
162	119	35	29
162	119	35	29
162	118	35	29
161	119	35	29
162	117	35	29
162	118	36	30
162	118	36	29
162	118	36	29
162	117	36	29
162	117	36	29
162	117	36	29
162	117	36	30
162	117	36	30
162	117	35	30
163	117	36	30
163	118	36	30
164	118	36	30
163	118	36	30
164	118	36	30
164	117	36	30
164	116	36	30
163	116	36	30
163	118	36	30
163	118	36	30
163	118	36	30
164	117	36	30
163	118	36	30
163	118	36	31
163	118	36	31
163	118	36	31
162	118	36	30
163	118	36	30
163	118	36	31
162	119	36	30
162	119	36	30
162	118	36	31
161	118	36	30
161	117	36	31
160	118	37	31
160	119	37	31
161	118	37	31
160	117	37	31
160	118	37	31
159	119	37	31
158	119	37	31
158	118	37	31
157	117	37	31
157	118	37	31
156	119	37	31
156	118	37	31
156	119	37	31
156	119	37	31
155	118	37	32
155	118	37	32
154	119	37	32
154	120	37	31
153	119	37	31
153	120	37	31
152	119	37	31
153	120	37	32
151	119	37	31
151	119	37	32
151	118	37	32
150	119	37	32
150	118	37	32
150	119	37	32
148	119	37	32
148	118	37	32
147	118	37	32
145	117	37	32
145	116	38	33
142	118	39	32
141	117	39	32
140	116	40	33
140	115	40	34
140	115	40	34
139	116	40	34
138	114	40	35
137	115	40	35
137	114	41	35
137	114	41	35
136	114	40	35
136	114	41	36
136	115	40	36
136	114	40	36
135	114	40	36
135	113	40	36
134	114	41	36
134	114	41	36
134	115	41	36
134	113	41	36
133	113	41	36
133	112	41	37
133	112	41	37
132	112	41	37
133	112	42	37
132	113	43	37
132	113	43	36
131	114	43	36
131	114	43	36
129	114	44	36
130	114	44	36
129	114	44	36
129	115	44	36
128	115	44	35
128	115	44	35
127	116	43	34
127	116	43	34
127	116	42	34
127	117	41	33
127	117	41	33
126	118	41	33
125	118	40	33
125	117	40	33
125	117	40	33
125	117	40	33
125	117	40	33
124	117	40	33
123	116	40	33
122	116	41	33
122	116	40	34
121	117	40	34
121	117	40	34
121	116	40	34
121	116	40	34
120	116	40	34
119	115	41	34
118	116	41	34
119	116	41	34
118	116	41	35
117	115	41	35
116	115	41	34
115	115	41	34
116	115	41	34
115	115	41	34
114	115	41	34
113	114	41	35
113	115	41	35
113	115	40	35
111	116	40	35
112	116	40	35
110	116	41	35
111	116	41	35
108	116	41	35
107	116	41	35
107	116	41	35
108	115	41	35
107	115	41	35
107	115	41	35
105	114	42	36
104	116	43	36
105	115	44	36
102	115	44	36
104	115	43	36
103	115	43	37
104	115	43	37
102	115	43	36
103	114	42	36
103	114	43	37
102	114	42	37
102	115	43	37
101	114	43	37
101	114	43	37
101	115	43	38
100	114	44	38
99	114	45	38
99	113	45	38
98	112	45	38
97	113	46	38
98	113	46	38
97	113	46	38
96	114	46	38
96	114	46	38
96	115	47	38
96	114	47	39
96	112	48	39
96	113	47	39
96	113	47	39
96	112	47	39
96	112	47	39
96	112	47	39
96	112	47	39
96	112	47	39
95	111	47	39
95	113	47	38
95	112	47	39
95	112	47	39
96	111	46	39
95	111	46	39
95	111	46	39
95	112	46	39
95	112	46	39
95	113	45	38
95	112	45	38
95	113	45	38
96	112	45	38
95	113	45	38
96	111	45	39
95	112	44	39
96	113	44	39
95	112	44	39
96	113	44	39
96	113	44	39
95	112	44	39
96	112	44	39
96	112	43	39
96	111	43	39
96	110	43	39
95	112	43	38
96	112	44	39
95	112	44	39
96	112	43	38
95	112	43	38
95	112	43	38
95	111	43	38
96	111	43	38
96	111	43	38
95	112	43	39
95	112	43	38
95	112	43	38
95	112	43	38
95	112	43	39
95	112	44	38
95	112	44	39
95	111	44	38
94	111	43	38
95	111	43	38
95	111	43	38
95	111	43	38
95	111	43	38
94	111	43	39
94	111	43	38
94	111	43	38
95	111	43	38
95	112	43	38
95	112	43	38
95	112	43	38
94	111	43	38
94	111	43	38
94	112	43	38
94	111	43	38
94	111	43	38
93	111	43	38
94	112	43	38
93	111	43	38
93	111	43	38
93	113	43	38
93	113	43	38
93	113	43	38
93	112	43	38
92	114	42	38
93	114	42	37
93	114	42	37
92	114	42	37
92	114	42	37
92	114	42	37
92	114	42	37
92	115	42	37
91	114	42	37
91	115	42	38
91	115	42	38
91	114	42	38
91	113	42	37
90	113	42	38
90	114	42	37
90	115	42	37
90	114	42	37
89	114	42	38
89	114	42	37
89	114	42	37
89	114	42	38
88	114	42	38
88	115	42	38
88	115	42	37
88	115	42	37
88	114	42	37
87	115	42	38
88	115	42	38
87	115	42	38
87	114	42	39
88	115	42	38
88	116	42	38
87	116	42	38
87	115	42	38
86	114	42	38
87	114	42	38
87	113	42	38
86	115	42	38
87	114	42	38
87	115	42	38
87	114	43	38
86	115	42	38
86	115	42	38
86	115	42	38
86	115	42	38
86	114	43	38
86	112	43	38
86	112	43	38
87	113	43	38
86	114	43	38
86	113	43	38
86	113	43	38
86	114	43	37
86	113	43	37
86	112	43	38
86	112	43	38
87	112	43	37
86	113	43	37
87	113	43	37
86	112	43	37
86	113	42	37
87	113	43	37
87	113	43	37
87	113	43	37
86	112	43	37
86	113	43	37
87	113	43	37
87	113	42	37
88	112	43	37
87	112	43	37
88	111	43	37
87	113	43	37
88	113	43	37
89	114	43	37
88	113	43	37
89	113	43	36
89	113	43	36
89	114	43	36
90	114	43	36
89	115	43	36
89	114	43	36
91	114	43	36
91	114	43	36
90	114	43	36
90	114	43	36
90	114	43	36
91	114	43	36
92	113	43	36
91	115	43	36
91	115	43	36
92	115	43	36
91	115	43	36
92	114	43	36
92	115	43	35
93	115	43	35
92	115	43	35
92	115	43	35
92	115	43	35
93	115	43	35
93	115	43	35
93	115	43	35
94	116	43	35
93	116	43	35
93	115	43	35
94	115	44	35
94	116	44	35
94	115	44	35
93	115	43	36
94	115	43	36
94	115	43	36
94	115	43	35
95	115	43	35
95	115	43	35
94	116	43	35
95	116	43	35
95	116	43	35
95	115	43	35
95	115	43	35
95	116	43	35
96	116	43	35
95	117	43	35
95	115	43	35
96	114	43	35
95	115	42	35
96	114	42	35
96	115	42	35
96	115	41	36
96	115	41	36
97	115	42	36
97	115	42	36
97	116	42	36
97	116	41	36
98	115	41	36
98	115	41	36
98	114	41	36
98	117	41	35
99	116	41	35
99	116	41	36
99	115	41	36
99	114	41	36
99	114	41	36
99	115	41	36
99	115	41	36
100	115	40	35
99	115	40	35
99	115	40	35
99	115	40	35
99	115	40	35
98	115	40	35
99	115	40	35
98	115	40	35
99	115	40	35
98	115	40	35
98	116	40	35
98	115	41	35
98	115	40	35
98	115	41	35
99	116	41	35
98	116	41	35
98	116	41	35
98	116	41	35
98	116	41	36
97	115	41	36
98	115	41	36
97	115	41	36
97	115	41	36
98	114	41	36
98	115	40	36
98	115	40	36
97	116	40	36
97	117	40	37
98	116	40	37
97	115	40	37
97	115	40	37
97	115	40	37
97	115	41	37
98	116	41	37
97	116	40	37
97	115	41	37
97	116	41	37
98	117	41	37
97	117	41	37
98	117	41	37
97	117	41	38
97	116	41	38
97	116	41	38
97	116	41	37
97	117	41	37
97	117	41	37
97	117	41	37
97	116	41	37
97	116	41	38
97	116	41	38
96	116	41	38
96	116	41	37
96	115	41	37
96	116	41	37
96	115	41	38
96	115	41	38
96	116	41	38
96	116	41	37
96	115	41	38
96	116	41	37
96	115	41	37
96	117	41	37
96	116	41	37
96	116	41	38
96	115	41	38
96	115	41	38
96	115	41	38
96	115	41	37
97	115	41	38
96	115	41	38
96	115	41	38
96	115	41	38
96	115	41	38
96	115	41	38
96	115	41	38
96	115	41	38
95	115	41	38
95	115	41	38
96	116	41	38
96	116	41	38
95	114	41	38
96	114	41	38
96	114	42	38
96	115	42	38
96	116	42	38
96	115	42	38
96	115	42	38
96	116	42	38
95	116	42	38
95	116	42	38
95	116	42	38
96	116	42	38
95	117	42	38
95	117	42	38
95	117	42	38
95	118	42	38
95	118	42	38
94	118	42	38
94	116	42	38
95	116	42	38
94	116	42	37
94	116	42	37
94	117	43	37
94	117	43	38
94	118	43	37
94	118	43	37
94	118	43	37
93	118	43	37
94	117	43	38
93	117	43	38
93	116	43	38
93	116	43	38
93	117	43	38
93	116	43	38
93	116	43	38
93	115	43	38
93	116	43	38
93	116	43	38
93	116	43	38
94	116	43	37
93	115	44	37
93	115	44	37
94	115	44	37
93	115	44	37
92	115	44	37
93	115	44	37
93	115	44	37
93	116	44	37
93	115	44	37
93	116	44	38
94	116	44	37
93	115	44	38
94	114	44	38
94	114	44	38
95	114	44	38
94	114	44	38
95	114	44	38
94	115	44	38
94	115	44	38
96	114	44	38
95	115	44	38
95	114	44	38
95	115	44	37
95	115	44	37
95	114	44	37
95	114	44	38
96	115	44	37
96	115	44	38
96	115	44	38
97	115	44	38
97	116	44	38
99	116	44	38
98	116	44	38
99	116	44	38
98	116	44	38
99	116	44	38
99	116	44	38
98	117	45	38
99	116	45	38
98	117	44	38
100	116	44	38
99	115	44	39
99	116	44	39
99	115	44	39
100	115	44	39
100	115	44	39
99	115	44	39
100	115	44	39
99	115	44	39
100	114	44	39
99	114	44	39
100	115	44	39
100	114	44	39
100	114	44	39
101	114	44	39
101	114	44	39
101	114	44	39
100	115	45	39
101	114	45	39
101	113	45	39
101	114	45	39
100	114	45	39
101	113	44	39
101	113	44	39
101	113	44	39
101	114	44	39
100	115	44	39
100	115	44	39
100	116	44	39
100	115	44	39
99	117	44	39
100	116	45	39
99	117	44	39
99	117	45	39
99	117	45	39
98	117	45	39
98	118	45	39
97	118	45	39
95	118	45	39
95	117	45	39
95	116	45	39
94	117	45	39
94	118	45	40
93	118	45	40
92	118	45	40
93	118	45	40
91	118	45	40
93	118	45	40
92	117	45	40
91	117	45	40
91	117	45	40
91	117	45	40
90	117	45	40
90	118	45	40
89	118	45	40
90	118	45	40
88	118	45	40
88	118	45	40
89	117	45	40
88	117	45	40
88	117	45	39
88	117	45	39
87	117	46	40
87	117	46	39
87	117	45	40
86	117	46	39
86	116	46	39
86	116	46	40
85	116	46	40
85	116	45	40
85	116	45	40
86	116	45	40
86	116	45	40
85	116	45	40
85	115	46	40
85	116	46	40
84	116	46	40
85	116	46	40
84	116	46	40
84	115	46	40
84	116	46	40
84	115	46	40
84	116	46	40
84	116	46	40
84	117	46	40
84	117	46	40
84	116	46	40
85	115	45	40
84	116	46	40
84	117	46	40
84	117	46	40
84	117	46	40
85	117	46	40
84	118	46	40
85	119	46	40
84	119	46	40
85	119	46	40
85	119	46	40
84	119	46	40
84	119	47	40
85	119	47	40
84	119	47	40
85	119	47	40
84	120	47	40
85	119	47	40
85	119	47	40
85	120	46	40
86	120	46	40
85	120	46	40
85	119	46	40
86	117	46	40
85	118	46	40
85	117	46	40
85	118	47	40
85	118	47	40
86	117	46	40
85	118	46	40
85	118	46	40
85	118	47	40
85	118	47	40
85	119	47	40
85	119	47	40
85	117	47	40
84	117	47	40
84	118	47	40
84	117	47	40
83	116	47	40
84	116	47	40
83	116	47	40
83	117	47	40
83	117	47	40
83	117	47	40
83	117	47	40
83	117	47	40
83	117	47	40
82	117	47	40
82	117	47	40
82	117	47	40
82	117	47	40
82	116	47	40
82	117	47	41
81	118	47	41
81	116	47	41
81	116	47	40
81	116	48	40
81	117	47	40
80	117	48	40
81	117	48	40
81	117	47	40
81	117	48	40
81	116	48	40
80	116	48	40
80	116	48	40
80	116	48	40
80	116	48	40
81	116	48	40
80	116	48	40
80	115	48	40
80	116	47	41
80	116	48	41
80	117	48	41
79	117	48	41
79	117	48	41
80	117	48	41
80	117	48	41
80	117	48	41
79	117	48	41
80	117	48	41
79	117	48	41
80	117	47	41
79	117	47	41
79	117	47	41
79	117	47	41
80	118	48	41
79	117	48	41
79	117	48	41
79	117	48	41
79	117	48	41
79	117	48	41
79	116	47	41
79	117	47	41
79	117	47	41
80	117	47	41
79	117	47	41
80	117	47	41
79	117	47	41
80	117	47	41
80	117	47	41
80	118	47	41
80	118	47	41
80	117	47	41
81	116	47	41
81	116	47	41
81	116	47	41
81	116	47	41
81	116	47	41
81	116	47	41
81	116	47	41
81	117	47	41
81	117	47	41
81	117	47	41
81	117	47	41
81	117	47	41
82	116	47	41
81	116	47	41
81	117	47	41
82	117	47	41
81	118	47	41
81	118	47	41
81	118	47	41
81	119	47	41
81	118	47	41
81	118	47	41
82	117	47	41
82	117	47	41
81	117	47	41
81	118	47	41
81	117	47	41
80	117	47	41
81	117	47	41
81	118	47	41
81	118	47	41
81	118	47	41
81	118	47	41
80	119	47	41
80	118	47	41
81	118	47	41
81	118	47	41
81	118	47	41
81	117	47	41
80	117	47	41
80	117	47	41
81	117	47	41
80	117	48	41
80	117	48	41
80	117	47	41
80	117	47	41
81	117	47	41
80	117	47	41
80	117	47	41
80	118	47	41
80	119	47	41
80	118	47	41
80	117	47	41
80	118	47	41
80	119	47	41
81	119	47	41
80	119	47	41
80	118	47	41
81	118	47	41
81	119	47	41
80	119	47	41
80	119	47	41
80	119	47	41
81	119	47	41
81	118	47	41
81	119	47	41
81	118	47	41
82	119	47	41
82	118	47	42
82	118	47	41
81	118	47	41
82	118	47	41
82	118	47	42
82	118	47	41
82	118	47	41
83	117	47	41
83	116	47	41
82	117	47	41
82	117	47	41
83	117	47	41
83	118	47	42
83	118	47	42
83	118	47	41
84	118	47	41
84	118	47	41
84	117	47	41
84	117	47	41
84	116	47	41
84	116	47	42
84	117	47	42
84	117	47	42
84	118	47	42
84	117	47	42
84	117	47	42
84	117	47	42
85	118	47	42
85	118	47	42
84	118	47	42
85	118	47	42
85	118	47	42
85	117	47	42
85	117	47	42
86	118	47	42
86	118	47	42
85	117	47	42
86	118	47	42
86	118	47	42
86	119	47	42
86	117	47	42
86	118	47	42
86	117	47	42
86	117	47	42
86	117	47	42
86	117	47	42
86	118	47	42
86	118	47	41
86	117	48	42
86	117	48	41
86	117	48	41
87	117	47	42
87	119	48	41
87	118	47	41
87	117	47	41
87	116	47	41
86	116	48	42
87	116	48	42
86	117	48	41
86	116	48	42
86	117	47	42
86	118	47	42
87	117	47	42
87	116	47	42
86	116	47	42
86	116	47	42
87	116	47	42
86	116	47	42
86	117	47	42
86	117	48	41
86	116	48	42
86	116	47	42
86	115	47	42
86	117	48	42
86	116	48	42
86	117	47	42
85	116	47	42
85	116	47	42
85	117	47	42
85	117	47	42
85	117	46	42
85	117	47	42
85	116	47	42
85	116	47	42
85	116	47	42
85	118	47	42
85	117	47	42
84	116	47	43
85	116	47	43
85	116	47	43
85	116	47	43
84	116	47	43
85	117	46	43
85	117	46	43
84	116	46	43
85	116	47	43
85	118	46	42
84	118	47	43
84	117	47	42
84	116	47	42
85	116	47	42
84	117	47	42
84	117	47	42
84	117	47	42
84	117	47	42
84	117	47	42
84	116	47	42
84	117	47	43
84	118	47	42
85	118	47	42
84	118	47	42
84	118	47	42
84	117	47	42
85	117	47	42
84	117	47	42
84	117	47	42
84	117	47	42
84	117	47	41
84	117	47	41
84	117	47	41
83	118	47	41
83	118	47	41
85	118	46	41
84	118	47	41
83	117	47	41
84	117	47	41
84	118	47	41
84	117	47	40
83	116	47	41
84	116	47	41
84	116	46	41
84	117	46	41
84	118	47	41
84	117	47	41
84	116	47	41
84	117	47	40
84	118	47	40
84	118	47	40
85	117	47	40
84	117	46	40
84	116	46	40
84	116	47	40
83	115	47	40
83	114	47	40
84	116	47	40
84	115	47	40
83	116	46	40
83	116	46	40
84	117	46	40
83	117	46	41
82	117	47	41
83	117	46	41
84	117	46	41
83	117	46	41
83	117	46	41
82	117	47	41
83	117	46	41
82	117	46	41
82	117	46	41
81	117	46	41
81	117	46	41
82	117	45	41
80	118	46	41
81	117	45	40
81	117	46	41
80	116	46	40
80	116	46	41
79	116	46	41
80	116	46	40
78	116	47	40
78	116	47	41
78	116	47	41
78	116	47	41
78	116	46	41
77	116	46	41
77	115	46	41
77	116	46	40
77	117	46	40
77	118	46	40
77	118	46	40
76	118	45	40
75	118	45	41
76	116	45	41
75	117	45	41
75	116	46	41
74	116	45	41
74	116	45	41
74	117	45	41
74	116	45	41
73	117	45	40
74	118	44	40
73	118	44	40
72	118	45	40
73	118	45	40
71	118	45	40
71	119	45	40
71	119	45	40
71	118	45	40
71	117	45	40
70	116	45	40
69	116	45	40
69	117	44	40
69	116	44	40
68	116	44	40
68	115	45	40
67	115	44	40
66	115	45	40
66	115	45	39
65	115	45	39
64	116	45	39
65	115	45	39
64	115	45	39
63	115	45	39
64	115	45	39
64	115	45	39
63	114	45	39
63	113	46	39
62	112	46	39
62	113	46	39
62	113	46	39
62	114	46	39
61	114	46	39
60	114	46	39
62	113	46	39
60	112	46	39
60	113	46	39
60	113	46	39
60	112	46	39
59	113	46	39
59	114	46	39
59	114	46	39
59	114	46	38
58	112	46	38
58	112	46	38
59	112	46	39
58	112	46	39
58	113	46	39
57	112	46	39
57	113	46	38
57	111	46	39
57	112	46	39
56	111	47	39
56	112	46	39
56	112	46	39
56	111	46	38
56	111	46	38
57	111	46	39
56	113	46	38
56	112	46	38
55	112	46	38
56	112	46	38
55	113	46	38
55	113	46	38
55	113	46	38
55	113	46	38
54	113	46	38
55	112	46	38
54	113	46	38
54	113	46	38
55	113	45	38
55	113	45	38
53	113	46	38
54	112	46	38
53	111	46	38
53	112	46	38
53	112	46	38
52	113	45	38
53	113	45	38
52	113	45	38
52	113	45	38
51	113	45	37
52	113	46	37
52	113	45	37
51	113	45	37
51	113	45	37
51	113	46	37
51	113	45	37
50	113	45	37
51	114	45	37
51	114	45	37
50	113	45	37
50	114	45	37
50	115	45	37
50	115	45	37
50	114	45	37
50	114	44	37
50	114	44	37
50	114	44	37
51	115	44	38
51	114	43	37
50	115	44	38
50	114	44	37
49	114	44	38
50	114	43	38
50	114	43	38
50	114	43	38
50	114	44	38
50	113	43	37
50	113	43	37
49	113	43	37
50	114	43	37
50	114	43	37
49	114	43	37
50	113	43	37
50	113	43	37
50	112	43	37
51	112	43	37
50	112	43	37
51	112	43	37
51	112	42	37
50	113	42	37
51	112	42	37
52	112	42	37
51	112	42	36
51	112	42	36
51	112	42	36
51	112	43	36
50	113	42	36
51	113	42	36
52	113	42	36
52	113	42	36
51	112	42	36
52	113	42	36
52	113	42	36
51	114	42	36
52	115	42	36
52	114	42	36
52	115	42	36
52	114	42	36
52	115	42	36
53	115	42	36
53	115	42	36
53	115	41	35
53	116	42	35
53	116	42	35
53	116	42	35
53	116	42	34
53	116	42	34
52	116	42	34
53	116	42	35
53	115	42	35
53	116	42	35
53	117	42	35
54	115	41	35
53	116	41	35
54	115	41	35
54	115	41	36
53	115	41	36
53	114	41	36
53	114	41	36
52	113	42	36
52	112	42	36
53	113	42	36
53	114	42	36
53	115	42	36
53	114	42	36
53	114	42	36
54	115	42	36
53	114	42	36
53	114	42	36
54	115	42	36
54	114	42	36
55	114	42	36
54	114	42	36
53	114	42	36
55	114	42	36
55	114	41	36
55	114	42	36
55	115	42	36
55	115	41	35
55	115	42	35
56	116	42	35
56	115	42	35
56	114	42	36
55	113	42	35
56	113	41	35
56	114	41	35
55	114	42	35
56	114	42	35
56	113	42	35
55	114	42	35
55	114	42	35
56	114	42	35
57	115	42	35
56	114	42	35
56	114	42	35
57	113	42	35
57	113	42	35
57	113	42	35
58	114	41	35
58	114	41	35
59	114	41	35
59	114	41	35
58	114	41	35
59	114	41	35
59	115	42	35
60	114	42	35
59	115	41	35
60	115	41	35
60	115	41	36
59	115	41	35
59	115	41	35
60	115	41	35
60	115	41	36
60	115	41	35
60	115	41	35
59	116	41	35
60	115	41	35
60	115	41	35
61	114	40	35
60	114	41	35
60	114	41	35
60	113	41	35
60	113	41	36
59	113	41	35
60	112	41	35
61	112	40	35
59	113	41	36
60	113	40	36
60	113	40	36
60	113	40	36
61	112	40	35
61	113	39	35
60	114	39	35
60	115	39	35
61	114	39	35
60	116	39	35
60	115	39	35
60	116	39	35
59	115	39	35
59	114	39	35
59	114	39	35
59	113	40	35
59	114	40	35
59	113	40	35
59	113	40	35
59	112	40	35
59	112	40	35
58	111	41	35
58	112	41	35
58	113	41	35
58	113	41	35
58	114	41	35
58	114	41	35
59	113	41	35
58	115	41	35
59	115	41	35
59	115	41	36
60	115	41	36
59	115	41	36
59	116	41	36
59	116	42	36
60	116	42	35
60	115	41	35
60	116	42	35
60	115	41	35
60	115	41	35
61	114	42	35
60	115	42	35
60	114	43	35
60	114	44	35
59	114	44	35
59	114	44	36
59	114	43	36
59	114	42	35
60	114	43	36
59	115	42	36
59	115	42	36
60	114	41	35
60	115	40	35
60	116	40	35
61	117	39	35
61	116	39	35
60	116	39	34
62	116	39	34
61	117	39	34
61	117	39	34
62	117	39	34
61	116	40	34
62	116	40	34
61	116	40	34
62	116	40	34
61	115	39	34
62	115	40	35
62	115	40	35
62	115	40	35
63	116	40	35
63	116	40	35
62	116	40	35
63	116	40	35
62	116	40	35
62	116	40	35
63	116	40	35
63	116	40	35
62	116	40	35
63	115	40	35
63	115	40	35
63	115	40	36
63	116	40	35
63	115	40	36
63	115	40	36
62	114	40	36
62	113	41	37
62	115	41	36
63	115	41	36
63	115	41	36
62	115	41	36
62	115	41	36
62	117	41	36
63	116	41	36
63	116	40	36
63	116	41	36
63	115	40	36
62	115	40	36
62	116	41	36
62	116	41	36
62	116	41	36
61	117	41	35
62	116	41	36
62	116	41	36
61	116	41	36
62	117	41	36
62	117	41	36
62	116	41	37
62	116	41	37
62	115	41	37
61	116	41	37
61	116	41	37
61	116	41	37
61	115	41	37
61	115	41	37
60	115	41	37
61	115	41	37
61	113	41	37
60	113	41	37
60	112	41	37
60	112	41	37
60	113	41	37
60	113	41	37
59	114	42	37
59	114	42	37
58	114	42	37
59	115	43	37
59	115	42	37
60	114	42	37
60	115	42	37
60	114	42	37
60	114	42	37
60	114	42	37
59	114	42	37
59	114	42	37
60	113	42	36
60	114	41	36
59	113	41	36
59	113	41	36
59	113	41	36
59	113	42	36
58	113	41	36
59	113	42	36
59	113	42	37
59	115	42	37
59	114	42	37
59	115	42	37
59	115	42	37
59	115	42	37
59	115	42	37
59	115	43	37
59	115	43	37
59	115	42	37
59	115	42	37
59	114	42	37
59	113	42	38
59	112	42	38
59	113	43	38
59	113	43	37
59	114	43	38
58	113	44	38
59	114	43	38
59	115	44	38
59	115	44	38
59	116	44	38
59	116	44	38
60	115	44	38
61	114	44	38
60	112	44	38
61	111	44	38
61	110	44	38
61	110	45	39
61	110	45	39
61	110	44	39
62	111	44	39
63	111	44	39
62	112	44	39
62	110	44	39
62	111	44	39
63	111	44	39
63	111	44	39
63	111	44	39
64	111	44	39
62	111	44	39
64	111	44	39
64	111	44	39
64	112	44	39
63	112	44	39
64	112	44	38
64	111	44	39
64	111	43	39
64	112	43	38
64	111	43	39
65	111	43	39
64	111	43	39
65	111	43	39
64	111	43	39
65	111	44	39
64	110	44	39
65	111	44	39
65	111	44	39
65	111	44	39
64	112	44	39
65	113	44	39
65	113	44	39
65	112	44	39
65	112	44	39
66	112	44	39
65	111	44	39
65	112	44	39
66	113	45	39
67	113	44	39
67	114	44	39
68	114	44	39
68	114	44	39
68	115	44	38
68	114	44	38
68	113	44	39
68	114	44	38
68	114	44	39
67	115	44	39
66	113	44	39
67	113	45	39
67	114	45	39
66	114	44	39
66	113	44	39
66	115	44	39
67	115	44	39
66	115	44	38
66	114	44	38
66	114	43	38
66	115	44	38
65	115	43	38
66	115	44	38
66	115	44	38
66	116	44	38
66	115	44	38
66	115	44	38
66	115	43	38
66	116	43	38
66	116	43	38
67	116	43	38
67	115	43	38
67	114	43	38
67	114	43	39
67	114	44	39
67	115	44	39
67	116	44	39
66	115	44	39
67	115	44	39
67	115	44	39
67	115	44	39
67	115	44	39
68	115	44	39
68	114	44	39
68	113	44	39
68	114	44	39
68	114	44	39
68	114	43	39
68	114	44	38
69	113	43	38
68	114	43	38
68	114	43	39
68	115	43	39
68	114	44	39
68	114	43	39
68	113	43	39
68	113	43	39
68	113	43	39
67	113	43	39
68	114	44	39
68	113	43	39
68	113	43	39
68	113	43	39
67	115	43	39
68	115	44	39
67	115	44	39
67	114	44	39
67	113	44	39
67	113	44	39
67	113	44	39
67	114	44	39
66	115	44	39
66	114	44	39
65	114	44	39
65	113	44	39
64	114	44	39
64	114	44	39
64	113	44	39
64	113	44	40
65	113	44	40
64	112	44	40
63	113	44	40
65	113	45	40
64	113	44	40
64	114	44	40
65	114	45	40
65	114	44	40
66	114	44	40
66	112	44	41
67	112	44	40
67	111	44	41
67	111	45	41
67	111	45	41
68	113	45	40
68	113	45	40
68	113	45	40
69	114	45	39
69	112	45	40
70	113	45	40
70	114	45	39
71	115	45	39
71	113	44	39
71	114	44	39
72	114	44	39
71	115	44	39
72	115	44	39
72	114	44	39
72	115	45	39
72	114	45	39
72	113	45	40
72	115	45	39
72	114	45	39
72	115	45	39
72	114	45	40
73	114	45	40
73	113	45	40
73	116	45	39
73	117	45	39
73	117	45	39
72	116	45	40
72	115	45	40
73	116	45	40
73	113	45	40
73	113	45	40
72	111	44	40
72	110	45	40
72	110	45	40
72	110	45	40
71	110	45	40
71	109	45	40
70	110	45	40
70	109	45	40
70	109	45	40
70	109	45	40
70	109	45	40
69	110	45	40
69	109	45	40
69	110	45	40
69	111	45	40
69	110	45	40
69	110	45	40
68	109	45	40
68	109	45	40
68	109	45	41
69	108	45	41
68	109	45	40
69	108	45	40
68	110	45	40
68	109	45	40
68	110	45	40
68	110	45	40
68	111	45	40
68	110	45	40
68	109	45	40
68	110	45	40
68	110	45	40
68	109	45	40
68	110	45	40
67	110	45	40
67	109	45	40
67	110	45	40
68	110	45	40
68	110	45	40
67	110	45	40
67	109	45	41
67	110	45	40
66	109	45	40
66	108	45	40
65	109	44	40
66	108	45	39
66	109	44	39
66	109	44	39
65	109	44	39
65	109	44	39
65	110	44	39
66	109	44	39
65	110	44	39
65	110	44	39
64	109	44	39
64	109	44	39
63	110	44	39
63	111	44	39
63	110	44	39
63	111	44	38
62	110	44	39
63	110	44	39
62	110	44	39
62	111	44	39
62	111	44	39
62	111	44	39
61	111	44	39
61	111	44	39
61	111	44	39
61	112	44	39
61	113	44	39
61	112	44	39
61	113	44	39
61	112	44	39
61	112	44	39
61	111	44	39
60	111	44	39
60	111	44	39
60	111	44	39
59	111	44	39
59	112	44	38
59	113	43	38
59	112	43	38
59	112	43	38
58	112	43	38
59	113	43	38
59	113	43	38
59	113	43	37
58	114	43	37
58	112	43	37
59	112	42	37
58	111	43	37
59	112	42	37
58	113	42	37
58	113	42	37
58	113	42	37
58	114	42	37
58	113	42	36
59	113	42	36
58	114	42	36
58	115	42	36
58	114	42	36
58	113	42	36
58	113	42	36
58	114	41	36
58	114	42	37
58	115	42	37
58	115	42	36
58	115	42	36
58	115	42	36
58	115	42	36
59	115	42	36
59	116	42	36
59	115	42	36
59	115	42	36
59	115	42	36
60	115	42	36
59	117	42	36
60	116	41	36
60	117	41	35
60	116	41	35
60	116	41	35
60	117	41	35
60	117	41	35
60	118	41	34
60	118	41	34
60	117	41	34
60	118	41	33
60	118	41	34
59	117	41	34
59	118	41	35
59	117	42	35
60	116	41	35
59	117	42	35
59	117	41	35
59	118	41	35
60	118	41	35
59	117	41	35
59	117	41	35
59	116	41	35
60	116	41	35
59	118	41	34
59	118	41	34
60	118	41	34
60	117	41	34
60	117	41	34
60	118	41	34
60	118	40	34
60	118	40	34
60	118	40	34
60	119	40	34
61	118	40	34
60	118	40	34
61	119	40	34
61	119	40	34
61	119	40	34
62	119	40	34
62	119	40	34
62	118	40	34
62	119	40	33
63	118	40	34
64	119	40	34
64	120	40	33
65	120	39	33
65	119	39	33
66	120	39	33
66	120	39	33
67	120	39	33
67	118	39	33
69	118	39	33
68	117	39	33
70	118	38	33
70	119	38	33
71	119	38	33
71	118	38	33
72	117	38	33
72	119	38	33
73	120	38	33
73	120	38	33
74	120	38	33
74	121	38	33
75	121	38	33
75	121	38	33
76	120	38	33
77	119	38	33
77	118	38	33
78	118	38	33
78	118	38	33
79	118	38	33
79	119	38	33
79	119	38	32
80	120	38	32
80	120	38	33
81	120	38	33
82	120	38	33
83	121	38	33
83	121	38	32
84	120	38	32
84	120	38	33
85	119	38	32
86	118	38	32
87	119	37	32
87	119	37	33
88	119	37	33
89	121	38	33
89	119	38	33
89	119	38	33
90	121	38	32
92	119	38	32
93	120	38	32
93	118	38	32
94	116	38	32
94	115	38	32
95	117	38	33
95	117	38	33
97	117	38	33
97	119	37	33
97	119	38	33
98	120	37	32
98	120	38	32
99	121	37	32
99	120	37	32
100	120	37	32
101	119	37	32
100	119	37	32
101	122	37	32
101	123	37	31
102	122	37	31
102	122	37	31
103	121	37	31
102	121	37	32
103	123	37	32
103	122	37	32
103	121	37	32
103	119	37	32
103	118	37	32
103	118	37	32
103	119	37	32
102	118	37	32
102	118	36	32
102	119	37	32
102	118	37	32
101	120	37	32
101	120	37	32
101	120	37	32
100	119	37	32
101	121	37	33
101	127	37	32
101	125	37	32
100	125	37	32
99	123	37	32
99	118	37	32
98	117	37	32
98	119	37	32
98	119	37	32
98	119	37	32
98	118	37	32
97	117	37	33
97	117	37	33
98	116	37	33
97	118	37	32
98	117	37	32
97	116	37	32
96	117	37	32
96	116	38	32
96	117	37	32
97	116	38	32
97	117	38	32
96	117	37	32
96	119	38	32
96	119	38	32
96	119	38	32
96	118	38	32
95	117	38	32
96	117	38	32
95	118	38	32
95	118	38	32
95	118	38	32
95	118	38	32
95	119	37	32
95	119	37	32
95	119	37	32
94	120	37	32
95	118	38	32
95	119	37	32
95	119	37	32
95	120	37	32
95	119	37	32
95	120	37	32
95	119	37	33
95	120	37	33
96	118	37	33
96	118	37	33
96	119	37	33
95	118	37	33
96	118	37	33
95	118	37	33
96	118	37	33
96	117	38	34
96	117	38	34
96	117	38	33
96	118	38	33
96	118	38	33
96	118	38	34
97	117	38	34
96	117	38	34
97	118	38	34
97	117	38	34
98	116	38	34
97	115	38	34
98	116	38	35
98	116	38	35
98	117	38	34
98	118	38	34
100	117	38	34
99	118	38	34
100	118	39	34
100	117	38	34
100	118	38	34
100	118	38	34
100	118	39	34
101	117	39	34
101	117	39	34
101	116	38	34
101	117	38	34
101	117	38	34
101	117	38	34
101	118	38	34
102	116	38	34
101	118	39	34
101	118	39	34
101	118	39	34
101	118	39	34
101	118	39	34
102	116	39	34
101	117	39	34
102	117	39	34
102	118	39	34
102	118	39	34
101	118	39	34
102	117	39	34
102	116	39	34
103	117	39	35
102	116	40	35
103	116	40	35
103	117	40	35
103	117	40	35
103	117	39	35
103	117	40	35
103	118	39	35
104	117	40	36
104	118	40	36
103	117	40	36
104	117	40	36
104	118	40	36
104	117	40	36
104	117	40	36
104	118	40	36
105	118	40	36
104	119	40	36
105	118	41	36
104	118	41	36
105	118	41	36
105	117	41	36
105	117	41	36
104	118	41	36
105	117	40	36
105	117	41	37
105	117	41	36
104	117	41	37
104	117	41	37
104	117	41	37
104	117	41	37
103	117	41	37
103	117	41	37
103	117	41	37
103	117	41	37
103	117	42	37
102	117	42	37
102	117	42	37
102	116	42	37
102	116	42	37
102	117	42	37
102	117	43	37
101	116	42	37
102	116	42	37
102	116	42	37
102	116	42	38
102	116	43	38
102	115	43	38
102	115	43	38
102	116	43	38
101	115	43	38
101	115	43	39
101	115	43	39
101	115	43	39
101	114	43	40
100	113	43	39
100	113	43	40
100	113	44	40
100	113	44	41
100	113	44	41
99	113	44	41
100	112	44	41
100	113	44	41
99	114	44	41
100	112	44	41
100	112	45	41
99	112	45	41
99	113	45	41
99	114	45	41
99	115	45	41
99	116	45	40
99	117	45	40
99	117	45	40
99	117	45	40
99	118	45	39
99	118	45	39
99	117	45	39
99	117	45	39
99	117	45	39
99	118	45	39
98	120	45	39
99	118	45	39
98	119	45	39
98	118	45	40
98	118	45	40
99	117	45	40
98	117	45	40
98	116	45	40
98	117	45	40
98	117	45	40
98	117	46	41
97	117	46	41
97	117	46	41
97	117	46	41
97	116	46	41
97	117	46	41
96	117	46	41
96	118	46	42
96	117	46	41
96	116	46	41
96	117	46	42
96	116	46	42
95	116	46	42
95	116	46	43
96	116	46	43
96	115	47	43
95	115	47	43
95	115	47	43
95	116	47	43
95	115	47	43
94	116	47	43
95	115	47	43
95	114	47	44
94	114	47	44
94	115	47	44
94	114	47	44
94	115	47	43
93	115	47	43
93	114	47	44
93	115	47	44
93	115	47	43
93	114	47	43
93	115	47	43
93	114	48	43
93	115	48	43
92	114	48	44
92	115	48	44
91	115	48	44
92	115	48	44
91	115	48	44
91	115	48	45
91	115	49	45
90	115	49	44
91	114	49	44
90	115	48	44
90	115	49	44
91	116	49	44
90	116	49	44
90	116	49	44
90	117	49	44
90	116	49	44
91	115	49	45
91	116	49	45
91	116	50	45
91	115	50	45
91	114	50	45
92	114	50	45
92	116	50	45
93	116	50	45
93	117	50	45
93	117	50	45
93	117	50	45
94	116	50	45
94	116	50	45
94	116	50	45
94	115	50	45
96	115	50	45
95	115	50	45
96	116	50	45
96	116	50	45
97	117	50	45
97	116	50	45
98	116	51	45
98	116	51	46
99	116	51	46
99	116	51	46
99	115	51	46
100	116	51	46
100	117	51	45
101	117	51	45
101	118	51	45
101	117	51	45
101	117	51	45
101	116	52	45
101	117	52	44
102	116	52	45
102	117	52	45
102	117	52	45
102	115	52	45
103	117	52	45
103	118	52	45
104	118	52	45
104	119	53	45
105	118	52	44
104	118	52	44
105	117	52	45
105	118	53	44
105	117	53	44
106	118	53	45
107	118	53	45
107	117	53	45
107	116	53	45
107	118	53	45
107	119	53	45
108	119	53	46
108	119	53	47
108	117	53	47
109	117	53	48
108	117	53	48
108	116	53	49
109	115	54	49
109	114	54	49
109	114	54	49
109	113	53	49
109	112	53	50
109	112	53	50
110	112	54	50
108	112	54	50
108	112	54	50
108	112	54	50
108	113	54	49
108	113	54	49
107	112	54	49
107	112	54	50
107	114	54	50
106	115	54	50
106	114	55	50
106	115	55	50
105	114	55	50
106	114	55	50
105	114	55	50
104	114	55	49
104	113	55	49
104	113	55	49
104	114	55	50
104	114	55	49
103	114	55	50
103	115	55	50
103	115	55	50
103	115	55	50
103	114	55	50
103	113	55	50
104	113	55	50
104	113	55	50
103	112	55	50
104	112	55	50
103	112	55	50
104	112	55	50
105	112	55	50
105	112	55	50
105	113	55	50
105	112	56	50
106	113	56	50
106	113	56	50
106	113	56	50
107	112	56	50
107	114	56	50
106	115	56	50
107	116	56	50
107	117	56	50
108	115	56	50
108	115	56	50
109	114	56	50
109	113	56	50
109	111	56	50
109	110	56	50
109	111	56	50
109	111	56	50
109	111	56	49
110	111	56	49
110	112	56	49
109	113	56	49
109	113	56	49
109	111	56	49
110	112	56	49
111	112	56	50
111	112	56	50
110	113	55	50
110	114	55	50
110	113	55	50
110	113	55	50
111	114	55	49
111	113	55	49
111	113	56	49
110	113	55	49
110	111	55	49
109	112	55	49
109	111	55	49
109	113	55	48
109	110	55	49
108	111	55	49
108	111	55	49
107	111	55	49
107	112	55	49
107	112	55	49
106	114	55	49
106	115	55	49
106	115	55	49
105	116	55	49
105	116	54	49
105	115	55	49
105	115	55	49
104	115	54	49
105	115	54	49
104	114	54	48
104	115	54	48
104	115	54	48
103	115	54	48
103	114	54	49
102	115	54	49
103	115	54	49
102	116	54	49
103	117	54	49
103	118	54	48
104	117	54	48
103	117	53	48
103	117	53	48
103	116	53	48
103	114	54	48
103	115	53	47
103	116	53	48
103	116	53	48
103	117	53	48
103	118	53	48
103	118	53	48
103	118	53	48
103	118	53	48
104	117	53	47
104	117	53	47
104	117	53	47
104	117	53	47
103	117	53	48
103	117	53	48
103	118	53	48
103	118	53	48
104	117	53	47
104	117	53	47
103	118	53	47
103	118	53	47
103	118	53	48
103	119	52	48
103	118	52	48
104	118	53	48
104	118	53	48
104	119	52	48
104	119	52	47
103	119	52	47
103	119	52	46
103	118	52	46
104	117	52	46
103	118	52	46
103	118	53	46
103	119	53	46
103	118	52	46
102	118	52	46
103	118	53	46
102	119	52	46
102	119	52	46
102	118	52	46
102	118	52	46
102	119	52	46
102	119	52	46
101	119	52	46
101	119	52	46
102	119	52	46
101	118	51	46
101	117	51	46
101	117	51	46
101	117	51	46
100	118	51	46
100	118	51	46
100	117	51	47
100	117	52	47
100	117	51	47
100	117	51	47
99	117	51	47
99	116	51	47
99	117	51	47
99	116	51	47
100	115	51	46
100	115	51	47
99	116	51	47
100	117	50	47
101	116	50	47
100	116	50	47
100	116	51	47
100	117	50	47
100	118	50	46
101	117	50	46
101	116	50	46
101	116	50	46
101	116	50	47
101	116	50	47
102	117	50	46
102	116	50	47
102	116	50	47
103	116	50	47
103	116	50	47
103	115	50	47
104	116	50	47
103	115	50	46
104	115	50	46
104	114	50	46
104	115	50	46
105	116	50	46
106	115	50	46
106	114	50	46
106	115	50	46
107	115	50	46
107	115	50	46
108	115	50	46
108	115	49	46
108	116	49	45
109	116	50	46
109	115	50	46
109	117	50	45
109	116	50	45
110	115	50	45
110	115	49	45
110	115	49	46
111	116	49	45
110	117	49	45
111	116	49	45
111	116	49	45
111	118	49	45
111	117	49	45
112	118	49	45
112	118	49	45
111	117	49	45
112	118	49	45
112	117	49	45
111	118	49	45
112	118	49	45
111	118	49	45
112	117	49	45
112	117	49	45
112	118	49	45
111	118	49	45
112	119	49	45
112	118	49	45
111	117	49	45
111	117	49	45
111	117	49	46
111	116	49	45
111	118	49	45
111	116	49	46
111	117	49	46
111	117	49	46
111	115	49	46
111	117	50	46
110	116	49	46
110	117	49	46
111	115	50	47
110	116	50	46
110	116	50	47
110	117	50	46
110	116	50	46
110	115	50	46
109	114	50	46
109	115	50	46
110	116	49	46
109	115	50	46
108	114	50	46
108	114	50	46
108	115	50	46
108	113	50	46
108	113	50	46
108	113	50	46
108	113	50	46
107	114	50	45
107	113	50	46
107	114	50	45
107	114	50	45
106	114	50	46
107	113	50	46
106	113	50	46
106	112	50	46
106	113	51	46
106	112	51	46
106	112	51	46
105	111	51	46
106	111	50	46
105	111	50	46
105	111	50	46
105	110	50	46
105	110	50	46
105	111	50	46
104	110	50	46
105	111	50	46
104	112	50	46
104	111	50	46
104	112	50	46
105	111	50	46
105	111	50	46
105	111	50	46
104	111	50	46
104	110	50	45
104	109	50	46
104	109	50	45
104	109	50	46
103	109	50	45
103	109	50	45
103	109	50	46
103	108	50	46
103	109	50	46
102	109	50	46
102	109	50	46
102	109	50	46
101	109	50	46
100	110	50	46
100	110	50	46
100	111	50	46
99	112	50	46
99	112	50	46
99	113	50	46
98	113	50	46
98	113	50	46
98	114	50	46
98	115	50	46
98	115	50	46
97	115	50	46
96	116	50	46
96	116	50	46
95	116	50	46
95	116	50	46
94	116	50	46
94	117	50	46
94	116	50	46
93	117	50	46
93	115	50	46
93	116	50	46
93	115	50	46
92	115	50	46
91	115	50	47
91	115	50	47
91	114	51	47
91	113	50	46
90	113	50	47
90	112	50	46
90	111	50	47
90	112	50	47
89	111	51	47
89	110	50	47
89	112	50	46
89	111	50	46
88	110	50	47
88	110	50	47
88	109	50	47
88	109	50	47
87	110	51	47
87	110	50	48
87	110	51	48
87	110	50	48
87	110	50	48
87	109	50	48
87	109	50	48
86	110	50	48
87	110	50	48
86	108	50	48
86	109	50	48
86	110	50	48
85	110	50	48
85	108	51	48
85	109	51	48
85	107	51	49
85	107	51	49
85	108	51	49
85	107	51	48
84	108	51	49
84	107	51	49
84	107	51	49
84	107	51	49
84	109	51	48
83	109	51	48
84	108	51	48
84	108	51	48
84	108	51	48
84	110	51	48
83	109	51	48
83	109	50	48
84	109	50	48
84	108	50	48
84	109	51	49
84	110	51	48
84	109	51	49
84	110	51	49
84	110	51	49
84	111	51	49
84	111	51	49
85	112	51	49
84	112	51	49
85	113	51	48
85	113	51	48
85	112	51	48
85	112	51	48
86	113	51	48
85	114	51	48
85	113	51	48
85	113	51	48
85	114	51	48
86	113	50	48
85	113	51	48
84	113	50	48
85	114	50	48
84	114	50	47
84	115	50	47
84	114	50	47
84	115	50	47
84	114	50	47
84	114	50	47
84	114	50	47
83	114	50	47
83	115	50	47
83	115	50	47
84	114	50	47
83	114	51	47
83	115	51	47
83	114	51	48
83	115	51	47
83	115	51	47
83	114	51	47
82	114	51	47
83	113	51	47
83	113	51	47
82	114	51	47
82	114	51	47
82	114	51	46
82	114	51	46
82	115	51	46
82	115	51	46
83	115	51	46
82	114	50	46
83	114	51	47
83	113	51	46
82	112	51	46
81	112	51	47
82	112	51	47
81	112	51	46
81	113	51	46
81	112	51	46
82	112	52	46
82	113	52	46
81	113	52	46
82	111	52	46
82	111	52	47
82	112	52	46
82	111	52	46
82	112	52	46
82	113	52	46
82	113	52	46
83	113	52	46
83	113	51	46
83	113	52	46
83	113	51	47
83	112	52	47
83	112	51	47
83	111	51	47
83	112	51	47
83	111	52	48
83	111	52	48
82	111	52	48
82	111	52	48
82	111	52	48
82	111	52	48
82	110	52	47
81	111	52	48
81	111	52	48
81	111	52	48
81	110	52	48
80	111	52	47
80	111	52	48
79	110	52	48
79	111	52	48
78	110	52	48
78	111	52	48
78	110	52	48
77	111	52	48
77	110	52	48
77	111	52	48
76	111	52	48
76	111	52	48
76	111	52	48
76	111	52	48
76	110	52	48
75	111	52	48
74	111	52	48
74	110	52	48
74	112	52	48
73	111	52	48
73	112	52	48
73	111	53	48
72	111	53	48
71	110	52	48
72	111	52	48
71	111	52	48
71	111	52	48
71	111	52	48
69	111	52	48
69	111	53	48
68	112	53	48
68	111	53	47
66	111	53	48
66	112	53	47
65	113	53	47
65	112	53	48
65	112	53	48
63	112	53	48
63	112	53	48
62	112	53	48
61	112	53	48
61	113	53	48
60	113	53	48
59	113	54	48
58	114	54	48
58	113	54	48
56	114	54	48
57	114	54	48
55	113	53	48
55	113	53	47
53	113	54	48
53	112	54	48
52	112	54	48
50	113	54	48
50	111	54	48
48	112	54	48
47	112	54	48
46	113	54	48
46	113	54	48
45	113	54	48
43	112	53	47
43	112	54	48
41	113	54	47
40	115	54	47
39	113	54	47
38	112	54	48
37	112	54	48
36	114	54	48
34	114	54	48
33	113	54	48
32	113	54	48
31	113	54	48
30	113	54	48
28	113	54	48
27	112	54	48
26	113	55	49
24	113	55	49
23	111	55	48
22	111	55	48
21	113	56	48
19	112	56	48
19	111	56	49
17	112	56	49
16	112	56	49
15	113	56	49
14	112	56	49
