76	79	64	52
76	77	64	51
74	78	65	51
74	77	66	51
74	78	66	51
74	78	66	51
74	77	66	51
74	78	66	51
73	78	66	51
72	77	66	51
73	77	66	51
72	77	66	51
73	76	66	51
72	76	66	51
73	75	66	51
73	75	66	51
72	76	66	50
72	76	66	50
72	75	66	50
74	75	66	50
73	76	66	50
73	76	66	50
73	76	66	50
73	76	66	50
73	76	66	50
73	76	65	50
73	78	66	50
73	76	66	50
73	77	66	50
73	76	66	50
73	77	66	50
73	76	66	50
73	77	65	50
74	77	66	49
74	79	66	49
74	78	66	50
73	77	66	50
73	78	66	50
74	77	66	50
73	77	66	50
73	77	66	49
74	77	66	49
73	77	66	49
73	78	66	49
73	76	65	49
73	76	65	49
73	76	65	49
73	77	65	49
73	76	65	49
73	77	65	49
74	75	65	49
74	76	64	49
73	76	64	49
73	77	64	49
74	77	64	49
74	77	64	48
74	77	64	48
73	77	64	48
73	78	64	48
74	77	64	48
74	77	64	47
74	76	63	47
74	77	63	47
73	77	63	47
74	76	63	47
73	77	63	47
72	78	63	46
73	78	62	47
74	77	62	48
72	76	62	48
72	76	62	48
72	75	62	48
72	76	62	48
72	76	62	48
72	77	61	47
73	76	61	47
73	76	61	47
72	75	60	47
73	75	60	46
73	75	60	46
73	76	60	46
73	76	60	45
72	76	61	44
72	76	60	45
73	76	61	45
71	76	61	46
71	77	62	45
71	77	62	45
71	76	61	46
71	75	62	47
70	75	62	47
71	75	62	46
71	77	62	46
71	76	61	47
72	77	62	46
70	77	61	47
71	77	62	46
70	77	61	46
71	78	61	46
70	77	61	46
70	77	61	46
70	76	61	46
70	76	61	46
70	76	61	46
70	76	60	46
70	75	61	46
71	76	60	46
70	74	60	46
71	74	60	46
70	76	60	45
70	76	60	45
70	75	59	45
70	75	59	45
70	74	59	46
71	73	59	46
72	72	59	46
71	73	58	46
71	73	58	46
71	75	59	46
70	74	59	45
70	75	59	45
71	73	59	45
71	73	59	45
72	73	59	44
71	75	59	44
71	75	58	44
71	75	58	44
71	77	59	43
71	78	59	43
70	80	59	42
71	80	59	42
71	80	59	42
71	79	58	43
72	79	58	43
72	80	58	43
72	80	58	43
72	82	58	44
71	80	58	44
72	81	58	45
71	81	58	45
73	80	58	45
72	80	58	45
72	80	59	44
72	82	59	44
72	81	58	44
73	82	59	44
72	82	59	44
73	81	59	44
73	82	59	44
73	81	59	44
72	80	59	44
73	78	59	45
73	78	59	45
73	76	59	45
73	75	59	45
73	75	59	45
73	75	59	45
74	74	60	45
73	73	60	46
74	73	60	46
73	74	60	46
73	73	60	46
74	73	60	46
73	72	59	46
74	73	59	46
73	72	59	46
74	72	59	46
74	72	60	46
74	73	60	45
74	74	60	46
74	74	60	46
74	74	60	45
74	74	60	45
74	75	60	45
74	73	59	46
75	74	60	46
74	73	59	46
74	73	59	46
74	74	60	46
75	72	60	46
74	71	59	46
74	74	60	46
74	73	60	46
73	74	60	47
73	75	60	46
73	75	60	46
74	75	61	46
73	75	60	46
73	75	60	47
73	76	61	47
73	75	60	47
73	75	60	46
73	75	60	46
73	74	60	47
73	74	60	47
73	75	61	47
72	74	61	47
72	74	61	47
73	72	60	47
72	73	61	47
73	72	60	47
73	72	61	47
72	72	61	47
72	72	61	47
72	71	62	47
72	73	62	47
72	72	62	47
71	72	62	47
71	72	62	47
72	73	62	47
72	73	62	47
72	74	62	47
71	74	62	47
71	75	62	47
71	75	61	47
71	76	62	47
71	75	61	47
70	75	61	47
70	74	61	47
70	75	62	47
70	75	62	47
70	75	62	47
70	75	62	47
70	75	62	47
70	76	62	47
69	77	62	46
69	75	62	47
69	76	62	46
68	74	62	47
68	74	62	47
68	73	62	47
68	75	62	46
68	73	62	47
68	73	62	47
67	73	62	47
67	72	62	47
67	73	63	47
66	72	62	47
66	72	63	47
66	72	63	47
66	71	62	47
66	72	62	47
66	71	62	48
66	72	63	48
66	71	63	48
65	71	63	48
65	71	63	48
65	70	63	48
64	71	63	48
64	71	63	48
64	70	63	48
63	70	64	48
64	69	63	48
63	70	63	47
65	71	63	47
64	69	63	48
64	70	62	48
64	71	62	47
64	70	62	47
64	71	62	47
64	70	62	47
64	71	62	47
64	72	62	47
63	71	62	47
64	73	62	46
65	74	62	46
64	75	62	46
64	75	62	46
64	75	62	46
64	75	62	46
64	74	62	46
65	73	62	46
65	73	62	46
64	73	62	46
65	76	63	45
64	75	62	45
65	78	63	44
65	76	62	45
66	79	62	45
66	78	62	45
65	78	61	46
66	78	62	46
65	78	62	46
66	77	62	46
66	78	62	45
66	76	61	46
67	76	61	46
67	75	61	46
67	75	61	46
68	74	61	45
68	75	61	45
69	74	60	45
69	73	60	46
69	73	60	46
69	73	60	46
69	73	60	46
70	73	60	46
70	73	60	46
70	72	60	46
71	73	60	45
70	73	59	46
71	73	60	45
71	74	60	45
71	73	59	45
72	75	60	45
73	76	60	45
72	76	60	45
73	77	60	44
72	76	60	44
73	76	60	44
73	76	60	44
74	75	59	44
75	74	59	44
75	74	59	44
74	74	59	44
76	74	58	44
75	76	58	44
76	75	58	44
76	76	58	43
76	76	58	44
77	76	58	44
77	76	58	44
78	76	58	44
77	75	57	44
78	77	58	43
78	77	57	43
79	78	57	43
80	78	57	43
79	79	57	43
80	78	57	43
80	79	57	43
80	79	57	43
80	78	57	43
80	78	56	43
81	78	56	43
80	78	57	43
81	78	56	43
81	79	57	42
81	78	57	43
82	78	56	43
81	77	56	43
81	76	56	42
82	76	56	42
82	76	56	42
82	74	56	42
83	74	56	42
82	73	56	42
82	76	56	41
82	74	56	41
82	75	56	41
82	76	56	41
82	77	56	41
82	78	56	41
82	81	56	39
82	79	57	40
81	77	57	41
81	79	56	40
81	80	56	40
81	81	56	40
82	82	56	40
82	81	56	41
82	83	56	41
82	81	56	41
82	80	55	41
81	78	55	42
82	77	55	42
82	77	55	42
81	77	55	41
82	77	55	41
82	78	55	41
82	78	55	41
83	78	55	41
83	78	55	41
83	78	54	41
83	78	55	41
83	78	55	41
83	77	54	41
83	78	54	41
84	79	53	40
83	79	53	40
84	83	53	38
84	81	52	38
84	81	52	38
83	82	52	37
84	80	52	38
84	81	52	37
84	82	52	37
84	82	52	38
84	82	52	38
84	81	52	38
84	80	52	38
84	81	52	38
84	80	52	37
84	81	52	37
85	80	52	36
85	80	52	36
86	79	51	35
85	79	51	36
86	80	51	36
86	81	51	37
85	80	51	38
85	80	51	38
85	81	51	38
84	81	52	39
85	81	52	39
84	81	52	39
84	81	52	39
85	81	52	38
84	81	52	39
84	81	52	38
84	81	52	39
84	81	52	39
84	81	53	39
84	83	52	38
84	82	52	39
83	82	52	39
84	80	51	39
83	82	51	39
83	83	51	38
82	82	51	38
83	81	51	38
82	82	51	39
82	81	51	40
83	81	51	40
83	80	51	41
83	79	51	41
83	79	51	41
83	79	51	41
83	79	51	41
83	79	51	41
83	79	51	41
82	79	51	40
82	78	51	40
82	78	51	39
82	79	51	39
82	79	51	39
82	80	51	39
82	80	51	39
82	81	51	40
82	81	51	40
81	81	51	41
81	81	52	41
82	82	52	40
83	81	52	41
82	80	52	41
83	80	52	41
83	81	53	41
83	81	53	41
83	80	53	41
83	80	53	41
84	80	53	40
84	78	53	41
84	78	53	40
86	77	53	41
85	77	53	41
86	77	53	41
86	77	52	41
87	77	52	41
88	77	52	42
88	77	52	42
89	77	51	42
89	77	51	42
90	78	51	41
90	78	51	41
90	77	51	41
91	78	51	41
91	77	51	41
92	77	51	41
92	77	51	41
93	77	51	41
93	78	51	41
93	78	51	41
93	79	51	41
93	78	51	41
93	78	51	41
94	79	51	41
95	79	51	41
95	79	51	41
96	79	51	41
96	79	51	41
96	79	51	41
97	79	51	40
97	79	51	41
97	80	51	41
97	80	51	41
97	82	51	40
97	83	51	40
99	83	51	40
98	82	51	40
100	83	51	40
99	83	51	40
99	82	51	41
100	82	51	41
100	81	51	41
100	80	51	40
101	80	51	40
100	81	51	40
102	80	51	40
102	80	51	40
102	80	51	40
103	80	51	40
104	81	51	40
105	80	51	40
105	78	51	40
107	78	51	40
108	77	51	40
109	77	50	41
110	76	50	40
112	77	50	40
113	77	50	40
113	77	50	40
114	77	50	40
115	77	50	39
116	78	50	39
118	78	50	39
118	79	50	39
119	79	50	39
120	79	50	39
121	79	50	39
123	79	50	39
124	79	50	38
125	77	49	38
126	77	50	38
127	77	50	38
128	76	50	38
130	76	50	38
130	75	50	38
132	75	50	39
132	74	51	39
133	75	51	39
134	76	51	39
136	75	51	39
137	75	51	39
138	77	51	39
139	76	51	39
141	76	51	39
142	76	51	39
143	77	51	39
144	78	51	38
145	79	51	38
147	79	51	38
147	78	51	38
149	79	51	38
149	78	51	38
151	78	51	37
151	78	51	37
152	76	51	38
154	78	51	38
154	80	51	38
155	79	51	38
156	82	51	37
158	82	50	37
159	83	50	37
159	83	50	37
161	82	50	38
162	85	50	37
163	84	50	37
165	84	49	38
166	83	49	38
167	83	50	38
167	83	50	38
169	83	50	38
168	83	50	38
170	81	50	38
170	83	50	38
171	82	50	38
172	82	50	38
172	82	50	38
172	82	50	37
173	81	50	38
173	80	51	38
174	80	51	38
175	81	51	38
175	79	51	38
176	79	51	39
176	80	51	39
177	79	51	39
176	79	51	39
178	80	51	38
178	80	51	38
179	81	51	38
179	79	51	39
180	80	51	39
180	80	51	39
181	81	51	39
182	80	51	39
182	81	51	39
182	79	52	39
183	80	52	39
184	80	52	39
184	79	52	39
185	78	52	39
185	79	52	39
185	79	52	39
186	78	52	39
186	79	52	39
188	78	52	39
188	79	52	38
188	79	52	39
188	79	52	39
189	81	52	38
189	81	52	38
189	81	52	38
190	80	52	38
191	80	52	38
191	79	52	38
192	79	52	38
192	80	52	38
192	80	52	38
193	80	52	38
192	80	52	38
192	80	52	39
193	81	52	39
194	80	53	39
194	80	53	39
195	79	53	39
195	77	53	39
195	78	52	39
195	78	53	38
195	78	53	38
195	78	53	38
195	78	53	38
195	78	53	38
196	78	54	38
196	78	53	38
196	78	53	39
197	78	54	38
196	78	54	38
197	77	54	38
196	78	54	38
196	76	54	38
197	77	54	39
197	75	54	39
195	75	54	39
196	75	54	39
195	74	54	39
195	74	54	40
194	75	54	39
194	75	54	39
193	76	55	39
193	77	54	39
193	75	55	40
192	75	54	40
191	75	55	40
190	75	54	40
191	76	55	39
189	75	55	39
189	75	54	39
189	75	55	40
189	74	55	40
188	76	55	40
188	74	55	40
188	75	55	39
188	75	54	40
187	75	54	40
186	77	55	39
186	76	55	40
186	76	55	40
186	76	54	40
186	76	54	40
185	76	55	40
185	76	55	40
185	77	55	39
184	77	55	39
184	77	55	39
183	76	55	39
183	76	55	39
183	76	55	39
183	73	55	39
182	75	55	39
181	75	55	39
181	73	55	39
180	76	55	39
180	75	55	39
179	76	56	39
180	76	56	39
179	75	56	39
179	77	56	39
179	74	56	39
179	76	55	38
179	75	55	39
178	76	56	39
178	77	56	39
178	76	57	38
178	76	56	38
177	76	56	39
178	76	56	39
178	76	56	39
178	75	56	40
177	76	56	40
177	76	57	39
177	76	57	39
178	74	57	39
177	74	57	40
178	74	57	40
177	73	57	40
177	74	57	40
177	74	56	40
178	73	56	40
177	73	56	41
178	74	56	41
178	73	55	41
178	75	56	40
179	73	55	40
178	73	55	40
179	73	56	40
179	73	56	40
179	73	56	40
179	75	56	39
179	74	56	40
180	74	56	40
179	74	56	40
180	73	56	40
180	73	56	40
181	71	56	40
181	71	56	40
181	72	56	39
181	70	55	40
181	69	56	40
181	71	56	40
181	70	56	40
181	70	55	40
182	70	56	39
182	70	55	39
182	72	55	39
182	72	54	39
183	74	55	38
183	73	54	38
183	73	54	38
184	72	54	38
184	74	54	38
183	72	54	38
184	72	54	38
185	71	54	39
184	72	54	39
185	72	54	39
185	72	54	39
184	73	54	38
186	73	54	38
185	73	54	39
186	72	53	39
185	72	53	39
185	72	53	39
187	71	53	39
186	70	53	39
186	69	53	40
186	69	53	40
186	67	53	40
186	67	54	40
185	67	54	40
185	65	54	40
185	64	53	40
186	65	54	40
185	65	54	40
186	65	53	40
185	65	53	40
184	65	54	40
184	64	54	41
184	66	54	40
184	64	54	40
184	65	54	40
185	65	54	40
184	65	54	40
183	68	54	40
183	66	54	40
183	68	54	39
184	67	54	39
184	67	54	39
183	67	54	39
183	69	54	38
184	69	54	38
184	70	54	38
183	70	54	38
183	70	54	39
183	71	54	38
184	71	53	38
183	70	53	38
184	69	53	39
184	69	53	39
183	68	53	39
183	69	53	39
182	69	53	39
184	69	53	39
181	69	54	39
182	68	54	39
182	68	53	39
182	68	54	39
182	68	54	39
182	68	53	39
182	66	53	39
181	69	54	39
181	67	53	40
182	69	53	40
182	67	53	40
181	68	53	40
181	69	53	40
181	70	53	40
182	69	53	40
181	72	54	39
181	71	53	39
180	72	53	39
181	72	53	39
181	72	53	40
181	73	53	40
181	71	53	40
181	71	53	40
181	72	53	41
181	73	53	41
181	74	53	40
180	72	53	40
180	74	53	40
180	73	53	40
179	73	53	40
179	73	53	40
180	73	53	40
180	74	54	40
179	74	54	40
179	77	54	40
179	76	55	40
178	78	55	40
179	76	55	40
179	76	54	40
179	73	54	40
180	71	54	41
180	71	55	41
179	71	55	41
178	73	55	40
179	73	56	40
179	74	56	40
178	74	56	41
178	77	56	40
178	76	56	41
177	74	57	42
178	74	57	42
178	72	57	43
177	73	57	42
179	73	57	42
179	73	57	41
179	74	57	41
179	74	56	41
179	75	56	40
179	74	56	40
180	75	56	40
180	73	56	40
180	73	55	40
181	74	55	39
181	74	55	39
181	74	55	39
181	76	55	39
181	76	55	39
181	76	56	39
181	75	55	40
181	76	55	40
181	76	56	40
182	75	56	40
182	76	55	40
182	76	55	40
183	75	56	40
182	77	55	40
183	76	55	40
183	75	55	41
183	76	56	41
183	75	56	41
184	75	56	40
185	74	56	40
184	75	56	40
185	73	57	41
184	73	57	41
184	73	57	41
185	74	58	40
186	73	58	40
185	73	58	40
186	73	57	41
186	73	57	41
186	73	57	41
186	72	57	41
187	72	58	41
187	74	58	41
188	73	58	40
187	72	58	41
187	70	58	42
187	73	59	41
187	72	59	41
188	72	59	41
187	72	59	41
187	72	60	41
188	73	60	41
187	73	60	42
188	74	60	42
189	74	60	42
189	74	60	42
189	75	60	42
189	75	60	42
189	74	61	42
189	75	62	43
189	74	62	43
189	74	62	43
189	75	62	43
190	74	63	44
190	74	62	45
190	74	63	45
191	75	63	45
190	75	63	45
191	76	64	44
191	76	63	44
191	76	64	44
191	76	64	44
192	76	65	44
192	75	65	44
193	77	66	44
193	76	65	45
193	76	66	45
193	75	66	46
