70	51	107	87
71	53	107	85
68	53	109	86
68	51	109	86
66	53	110	85
65	52	111	86
66	51	111	87
65	53	110	87
65	53	110	87
64	51	109	88
65	52	110	88
64	51	110	87
65	52	110	86
64	53	110	86
62	53	110	86
63	52	111	86
63	52	111	86
62	53	111	86
61	54	111	85
60	54	110	84
61	53	110	85
60	53	110	85
61	53	109	85
60	53	109	85
60	54	109	85
60	53	109	85
60	52	108	85
61	54	108	84
59	55	108	83
59	53	107	83
59	53	107	83
61	53	107	82
60	54	107	82
60	53	106	82
61	53	106	82
61	53	106	82
59	53	106	81
60	53	106	81
61	53	105	81
60	53	105	81
61	53	105	81
61	54	105	80
61	51	104	81
61	55	104	80
62	52	104	80
62	56	105	79
62	54	104	79
64	55	104	79
63	55	104	79
64	54	103	79
65	54	102	79
65	55	102	78
65	54	102	78
65	57	102	78
66	57	101	77
67	58	101	77
67	60	101	76
67	59	102	76
67	61	102	76
68	60	101	76
67	59	101	75
67	60	101	76
67	61	101	76
67	60	101	77
68	59	100	77
69	59	100	77
69	59	99	77
70	58	99	77
69	59	99	77
69	56	99	78
69	59	99	77
70	58	99	77
69	55	99	78
69	56	99	77
69	53	99	78
69	55	99	77
68	55	99	77
67	57	99	76
68	56	99	77
67	56	99	77
67	56	99	77
68	56	99	77
68	56	99	77
67	57	99	77
67	58	99	77
68	57	99	77
68	60	99	76
68	58	98	76
67	59	99	76
68	59	98	76
68	60	98	75
67	61	98	75
67	59	98	75
68	61	98	74
68	59	97	75
67	60	97	75
67	58	97	75
69	58	97	75
69	58	97	76
69	58	97	75
69	58	97	76
69	58	97	75
69	58	97	75
71	56	96	75
72	56	96	75
71	56	96	75
71	55	95	75
73	56	95	75
73	55	95	75
73	55	95	75
74	55	95	75
74	55	94	75
74	56	94	75
74	56	94	75
76	55	93	75
75	57	93	75
76	57	93	75
77	58	93	74
76	59	93	74
77	59	93	74
77	59	93	74
78	61	92	74
79	61	92	74
79	62	92	74
79	62	92	73
80	63	92	73
80	63	92	73
81	65	92	72
81	67	92	72
81	67	91	72
83	65	91	72
83	66	91	72
84	64	90	73
84	63	90	73
85	63	90	73
86	62	89	72
86	62	88	72
87	63	88	72
87	62	88	71
88	60	88	71
89	59	88	71
88	58	88	71
88	56	88	72
90	56	87	72
91	52	87	73
92	55	87	72
93	54	86	72
93	55	87	71
94	54	86	71
95	52	85	72
96	53	85	71
97	53	85	71
98	55	85	70
97	53	86	71
98	56	86	70
99	58	85	70
100	58	85	69
101	60	86	68
101	61	86	67
101	62	86	67
101	63	86	66
102	63	86	66
103	63	85	65
103	64	85	65
104	64	85	65
105	65	84	65
106	65	84	64
106	65	83	64
107	67	83	64
108	68	82	63
109	66	82	64
110	66	81	64
110	66	81	64
111	67	81	64
112	67	81	64
111	67	81	64
113	67	80	63
113	65	81	63
114	65	80	63
115	64	80	63
116	64	80	63
116	64	80	63
117	64	80	62
119	64	79	62
119	64	79	62
120	64	79	61
121	63	79	60
122	63	78	60
122	63	78	60
124	63	78	60
124	60	78	59
126	61	78	58
126	60	77	56
127	58	77	53
127	60	76	52
127	61	76	51
129	63	75	51
130	62	75	50
131	61	74	50
132	62	74	50
133	65	73	51
133	63	73	52
134	66	72	53
136	66	72	54
137	68	72	56
138	65	71	57
139	66	71	56
140	66	71	57
140	67	70	57
141	67	70	57
142	67	70	57
143	66	70	57
144	68	69	57
144	67	68	57
146	67	68	57
147	67	68	58
147	65	68	57
148	66	67	57
150	66	67	57
150	65	66	57
152	67	66	57
153	65	66	57
154	66	65	57
154	65	65	56
155	67	65	56
156	66	65	55
157	67	66	55
158	66	66	54
158	66	66	54
159	65	66	54
160	66	65	54
161	66	65	54
161	67	66	54
162	67	66	54
162	66	67	54
162	69	67	53
162	67	67	53
164	67	67	53
164	67	67	53
165	67	68	53
165	67	68	53
165	66	68	53
166	67	68	53
167	68	69	52
167	67	69	52
167	67	69	52
168	69	69	52
169	66	69	52
170	67	70	52
170	67	70	52
170	66	70	52
170	66	70	52
171	65	70	52
171	63	70	52
173	62	70	52
174	61	69	53
176	62	69	52
176	62	69	52
176	63	69	52
177	62	69	53
177	62	68	53
177	64	69	53
178	63	69	53
179	63	68	53
179	63	68	53
180	64	68	53
181	62	68	54
181	64	68	53
182	65	68	53
183	66	68	53
183	68	68	53
184	67	68	53
184	71	68	52
184	69	68	53
184	67	68	53
184	66	68	54
185	67	68	53
186	64	69	53
187	64	68	53
188	63	68	52
189	62	68	53
189	65	67	52
189	63	68	52
189	64	68	52
191	67	68	52
190	66	68	52
191	66	67	53
191	65	67	53
191	65	67	53
191	64	67	53
191	63	68	54
192	63	68	53
192	62	68	53
192	62	67	53
193	63	68	53
192	65	68	52
193	65	67	52
193	66	67	52
193	67	67	52
194	66	66	52
194	67	67	52
194	66	67	52
195	67	67	52
196	65	66	52
197	67	66	51
198	66	65	52
199	66	65	52
199	66	65	52
200	65	65	52
200	66	66	52
199	67	65	51
199	67	66	51
201	68	66	51
201	68	65	51
201	69	66	52
199	67	67	52
201	66	66	52
201	66	66	52
201	64	66	52
202	64	67	52
203	66	67	52
203	66	67	52
203	65	67	52
203	67	67	52
204	66	68	52
205	68	68	51
206	68	67	52
206	67	66	51
207	67	67	51
207	69	66	50
208	68	66	50
209	68	66	50
208	67	66	50
209	68	66	50
209	67	67	50
209	67	67	51
210	67	67	51
210	67	67	51
210	68	67	51
210	68	67	51
211	68	67	52
211	67	67	52
212	67	67	51
212	67	67	51
213	65	66	51
213	65	66	50
214	65	66	50
214	67	66	50
214	71	66	50
214	74	66	49
214	75	66	49
215	75	66	49
214	75	66	50
216	71	66	50
216	70	66	51
216	66	66	51
217	58	66	52
217	57	66	52
218	54	66	52
218	56	66	51
219	55	66	51
217	59	67	50
218	61	67	50
217	63	67	50
218	67	67	50
219	68	68	50
219	69	68	50
220	69	68	50
219	68	68	51
219	68	68	51
220	66	68	52
221	65	67	52
221	65	68	52
221	64	68	52
221	65	68	52
221	66	68	51
221	66	68	51
221	66	68	51
221	66	68	51
221	66	68	51
221	66	68	51
221	67	68	50
222	67	68	50
221	69	67	50
222	69	67	50
222	72	67	50
221	71	67	50
222	71	67	50
222	74	67	50
222	74	67	50
221	73	67	50
223	74	67	50
222	71	67	50
222	68	67	50
223	69	67	50
222	66	67	51
222	68	68	51
222	71	68	51
221	71	68	51
220	73	69	50
222	73	69	50
221	70	69	51
221	68	69	51
221	68	68	51
221	69	68	50
221	66	68	50
220	64	68	51
220	65	68	50
220	64	68	51
220	64	68	51
220	64	68	51
220	64	69	52
221	65	69	52
220	65	69	52
220	65	69	52
219	67	69	51
219	63	69	51
219	68	70	51
218	65	69	51
218	64	69	51
217	66	69	51
218	64	69	51
217	65	69	50
218	67	69	49
217	67	69	50
217	67	69	50
216	68	70	50
217	67	71	51
216	67	71	51
216	68	70	51
215	66	70	51
214	65	70	52
215	66	70	51
214	66	71	51
213	66	70	51
213	67	70	51
212	68	70	51
211	66	69	50
211	69	70	50
210	67	68	50
210	69	68	50
209	68	68	50
209	67	69	50
209	68	69	50
209	69	68	50
208	69	69	50
208	67	68	51
208	68	68	51
206	68	68	51
206	68	69	51
206	68	69	52
206	68	70	51
206	66	70	52
205	67	70	52
204	67	70	52
204	67	70	52
204	67	70	52
203	67	69	52
202	67	69	51
203	67	69	51
203	67	69	51
203	65	68	52
202	65	68	52
202	66	69	51
203	66	69	52
202	65	69	52
202	66	70	52
200	64	70	53
200	65	71	52
199	66	71	52
199	66	71	52
198	66	71	53
200	66	70	53
199	66	71	53
199	66	71	53
199	67	70	53
198	66	71	53
198	66	70	53
198	67	70	53
200	67	70	53
198	67	71	53
198	67	71	53
198	66	71	53
198	66	71	53
197	66	72	53
197	65	72	53
197	65	72	53
196	66	72	53
197	66	72	53
196	65	72	54
196	65	73	54
195	65	73	54
194	65	73	54
194	67	73	54
195	66	73	54
193	67	74	54
195	67	73	54
194	65	73	55
195	67	74	55
193	65	73	55
194	65	73	55
194	66	74	55
193	65	73	55
194	66	73	55
192	65	73	55
192	65	73	55
192	64	73	56
192	63	73	56
192	63	73	56
191	61	74	56
191	61	75	56
189	61	75	56
191	62	75	56
191	60	75	57
191	61	74	56
191	62	75	56
191	61	74	56
190	62	75	56
192	61	76	56
191	60	76	56
191	63	78	56
190	62	77	57
190	62	78	57
190	62	78	57
191	61	78	57
190	60	79	57
190	62	79	57
190	62	79	57
190	61	79	57
189	63	79	57
189	63	78	57
189	62	79	58
190	63	78	58
191	62	77	58
190	61	77	59
191	62	77	59
191	62	77	58
191	61	77	58
193	64	78	58
191	64	78	58
193	65	78	58
192	62	78	59
192	63	78	59
192	63	78	59
192	63	78	59
193	63	78	59
193	62	78	60
194	64	78	59
193	62	78	59
195	63	78	59
195	64	78	59
195	63	78	59
196	61	79	60
196	62	78	60
196	60	79	61
197	60	78	61
196	61	79	61
197	60	79	61
198	60	80	62
199	61	81	62
197	60	81	62
198	59	81	63
199	61	81	62
199	59	81	63
200	59	81	62
200	58	81	62
201	59	81	62
201	58	81	61
201	60	81	61
201	59	81	61
203	61	82	61
204	61	82	61
204	61	82	61
205	62	83	62
205	61	83	62
206	61	84	62
207	61	84	62
206	62	85	62
207	61	85	63
208	61	85	63
209	62	85	63
209	59	85	64
210	60	85	63
210	62	85	63
211	61	85	63
211	63	85	63
211	64	85	63
214	64	85	63
214	64	86	63
215	65	86	63
215	64	87	64
216	64	87	64
217	61	87	65
218	63	87	65
219	62	87	65
220	61	87	65
220	61	87	65
220	61	88	66
221	62	88	66
222	62	89	67
224	62	88	67
225	61	89	67
225	61	89	67
226	60	89	67
226	60	90	67
227	59	90	68
228	59	91	68
228	58	91	68
229	59	92	68
231	59	93	68
231	60	93	68
232	58	93	69
232	57	93	70
234	56	93	70
234	56	93	69
234	57	94	70
235	57	94	70
236	58	95	71
237	58	95	72
237	56	95	73
237	56	95	72
238	59	96	72
239	57	96	72
238	60	96	72
239	58	96	72
241	59	96	71
241	63	96	71
242	60	97	72
243	61	98	72
243	62	98	72
244	59	98	73
244	62	98	73
245	59	98	73
246	60	99	73
246	60	100	74
246	61	100	73
246	60	100	73
247	59	100	74
248	58	102	75
248	58	102	75
249	58	103	76
249	58	103	76
249	58	104	76
251	56	105	76
250	58	105	76
251	58	106	76
251	58	107	75
253	59	106	75
252	57	106	76
252	57	106	75
253	57	105	76
254	57	105	76
254	60	105	75
254	59	105	75
254	60	105	75
255	61	105	75
255	61	105	76
255	60	105	76
257	56	103	78
