73	126	29	23
74	127	29	22
75	126	29	22
76	125	29	22
75	126	29	21
76	126	29	21
77	126	29	21
78	126	29	21
77	126	30	21
78	125	30	21
78	126	30	22
79	125	30	21
79	126	30	21
80	125	30	21
81	125	30	21
82	123	29	22
82	124	29	22
84	123	29	22
83	123	30	22
85	122	30	22
84	123	30	22
86	122	30	22
86	121	30	22
86	122	30	22
86	122	30	23
88	121	30	24
88	122	30	24
89	122	29	24
91	122	29	25
90	122	29	25
91	121	29	24
91	121	29	24
90	121	29	25
91	121	30	24
91	121	30	24
92	122	30	24
92	121	30	24
92	122	30	24
92	123	30	24
93	124	30	24
92	124	30	24
92	124	30	23
93	125	31	23
93	125	31	23
92	126	31	22
93	127	32	22
93	128	32	22
92	128	33	22
94	127	33	22
93	128	33	22
93	129	34	22
94	128	33	22
94	128	33	22
94	128	32	22
93	128	33	22
95	127	32	23
95	127	33	22
95	128	33	22
96	128	32	22
96	128	32	22
97	127	31	22
97	127	32	22
98	126	31	22
98	126	31	22
98	127	31	22
98	127	31	22
98	126	31	22
98	126	31	22
99	127	31	22
98	127	31	21
98	127	31	21
99	127	31	21
99	126	31	22
99	127	32	22
100	126	32	22
99	127	32	22
99	127	32	22
101	126	32	22
100	126	32	22
101	127	31	22
100	127	32	22
101	127	32	21
101	127	32	22
101	126	32	22
100	127	32	22
101	126	32	21
100	127	33	21
100	127	32	21
101	127	32	21
101	127	32	21
100	127	32	21
101	127	32	22
101	127	32	22
102	127	32	22
101	127	32	22
100	127	32	22
100	127	32	22
101	126	33	21
101	127	33	21
101	127	33	21
101	127	33	21
101	127	33	21
102	127	32	22
102	126	32	22
103	126	31	23
103	125	31	23
103	126	30	23
104	126	31	23
104	125	31	24
105	126	31	24
104	124	30	24
104	124	30	24
104	124	30	24
104	124	30	24
104	124	30	24
103	125	30	24
103	125	30	23
104	123	30	24
103	124	30	23
104	123	30	24
104	123	30	24
104	124	30	24
105	123	29	24
105	122	28	25
105	124	29	24
105	123	29	24
106	122	28	24
106	123	28	24
106	122	28	24
106	123	28	24
105	122	27	24
107	123	27	24
105	124	28	24
107	124	28	24
106	124	28	24
106	123	28	24
106	123	27	24
106	123	27	24
107	124	27	24
107	123	27	24
106	125	28	23
107	124	27	23
107	123	27	23
107	124	27	23
106	123	27	24
107	123	27	23
106	123	27	23
106	123	27	23
106	123	27	23
106	124	27	23
105	123	27	23
106	123	27	23
106	124	27	23
106	124	27	23
105	123	27	23
106	124	27	23
105	123	27	23
105	125	28	23
107	123	28	23
106	124	28	23
106	124	28	23
106	124	29	23
106	124	28	24
107	124	28	24
106	123	28	24
106	123	28	24
106	125	29	23
107	123	28	24
106	124	29	24
107	124	28	24
106	124	29	24
106	123	29	24
106	123	29	24
107	122	29	24
106	124	29	24
106	124	30	24
107	122	29	24
107	123	29	24
105	123	30	23
107	122	29	24
107	123	30	24
105	123	31	23
107	123	30	24
106	122	30	24
106	124	30	24
107	124	30	24
105	125	31	24
107	125	31	23
106	125	31	23
107	123	30	24
107	125	31	24
106	124	31	24
106	126	32	23
107	124	31	24
107	126	32	24
105	124	33	23
108	123	32	24
106	122	32	24
108	123	31	25
108	123	31	24
110	122	30	24
110	123	31	24
110	121	30	25
110	122	29	24
110	122	29	24
109	122	30	24
111	122	29	24
111	122	29	24
109	123	30	23
110	123	29	23
110	123	29	23
111	123	29	23
111	123	29	23
111	124	29	23
111	124	29	22
111	125	29	23
112	125	29	22
111	125	29	22
112	125	28	23
113	125	28	23
113	124	28	23
113	125	29	23
113	124	28	24
113	126	30	23
113	125	30	23
113	125	30	23
114	125	30	23
113	123	30	22
114	124	30	23
116	123	29	24
115	123	29	24
118	124	28	24
118	123	28	24
117	124	30	22
116	126	31	22
116	126	31	21
114	126	32	20
117	126	32	19
118	127	33	19
116	126	33	18
117	127	33	18
118	128	33	19
118	127	33	19
118	128	34	18
118	128	33	19
119	128	33	19
119	127	33	19
119	127	34	19
119	126	34	19
119	125	33	19
121	125	33	20
121	125	32	20
122	124	32	21
122	124	33	21
123	125	33	21
124	123	33	22
123	123	33	21
125	124	33	22
126	124	34	22
126	125	34	21
126	125	35	21
126	125	35	21
126	124	36	20
126	124	36	21
127	124	36	21
129	124	36	21
128	124	37	21
130	124	36	21
130	124	37	21
129	125	37	21
130	125	37	21
134	124	37	21
134	124	37	22
159	123	38	22
164	123	38	23
165	123	38	23
165	123	38	23
154	120	38	23
164	123	38	23
163	124	39	23
157	119	39	23
143	116	39	24
139	117	38	25
139	115	37	26
139	117	36	26
152	118	39	26
152	118	42	26
141	118	43	26
150	117	45	27
163	118	42	28
164	117	40	30
164	115	39	32
166	116	37	33
164	115	38	33
162	115	38	33
159	114	40	33
154	114	42	33
150	114	44	32
150	112	46	32
151	113	47	32
147	114	47	32
146	113	49	32
145	113	50	31
149	111	50	32
145	113	50	32
149	112	50	32
147	113	50	32
144	113	49	32
148	112	48	33
148	114	47	34
147	114	46	34
148	114	45	34
147	115	45	34
147	116	44	34
146	116	45	34
147	116	44	34
148	116	44	34
147	117	45	34
146	117	44	34
144	117	43	33
147	116	43	33
145	116	43	33
144	115	43	32
144	115	42	33
144	114	42	32
141	114	42	32
143	113	41	32
142	114	41	32
141	114	41	32
138	113	41	31
142	113	39	32
141	114	38	32
140	113	37	32
139	115	37	31
140	114	36	31
139	117	35	31
139	117	34	31
138	116	34	31
137	118	34	31
136	120	34	30
137	119	33	31
137	119	32	31
136	117	31	32
133	121	32	30
132	120	32	30
131	120	32	31
131	121	32	31
128	121	33	31
128	121	33	32
125	121	33	31
124	122	33	32
124	124	34	31
124	121	33	31
121	121	34	32
121	121	34	32
121	124	34	31
118	123	34	31
119	121	33	32
117	122	34	32
116	123	33	32
114	122	34	33
113	121	34	33
112	121	34	33
110	121	35	33
110	123	36	33
109	122	36	32
107	123	36	32
106	122	36	31
105	123	36	32
103	124	36	32
104	123	36	32
103	123	35	32
101	123	35	32
98	125	37	32
97	124	37	31
96	123	37	31
93	126	38	31
92	123	38	31
89	126	39	31
88	123	39	31
85	125	40	30
86	124	39	31
84	123	39	32
83	124	39	32
82	123	39	33
80	123	40	33
79	124	39	33
78	124	40	32
77	124	40	33
76	124	40	34
74	125	40	33
73	125	40	34
74	125	40	35
