141	73	27	34
143	74	27	32
143	75	27	32
143	75	28	31
143	74	28	31
144	75	28	31
143	74	28	31
144	74	28	31
145	75	28	31
145	75	28	31
146	74	28	31
146	74	28	31
147	75	28	31
147	75	28	31
148	75	27	31
148	75	28	31
149	75	28	31
150	74	28	31
151	75	27	31
152	74	27	31
154	75	27	31
155	75	27	30
156	74	28	31
157	75	27	31
158	75	27	31
160	74	27	31
161	74	27	31
163	75	27	31
165	74	27	31
167	74	26	31
169	75	26	30
169	75	27	30
170	74	27	30
171	75	27	29
173	75	27	29
174	75	27	29
175	75	27	29
176	75	27	29
177	74	27	29
177	75	27	29
178	75	27	29
178	75	26	29
178	75	27	29
179	74	27	29
179	75	27	29
179	75	26	29
179	75	27	29
178	75	26	29
177	74	27	29
176	74	27	29
174	75	26	29
174	74	27	29
173	75	27	29
172	75	27	29
170	75	27	30
168	75	26	30
166	74	26	30
164	75	26	30
162	75	26	30
161	75	26	30
157	74	26	30
158	74	26	30
156	75	26	30
154	75	26	29
152	75	26	29
149	74	26	30
148	75	26	30
146	75	26	29
145	75	26	29
142	76	27	29
138	75	26	29
138	75	27	29
137	75	27	29
135	76	26	29
133	76	26	29
131	76	26	29
130	76	26	29
128	76	26	29
127	77	26	29
125	77	25	29
123	78	25	28
122	77	25	28
122	77	25	28
121	77	25	28
120	77	25	28
119	78	25	28
119	77	25	28
119	77	25	29
119	78	25	29
118	78	25	28
118	79	25	29
118	79	25	28
119	79	25	28
118	79	25	28
120	79	25	29
119	78	25	29
120	79	24	29
120	79	25	29
121	79	24	28
121	79	25	28
121	79	25	28
121	79	25	28
123	80	25	28
123	80	24	28
123	80	24	28
124	80	24	28
125	81	24	28
126	80	24	28
126	82	24	28
127	80	24	29
131	80	24	29
131	81	24	29
132	80	24	29
133	81	24	29
134	80	24	29
136	80	24	29
136	80	24	29
137	79	24	29
139	79	24	29
139	78	25	29
141	79	25	29
142	79	25	29
143	79	25	29
144	78	25	29
145	78	25	29
145	78	25	29
147	78	26	29
148	78	26	29
149	79	25	29
150	78	25	29
152	78	25	29
151	78	25	29
152	79	25	29
153	79	24	29
154	79	24	29
155	79	24	29
156	80	24	29
157	80	24	28
157	80	24	28
159	81	24	28
159	80	24	28
159	80	24	28
159	80	24	28
160	80	24	28
160	81	24	28
159	81	25	28
159	81	25	28
159	83	25	28
159	82	25	28
159	82	25	28
158	84	26	28
158	84	26	28
158	85	26	27
158	85	26	27
158	87	26	27
158	87	26	26
158	88	26	26
158	90	26	25
158	90	26	25
157	91	26	24
157	93	26	24
158	93	26	24
157	93	27	24
157	93	27	23
157	94	26	23
158	94	26	23
157	94	27	23
157	94	27	23
157	94	27	23
157	94	27	23
156	94	27	23
157	94	27	23
156	93	27	23
156	93	27	23
155	93	27	23
155	93	27	23
154	92	27	23
154	91	27	24
154	91	26	24
154	90	26	25
153	88	26	25
153	88	26	26
152	87	26	26
152	86	27	26
151	86	27	27
150	85	27	27
152	84	27	28
151	83	26	28
152	82	26	29
151	82	26	29
152	82	25	29
152	81	25	29
152	80	25	29
152	80	25	29
153	79	25	30
152	79	25	30
153	79	24	30
153	80	24	29
153	78	24	30
154	79	24	30
153	78	24	30
153	78	24	30
154	77	24	30
154	78	24	30
154	78	24	30
154	77	24	30
154	77	23	30
155	78	23	30
155	78	23	30
154	77	24	30
153	78	24	29
153	78	24	29
152	78	24	29
151	78	24	29
149	78	24	29
147	78	24	29
145	78	25	29
143	79	25	29
140	78	25	29
138	78	25	29
131	79	25	29
132	79	25	29
130	79	25	29
126	80	25	30
124	79	25	30
122	80	25	29
119	80	25	29
117	80	25	29
115	80	25	29
113	80	25	29
110	80	25	29
110	80	25	29
108	79	26	29
106	79	26	29
106	80	26	30
105	79	26	30
104	79	26	30
104	79	26	30
103	79	26	30
103	79	26	30
102	79	26	30
102	80	26	30
102	81	26	30
102	80	26	30
102	81	26	29
102	81	26	29
102	81	26	29
102	83	26	29
102	83	26	29
103	83	26	29
103	84	26	29
103	85	26	29
104	85	25	29
104	86	25	28
105	86	25	29
104	86	25	29
103	86	25	29
102	87	26	28
101	87	26	28
99	87	26	28
96	87	25	28
98	87	25	28
95	87	25	28
94	86	25	28
92	86	25	28
89	86	25	27
87	86	25	27
85	86	25	27
83	86	25	27
81	86	25	27
76	85	25	27
75	85	25	27
73	85	25	27
69	86	25	27
66	86	25	27
63	86	25	27
60	86	25	27
57	86	25	27
54	86	25	27
50	86	25	28
45	85	25	28
45	86	25	27
43	85	25	27
40	85	25	27
37	85	25	27
36	86	25	27
33	86	25	27
31	85	25	27
29	86	25	27
28	85	25	28
24	86	25	28
25	85	25	28
23	85	25	28
22	86	25	28
20	85	25	28
19	85	25	28
18	85	25	28
17	85	25	28
16	85	25	28
16	85	25	29
14	84	25	28
14	84	25	28
14	84	25	28
14	84	25	28
14	84	25	28
13	84	25	28
13	84	25	28
13	84	25	28
13	84	25	28
13	83	25	28
14	84	25	28
14	84	25	28
14	84	25	28
14	84	25	28
14	84	25	28
15	83	25	28
15	84	25	28
16	84	25	28
17	84	24	29
17	84	25	28
21	85	25	29
20	84	25	29
22	85	25	29
25	86	25	29
27	87	25	29
30	88	25	29
33	90	25	29
36	91	25	29
39	93	25	29
42	96	25	29
49	101	26	29
49	101	26	28
52	104	26	29
56	107	26	29
58	109	26	29
62	112	26	29
64	115	26	29
68	118	26	29
70	120	26	29
73	122	27	29
77	126	27	28
77	127	27	28
79	129	27	28
81	130	27	28
84	131	27	28
86	132	27	28
87	134	27	28
88	136	27	28
90	137	27	28
90	138	28	28
94	138	28	28
93	139	28	28
95	140	28	28
96	141	29	28
96	142	30	28
98	141	30	28
99	142	31	29
98	144	31	29
99	146	32	29
99	146	33	30
102	147	33	30
102	146	33	30
103	146	34	30
105	147	34	31
105	145	35	31
106	145	35	31
107	144	35	31
106	141	35	31
108	140	35	31
108	138	35	32
111	136	34	32
110	135	33	32
112	134	33	32
114	133	32	32
116	131	31	32
116	130	30	31
118	129	29	31
120	128	29	31
121	127	29	31
121	127	29	31
124	124	29	31
124	125	29	31
125	124	29	31
126	123	29	32
125	126	29	32
127	123	30	33
125	123	30	34
125	121	30	35
126	121	30	36
126	121	30	37
127	120	30	38
127	120	30	38
127	120	31	39
127	119	31	39
127	118	31	40
128	118	31	40
129	117	31	40
131	116	32	40
132	116	32	40
133	115	33	40
136	116	34	41
137	116	35	41
140	117	35	41
141	115	36	41
144	115	37	41
148	115	37	41
152	114	37	41
155	113	38	41
157	112	38	41
161	111	39	41
167	108	39	41
165	106	40	41
169	106	40	41
170	104	41	42
173	104	41	42
176	104	41	42
178	104	41	42
178	103	42	42
179	103	42	42
179	102	42	42
177	99	42	43
180	100	43	43
178	99	44	43
177	98	44	43
177	97	45	44
175	95	45	45
174	95	45	44
172	94	45	44
169	93	45	43
160	89	48	43
159	89	48	43
158	88	49	43
157	88	49	43
157	87	49	43
156	88	49	44
156	87	49	44
156	88	49	44
155	88	49	44
156	88	49	44
157	87	50	44
158	87	50	44
159	88	50	43
159	87	51	43
160	86	52	42
162	87	52	42
163	86	53	42
166	86	53	42
163	85	55	42
170	84	54	42
172	83	55	42
178	82	55	42
181	81	54	43
185	81	53	43
177	80	57	43
177	81	59	42
190	80	59	43
198	79	56	44
201	78	53	45
203	78	51	45
206	77	50	45
210	77	49	45
211	76	49	45
213	76	48	45
215	76	48	44
217	75	48	44
220	74	48	44
222	73	47	44
226	72	46	45
228	70	46	46
231	70	44	46
235	67	43	46
235	68	42	46
237	65	41	46
239	65	39	45
242	65	38	45
243	63	37	45
245	64	36	44
247	65	35	43
248	66	34	42
249	64	33	42
249	67	33	41
250	67	33	40
249	68	32	39
248	67	32	39
248	71	32	37
246	73	31	35
247	74	31	34
245	74	31	33
244	75	30	32
243	77	30	31
239	78	30	30
240	79	29	30
240	80	29	29
237	80	29	29
237	81	29	28
233	81	29	28
232	82	29	28
231	82	28	27
230	83	28	27
228	83	28	27
224	84	28	27
225	84	28	27
222	84	28	27
221	84	28	27
219	85	27	27
218	85	27	27
216	85	27	27
214	84	26	27
213	85	26	27
212	85	26	27
209	84	26	27
210	83	26	28
209	84	25	28
209	83	25	28
208	84	25	28
207	83	24	28
207	83	24	28
206	84	24	28
206	83	24	28
206	83	24	28
206	82	24	28
206	82	24	28
207	82	24	28
207	82	24	28
207	82	24	28
208	81	24	28
207	82	24	28
208	82	24	28
209	82	24	28
209	81	24	28
211	82	24	28
211	81	24	28
211	81	24	28
211	81	24	28
212	81	24	28
213	81	24	27
213	81	24	27
