0.078188
0.078188
0.078188
0.078188
0.078188
0.078188
0.078188
0.078188
0.078188
0.078188
0.078188
0.078188
0.078188
0.078188
0.078188
0.078188
0.078188
0.078188
0.078188
0.078188
0.078188
0.078188
0.078188
0.078188
0.078188
0.078188
0.078188
0.078188
0.078188
0.078188
0.078188
0.078188
0.078188
0.078188
0.078188
0.078188
0.078188
0.078188
0.078188
0.078188
0.078188
0.078188
0.078188
0.078188
0.078188
0.078188
0.078188
0.078188
0.078188
0.078188
0.078188
0.078188
0.078188
0.078188
0.078188
0.078188
0.078188
0.078188
0.078188
0.078188
0.078188
0.078188
0.078188
0.078188
0.078188
0.078188
0.078188
0.078188
0.078188
0.078188
0.078188
