139	112	51	36
140	113	50	37
140	114	49	38
141	115	49	38
141	116	49	38
141	117	48	38
141	118	48	38
140	118	48	38
140	118	48	38
140	118	48	39
140	118	48	39
140	118	48	39
138	118	48	38
138	117	48	38
138	118	48	38
137	117	48	38
137	117	48	38
138	116	49	38
137	116	48	38
137	115	48	38
137	114	48	38
137	113	49	38
137	113	49	38
137	113	49	38
138	112	48	38
138	112	48	38
138	112	48	38
139	111	48	38
140	110	48	39
141	109	48	39
141	108	48	39
142	108	48	39
142	107	48	39
143	107	48	40
142	107	48	40
143	107	48	40
145	107	49	40
147	106	49	40
150	105	49	40
151	105	49	40
153	105	49	40
155	105	50	40
158	105	50	40
160	106	51	40
162	107	51	40
164	107	52	41
166	108	52	41
168	108	52	42
169	108	53	42
171	107	53	42
173	105	53	42
174	103	54	42
177	102	54	42
179	100	54	43
180	99	53	43
181	98	54	43
182	97	54	43
182	96	54	42
183	96	54	43
184	96	55	42
184	97	55	42
185	98	56	42
186	97	56	42
186	98	56	42
186	99	56	42
186	99	56	43
185	99	56	43
185	99	56	43
186	100	56	43
185	100	56	43
185	99	56	43
184	100	56	43
185	99	56	43
184	100	56	43
184	99	56	43
183	99	55	43
181	98	55	43
181	99	55	43
181	100	55	43
179	98	55	43
179	99	55	44
179	98	54	44
177	98	54	44
177	98	54	44
175	98	54	43
174	98	54	43
174	97	54	43
172	96	55	43
171	96	55	43
170	96	55	43
168	97	55	42
167	97	55	42
167	98	56	42
166	98	56	42
166	98	56	42
165	99	56	42
166	100	56	43
167	101	55	43
167	102	55	44
168	102	54	45
168	101	54	45
168	100	54	45
166	100	54	45
165	98	55	45
165	99	55	45
163	98	56	44
163	99	56	44
161	100	56	44
161	100	56	44
160	100	56	44
160	100	56	44
162	100	56	44
162	101	55	44
161	101	55	44
161	100	55	44
161	100	54	44
162	99	54	44
161	98	54	44
161	99	54	44
161	98	54	44
161	97	54	44
161	96	54	44
161	95	54	44
161	94	54	43
162	92	54	43
161	91	54	42
161	91	54	42
160	90	55	41
161	89	55	41
161	89	55	41
160	88	55	40
161	88	55	40
160	87	55	40
162	87	55	39
161	86	55	38
163	86	55	39
162	86	55	38
161	86	55	37
163	85	55	37
163	85	55	37
163	84	55	37
162	84	55	37
163	83	55	37
164	83	55	37
163	83	55	37
164	81	55	37
164	82	55	37
163	81	54	37
165	81	54	37
164	82	54	37
163	81	54	37
163	80	54	37
163	81	54	37
163	80	54	37
163	79	54	37
163	79	55	37
163	79	55	37
165	79	55	37
163	79	54	37
165	78	55	37
164	79	54	37
164	79	55	37
165	78	55	38
164	80	55	37
165	77	55	38
164	79	54	38
165	76	55	39
164	78	55	38
166	77	55	39
165	78	55	38
164	77	55	38
166	80	56	38
165	81	55	38
166	81	55	38
166	81	55	39
166	80	55	39
164	84	55	38
165	83	56	38
165	84	56	39
164	84	56	39
164	84	56	39
165	85	56	39
164	87	56	39
165	87	56	39
165	88	56	39
166	89	56	39
165	88	56	40
166	89	56	40
165	90	56	41
165	91	56	41
165	91	57	42
166	93	57	42
166	93	57	43
165	94	57	43
165	94	57	44
165	95	58	44
166	96	58	45
165	96	58	46
165	97	58	46
165	98	58	46
165	98	58	46
165	99	58	46
165	100	58	46
165	100	58	46
165	102	58	46
165	103	58	46
166	105	58	46
166	105	59	47
165	106	59	47
166	107	59	47
166	107	59	47
166	108	59	47
166	110	59	47
165	111	59	47
166	112	59	47
165	113	59	47
166	114	59	47
165	115	59	48
165	116	59	48
164	117	59	49
165	120	60	49
164	120	60	49
164	121	60	50
164	121	60	51
164	122	60	51
164	123	60	50
163	124	60	50
163	125	60	49
164	126	60	49
163	127	60	49
163	127	61	49
164	127	61	49
163	128	61	48
163	128	61	49
163	128	61	49
164	129	61	48
163	128	61	49
163	128	61	49
164	126	61	49
164	125	60	50
164	123	60	50
164	122	60	51
165	120	59	51
164	118	59	51
164	116	58	50
164	115	58	50
164	113	58	50
165	112	57	50
164	111	57	49
165	110	57	49
166	108	57	49
165	107	57	49
166	106	57	48
166	106	57	48
167	106	57	48
167	106	57	47
166	105	57	47
166	104	57	47
165	104	57	46
165	104	57	46
164	103	56	46
163	102	56	46
163	101	56	46
164	100	56	46
165	98	55	47
166	97	55	47
167	96	55	48
167	95	55	48
168	94	54	48
169	93	54	48
170	92	54	48
170	91	54	48
171	90	54	48
172	90	53	48
172	90	54	48
173	89	53	49
174	89	53	49
174	90	53	49
174	89	53	49
175	89	52	49
175	88	52	49
176	90	51	49
176	89	51	49
177	89	51	49
176	88	50	49
176	88	50	49
176	88	50	49
177	88	50	49
177	88	50	49
177	88	50	49
177	89	50	49
176	89	50	49
177	89	50	49
177	89	50	49
176	90	50	49
176	90	50	49
176	90	50	48
176	90	50	48
175	91	51	48
176	91	51	48
175	91	51	47
174	92	52	47
175	93	52	47
175	92	52	47
175	92	53	47
174	92	53	47
175	91	53	47
174	92	53	47
174	91	54	47
173	90	54	47
174	90	54	47
174	90	54	47
174	90	54	47
174	90	54	47
173	90	54	46
173	90	54	46
174	90	54	46
173	90	54	46
173	89	54	47
173	89	54	47
173	89	54	47
173	90	54	47
174	89	54	46
174	90	54	46
174	89	54	46
176	90	54	46
176	89	54	46
176	88	54	46
176	88	54	46
176	89	54	45
176	89	54	45
177	89	54	46
177	89	54	45
177	89	54	45
177	89	55	45
178	90	55	45
177	90	55	45
178	90	56	45
178	90	56	45
178	91	56	45
178	90	56	45
178	90	56	45
178	89	57	45
177	89	57	46
176	91	57	45
177	91	58	45
176	90	57	45
176	92	58	45
175	91	58	45
175	92	58	44
175	92	58	45
175	93	59	44
175	92	59	45
175	92	58	45
176	93	58	45
175	92	58	45
176	93	59	45
175	93	59	45
176	93	59	45
177	93	59	45
177	93	59	45
178	92	59	45
178	92	58	45
178	92	58	45
178	92	59	45
179	92	59	45
179	92	59	45
179	92	59	45
180	92	59	45
179	91	60	45
180	92	60	45
180	91	60	45
181	92	60	45
180	91	60	45
181	90	60	45
181	91	60	45
183	92	60	46
181	91	60	45
183	91	61	46
182	92	60	45
183	91	61	46
182	92	61	46
183	93	61	45
184	92	61	46
183	93	61	46
184	93	61	46
184	92	61	46
185	93	61	46
184	93	61	46
185	93	61	46
185	92	61	46
185	93	61	46
184	93	61	46
185	93	61	46
185	93	61	46
186	94	61	46
187	94	61	46
186	93	61	46
185	94	61	46
186	94	61	46
186	93	61	46
186	94	61	46
187	93	61	46
187	93	61	46
186	93	61	46
186	95	61	46
187	93	61	46
186	94	61	46
187	94	61	46
187	93	61	46
186	93	61	46
186	93	61	46
187	94	61	46
187	93	61	46
186	94	61	46
186	93	61	46
187	94	62	46
186	94	61	46
186	94	61	46
187	94	62	46
186	93	61	46
186	94	62	46
187	93	62	46
187	93	61	46
187	93	62	46
187	93	62	46
187	94	62	46
187	93	62	46
187	93	62	46
187	92	62	46
188	93	62	46
188	94	62	46
188	94	62	46
188	93	62	46
189	94	62	46
190	93	62	47
189	93	62	47
189	94	62	46
189	93	62	47
187	92	61	47
187	93	61	46
186	92	61	46
186	92	61	47
185	93	61	46
184	92	61	46
184	93	61	46
183	91	60	47
182	93	60	46
182	93	60	46
182	93	60	46
180	93	60	46
180	94	60	46
181	94	60	46
180	93	60	46
179	94	59	46
179	94	59	46
179	94	59	46
179	94	59	46
179	93	59	46
179	93	59	46
179	94	59	46
178	94	59	46
179	94	58	46
179	94	58	46
178	94	58	46
179	94	59	46
179	94	59	46
179	94	59	46
180	95	59	46
180	95	59	46
180	94	59	46
181	95	59	46
182	94	60	46
182	96	60	45
183	95	60	46
183	95	60	46
184	95	60	46
184	96	60	46
186	96	60	46
185	96	60	46
186	96	60	46
187	96	60	46
188	96	60	47
189	95	60	47
189	95	61	47
190	95	60	47
191	95	60	47
191	95	60	48
192	94	61	48
194	92	61	49
194	92	61	49
195	93	61	49
196	91	61	50
197	92	61	49
197	93	61	49
199	91	62	50
199	91	62	49
199	92	62	49
200	93	62	49
199	92	62	49
199	92	62	49
198	93	62	49
198	92	61	49
197	93	61	49
196	93	61	49
195	92	61	49
194	92	60	49
193	92	60	49
191	92	60	49
190	93	60	48
189	93	60	48
187	92	59	48
186	93	59	48
186	91	59	48
184	93	59	47
184	93	59	47
184	92	59	46
184	92	58	46
184	92	58	46
184	91	58	46
183	93	58	46
184	92	58	46
183	92	58	46
183	93	58	45
183	92	58	46
182	92	58	46
181	91	58	45
180	90	57	45
180	89	57	46
180	86	56	47
182	85	55	47
181	83	55	47
180	83	55	47
180	82	55	47
181	81	55	47
179	81	55	47
179	81	55	48
181	80	55	48
179	80	55	48
180	79	56	48
178	80	56	48
181	78	56	48
179	78	56	48
181	77	57	49
180	76	56	49
180	76	57	49
179	77	57	49
179	75	57	49
180	76	58	48
179	77	58	48
179	78	58	48
179	77	59	48
179	79	58	48
178	80	58	48
181	80	58	49
180	81	58	49
179	83	58	49
178	85	58	48
179	87	58	48
177	90	58	47
176	93	59	47
177	94	59	46
176	96	60	46
176	96	60	46
175	98	60	46
175	100	61	46
175	100	61	47
175	102	61	47
174	103	61	47
173	104	61	47
173	106	60	47
173	109	60	48
172	111	60	48
171	114	61	48
170	115	61	48
170	118	61	49
169	120	61	49
169	121	62	49
168	122	62	50
166	122	62	50
166	122	62	50
164	122	62	50
164	122	62	50
163	121	62	50
163	122	61	50
162	121	61	49
162	120	60	49
161	120	60	49
160	119	60	48
160	118	60	48
160	118	60	48
161	117	60	48
159	115	60	48
160	116	60	48
160	117	60	49
161	118	60	50
162	119	60	51
162	118	59	52
161	115	59	53
160	112	59	53
157	109	60	52
153	106	60	51
151	106	61	50
150	108	61	50
149	110	62	49
150	111	62	49
150	112	62	49
152	113	63	49
153	114	62	49
154	114	62	50
155	114	61	52
155	113	61	53
155	111	61	54
154	108	61	54
154	105	61	53
152	103	62	52
151	103	62	51
150	102	62	51
150	102	62	50
149	101	62	50
148	101	62	50
149	101	62	50
149	101	61	51
147	101	62	51
147	100	62	52
148	99	61	52
146	97	62	52
146	95	62	52
144	94	63	52
144	93	63	52
144	92	63	52
146	92	64	52
145	93	64	52
146	95	64	52
145	95	64	53
146	95	64	53
146	94	64	54
145	93	64	54
143	91	64	54
142	90	64	54
140	88	65	53
140	87	65	53
139	88	66	53
140	88	67	53
140	90	67	53
142	92	66	54
141	94	66	55
142	96	65	55
141	96	65	56
143	95	64	57
143	95	64	58
141	95	64	58
140	92	64	58
139	91	65	57
137	90	65	56
137	90	66	55
138	91	66	54
139	92	66	54
141	93	66	54
144	94	66	54
145	95	65	55
146	96	65	55
147	97	65	55
145	97	65	55
144	96	65	55
142	95	66	54
140	94	66	54
137	94	67	53
134	95	67	53
133	97	68	52
131	100	68	52
131	102	68	52
133	103	68	52
134	103	68	52
134	102	68	53
133	103	68	52
132	103	68	52
131	103	69	51
134	102	69	52
136	100	69	52
138	101	68	52
139	101	68	53
142	100	68	53
143	100	68	54
146	100	68	54
147	99	67	54
149	99	67	55
148	99	67	55
145	98	67	55
142	97	67	55
139	98	67	54
136	100	68	53
135	103	68	53
135	105	68	53
136	106	68	53
135	107	68	53
134	107	68	53
133	108	69	53
130	108	69	53
129	109	69	53
128	109	69	53
128	109	70	53
129	108	70	54
129	107	70	54
127	105	71	54
125	104	71	55
124	103	71	55
121	100	72	55
118	97	71	56
115	95	71	56
111	93	71	57
107	92	71	57
103	91	71	56
99	89	71	56
97	90	70	56
96	89	70	56
96	89	71	55
97	89	71	55
95	88	71	55
93	89	71	55
92	88	71	55
91	88	71	55
91	88	71	56
92	88	72	55
91	87	72	56
92	88	72	56
92	89	72	57
91	89	72	57
91	88	72	57
89	88	71	57
86	88	72	57
83	88	72	56
80	87	72	56
76	86	71	56
73	86	71	56
72	87	70	55
73	88	70	55
77	88	70	55
82	90	71	55
89	93	73	57
95	94	73	58
98	95	74	59
98	96	74	60
96	95	74	60
93	94	74	60
91	93	74	60
92	93	74	59
93	92	75	59
94	93	74	59
98	93	75	59
102	95	75	59
104	95	75	59
107	95	76	60
109	96	76	60
114	94	76	60
116	95	76	61
121	95	77	61
124	97	77	61
127	98	78	61
129	98	78	60
130	98	78	60
131	98	77	59
131	97	77	59
134	97	78	59
140	96	78	59
146	95	78	59
152	95	78	60
157	95	79	60
161	97	79	60
164	96	80	61
168	98	81	60
170	98	82	61
175	100	83	61
178	101	84	61
184	101	85	62
188	102	85	62
192	102	85	63
196	101	85	64
199	100	85	65
203	99	86	65
206	99	86	65
210	98	87	66
212	97	87	66
214	97	87	66
216	97	87	66
218	97	86	66
218	98	86	66
219	98	86	66
219	98	86	66
219	97	86	66
218	97	85	66
218	97	86	66
218	97	86	66
219	97	86	66
217	98	86	66
217	98	85	66
214	98	85	66
210	97	86	66
207	96	85	67
204	95	84	67
201	94	84	67
200	94	84	67
200	95	83	67
199	97	83	67
196	98	83	67
193	98	83	67
189	98	83	67
184	97	83	67
179	97	83	67
172	95	83	66
167	94	83	65
163	96	82	64
159	96	81	63
157	95	81	63
154	96	80	62
151	96	80	61
147	96	79	61
143	96	79	61
140	95	79	61
136	95	79	61
133	95	78	61
130	95	78	61
128	94	78	61
125	95	79	61
123	96	78	61
122	96	78	61
120	98	78	61
118	100	78	61
116	101	78	61
115	102	78	61
113	101	78	62
110	100	78	62
108	97	79	63
107	97	79	63
104	96	80	64
102	97	80	64
101	98	80	64
101	96	80	64
102	94	80	64
102	94	80	65
103	93	81	65
104	94	81	64
104	98	81	64
103	102	81	63
104	107	82	62
102	110	82	63
102	110	82	63
100	110	83	64
100	109	83	65
99	105	83	65
99	98	84	66
100	92	84	66
101	88	84	67
101	83	84	67
102	80	84	67
104	78	84	66
106	79	84	66
109	82	85	65
110	86	85	65
111	89	85	66
110	95	85	67
109	102	86	66
108	106	86	66
108	106	86	67
106	104	86	68
107	101	87	69
105	96	87	71
105	92	88	73
104	89	89	73
104	86	89	74
104	80	90	74
104	77	90	74
105	74	90	74
106	72	90	73
107	74	90	72
108	79	91	72
110	84	92	72
113	88	93	72
114	93	93	73
116	93	93	73
118	92	93	73
118	90	92	73
119	87	92	73
120	84	93	72
119	81	93	72
119	78	93	72
118	75	93	73
117	73	94	74
116	71	94	75
116	68	94	76
115	66	94	77
115	64	94	78
115	61	94	78
114	62	94	78
115	63	95	78
116	65	95	77
117	70	96	77
118	79	96	76
118	86	97	75
119	90	98	75
119	91	98	76
119	91	98	77
117	89	98	78
116	87	98	78
116	83	99	79
116	79	99	80
117	76	100	81
117	72	100	82
118	66	101	84
120	63	102	84
121	61	103	84
121	62	104	84
119	65	104	85
119	74	103	83
118	86	103	82
117	94	103	83
116	105	104	83
116	110	105	84
113	110	106	84
111	105	107	85
110	97	107	86
108	89	108	88
107	82	108	88
107	74	108	88
108	66	109	89
109	62	110	89
108	61	110	89
108	63	111	89
106	68	111	89
104	75	112	89
100	85	113	89
97	94	114	92
95	102	117	93
93	107	120	93
91	107	121	94
88	100	122	96
86	91	122	98
86	81	122	99
84	71	122	101
84	63	122	102
82	58	122	102
81	56	122	101
79	58	122	102
78	65	124	102
75	77	125	102
74	88	127	103
74	94	130	103
72	96	130	103
70	94	131	105
68	88	131	106
68	78	132	107
69	67	132	108
70	56	133	107
70	48	132	107
71	41	133	108
69	36	132	108
68	35	132	108
68	38	132	107
67	46	133	106
65	55	133	106
64	67	134	107
62	77	135	108
60	86	136	108
59	91	137	109
56	94	138	110
54	90	139	111
55	83	139	112
55	72	139	113
55	61	139	113
56	52	139	114
56	44	139	114
56	38	139	114
56	35	139	114
55	36	140	115
56	45	141	114
54	57	142	115
53	69	143	116
51	84	145	117
47	93	148	118
43	100	150	119
40	102	152	121
39	97	152	123
40	89	153	124
41	77	154	125
43	64	154	125
44	53	154	125
47	45	154	127
48	39	155	129
48	36	154	130
48	39	155	130
48	48	157	129
48	60	158	129
48	70	160	130
45	85	163	130
43	94	166	133
40	96	167	136
39	91	167	138
38	82	167	138
40	69	168	139
41	56	168	139
46	43	170	139
47	31	172	139
49	25	174	140
49	22	176	140
47	24	175	140
45	32	174	139
44	44	173	138
43	58	171	137
41	66	169	138
40	75	170	137
39	77	170	137
38	73	170	137
37	65	169	138
38	54	169	139
40	41	170	139
42	31	170	139
46	20	173	137
48	14	176	137
47	13	178	136
45	13	178	137
46	20	178	135
43	30	177	136
42	45	175	136
41	61	173	137
40	72	173	139
40	82	174	142
38	88	175	145
37	84	174	147
36	75	174	149
40	63	176	150
42	53	180	149
43	43	181	148
43	34	182	148
45	30	185	148
43	29	187	148
43	38	188	147
43	46	188	147
41	58	190	147
41	66	191	150
40	74	191	152
38	73	191	156
36	68	190	156
38	60	189	156
41	52	188	154
43	43	189	152
44	38	188	150
45	35	188	148
47	36	187	146
47	45	186	144
46	58	185	142
42	70	184	144
40	87	181	144
38	90	179	145
39	85	175	146
40	76	174	145
43	65	173	144
48	55	174	143
52	45	174	141
58	34	174	138
62	27	174	135
64	26	172	131
67	27	170	129
70	35	168	125
73	44	165	124
74	54	163	123
76	61	161	123
77	61	159	125
78	61	158	126
82	58	155	127
84	50	154	124
87	42	153	122
90	33	151	117
94	27	149	113
98	25	146	111
102	28	144	108
104	36	142	105
106	46	140	103
108	59	138	104
108	67	136	108
108	83	136	109
105	89	135	110
105	90	135	111
106	83	134	113
111	68	134	115
114	60	133	113
118	51	133	108
122	42	132	104
124	34	131	102
127	30	130	100
129	30	129	99
130	32	127	97
131	40	127	96
132	50	127	95
132	63	127	96
135	73	126	100
137	85	125	101
138	95	123	99
137	97	122	99
139	87	121	101
138	72	121	103
139	64	121	102
141	54	121	99
143	44	121	95
144	36	120	93
146	31	119	91
148	31	118	90
148	33	117	88
148	40	116	87
147	48	115	86
146	59	116	86
149	68	115	89
149	81	113	90
148	89	113	90
147	96	112	89
147	94	112	89
147	87	112	90
147	76	111	91
147	65	110	92
146	61	110	90
147	53	111	88
148	50	110	85
147	47	110	83
150	45	109	82
149	48	108	81
148	52	107	80
146	59	107	79
148	65	106	79
151	72	103	82
151	78	102	82
149	85	103	81
151	85	102	82
151	79	100	84
150	72	100	85
148	65	100	86
147	61	100	83
147	58	101	81
148	55	101	79
148	55	101	78
149	59	100	76
152	65	99	76
153	70	97	78
154	83	95	79
153	94	95	77
152	102	96	74
153	105	96	73
154	100	94	73
156	94	94	73
158	87	93	72
160	80	93	73
163	70	91	75
166	68	90	75
169	67	89	74
170	68	88	71
172	69	87	70
173	70	85	70
173	80	85	68
174	87	84	66
175	95	83	64
176	101	82	63
177	102	81	62
176	98	80	62
176	91	79	61
177	85	78	61
178	80	77	61
180	73	76	63
181	72	75	62
182	74	73	60
183	74	73	61
183	81	72	59
184	85	71	59
185	92	71	57
185	98	70	56
186	98	69	56
185	95	68	55
184	93	68	55
183	89	67	54
183	87	66	54
184	85	65	53
183	85	64	53
180	85	64	53
177	87	64	52
174	90	63	51
172	92	62	50
171	96	62	49
174	97	62	49
177	99	62	49
183	99	62	49
190	101	63	49
195	101	63	50
201	102	63	50
206	101	63	51
208	103	65	51
212	105	66	51
216	106	66	51
220	107	66	51
224	107	64	51
226	109	62	51
227	108	61	51
225	108	62	51
221	108	63	51
218	108	65	52
215	108	65	52
214	108	65	52
211	107	65	51
208	106	64	51
204	106	64	50
200	105	64	50
197	104	63	50
193	102	63	50
189	102	62	49
185	101	62	49
180	100	61	48
177	98	60	47
173	98	60	47
170	97	59	46
168	97	58	45
166	95	58	45
164	94	58	44
164	95	57	44
163	94	57	44
163	94	56	44
162	95	56	43
163	95	56	43
162	94	56	43
162	94	55	44
161	95	55	43
162	95	55	44
162	95	55	44
163	96	55	44
163	97	55	44
164	97	55	44
164	98	55	43
165	98	55	43
167	99	56	43
168	101	56	43
169	102	56	43
171	103	56	43
172	105	56	43
173	107	56	43
175	109	56	43
177	110	56	43
179	112	55	43
181	114	55	43
183	117	55	43
185	119	54	43
187	119	54	42
189	121	53	42
191	122	52	42
193	124	52	42
195	125	52	42
196	126	51	41
198	127	51	41
200	128	51	41
200	129	50	40
204	129	50	40
204	128	49	40
205	127	49	39
208	126	48	39
210	126	48	38
212	126	47	38
213	125	47	37
215	125	46	37
217	126	46	37
218	126	46	36
220	127	45	36
221	128	44	36
222	128	44	35
222	128	44	35
223	130	43	34
224	131	43	34
224	131	42	33
224	131	42	33
225	132	42	33
226	131	42	33
227	130	41	33
226	130	41	32
226	129	41	32
227	128	41	32
228	126	41	32
229	125	41	32
229	123	40	32
230	121	40	31
230	121	39	32
230	121	39	32
230	121	39	32
231	121	39	32
232	121	39	32
231	122	39	31
230	123	38	31
230	123	38	31
229	123	38	30
229	124	38	31
230	125	38	30
230	125	38	30
233	125	38	31
234	125	38	31
234	125	37	31
233	125	37	31
231	124	37	31
226	124	37	31
224	124	37	31
220	125	37	31
217	125	37	31
214	124	37	31
212	124	36	31
209	124	36	30
208	124	36	30
206	124	36	30
205	124	36	30
204	125	36	30
203	124	36	30
203	124	36	30
203	124	36	30
203	125	36	30
204	124	36	30
204	124	36	30
204	125	36	30
205	125	36	30
206	125	36	30
206	124	36	30
207	124	36	30
207	123	36	30
208	123	36	30
209	123	37	30
210	125	37	29
212	127	37	29
212	129	37	30
211	132	37	29
212	135	38	29
211	137	38	30
211	138	38	30
210	140	38	30
210	140	38	30
210	141	37	30
211	141	38	31
213	141	37	31
213	140	37	31
215	141	37	31
216	141	38	31
217	141	38	32
218	141	38	32
219	141	38	32
219	140	39	32
219	140	40	32
221	140	40	32
221	142	41	32
221	145	42	32
220	149	42	33
217	157	43	34
213	170	43	35
