146	150	32	73
146	149	33	71
146	150	34	71
147	150	35	70
146	150	35	70
147	150	35	70
145	150	36	70
147	150	36	71
146	150	36	71
145	151	36	71
147	151	35	71
146	150	35	71
147	151	35	71
146	150	36	71
148	150	35	70
147	151	35	70
147	151	36	70
148	150	35	70
147	150	35	71
147	150	35	71
147	150	35	71
147	150	35	71
148	150	35	71
148	150	35	71
148	150	35	71
149	150	35	71
148	150	35	71
148	150	35	71
149	150	35	71
149	150	35	71
150	150	35	71
150	150	35	71
149	151	35	71
149	151	35	71
148	150	35	71
148	151	35	71
148	151	35	71
147	152	35	71
147	152	35	71
146	152	36	71
145	152	36	71
146	153	36	71
145	153	36	71
145	152	36	71
145	151	36	71
145	152	35	71
145	152	35	71
145	152	35	71
145	152	35	71
144	152	36	71
144	152	35	71
142	153	36	71
142	153	36	71
143	153	35	71
143	152	35	71
142	153	35	71
143	153	35	71
143	152	36	71
143	152	35	71
144	153	35	71
143	154	35	71
143	154	35	71
144	153	34	71
145	153	35	71
145	153	35	71
145	154	34	71
145	153	34	71
145	154	35	71
145	153	34	71
146	153	34	71
145	154	34	71
146	154	34	71
146	154	34	71
146	154	34	71
146	154	34	71
146	154	34	71
145	153	35	71
144	153	35	71
145	153	34	71
144	154	35	71
145	154	35	71
144	153	35	71
145	152	35	71
146	152	35	71
146	152	34	71
147	152	34	71
147	152	34	71
148	152	34	71
147	152	35	71
147	152	34	71
148	153	34	71
148	153	34	71
148	153	34	71
148	153	35	70
149	154	35	71
149	155	35	71
149	155	35	70
149	156	36	70
150	157	35	70
151	157	35	70
151	157	35	70
150	156	35	70
151	156	35	70
151	155	35	70
151	156	35	70
151	156	35	70
150	156	35	70
151	155	35	70
151	155	35	70
151	154	36	70
151	154	35	70
151	154	35	70
152	155	35	71
152	155	35	71
152	155	35	71
152	154	35	71
153	154	35	71
154	154	35	71
153	154	35	71
155	154	35	71
153	153	36	70
153	154	36	71
153	154	36	71
153	155	36	71
152	155	36	71
152	155	36	71
152	154	36	71
152	154	36	71
151	153	36	71
152	154	35	71
152	154	36	71
151	153	36	70
151	154	36	70
151	153	36	71
151	153	36	71
152	152	36	71
152	152	35	71
152	152	35	71
152	151	35	71
152	152	35	71
151	152	35	71
151	151	34	71
151	151	34	71
151	152	34	71
150	152	35	71
149	151	35	71
149	151	35	71
149	151	35	72
149	151	35	71
149	151	35	72
148	151	34	72
149	150	34	72
149	151	34	72
148	150	35	72
148	150	35	72
148	150	35	72
148	150	35	72
147	150	35	72
148	150	34	72
147	151	34	71
146	151	34	72
146	151	34	72
146	151	34	71
146	151	34	71
145	152	34	71
146	151	35	71
145	151	34	71
146	151	34	71
146	152	35	71
145	151	35	71
145	151	35	71
146	151	35	72
144	151	35	71
145	152	35	72
145	151	35	72
145	151	35	72
145	150	36	72
145	150	35	72
145	150	35	72
145	150	35	72
145	150	35	72
143	150	36	72
144	150	36	72
144	150	36	72
146	150	35	73
146	150	35	72
147	150	34	73
149	149	34	72
151	149	34	72
153	149	34	71
155	149	34	71
159	148	34	70
162	148	34	70
165	147	34	70
166	147	34	70
169	145	34	70
170	145	34	70
172	144	34	71
172	143	34	72
171	141	34	74
170	140	35	74
167	138	35	74
164	137	35	75
160	137	36	76
156	136	37	76
152	135	38	76
146	135	39	75
142	134	40	76
137	133	40	78
132	133	40	79
126	133	40	81
121	131	41	80
118	131	41	81
114	132	41	83
112	131	41	83
111	133	41	85
108	132	40	85
110	134	41	85
106	137	41	85
105	138	40	84
105	141	39	84
104	141	39	84
104	144	39	83
106	147	39	82
107	149	39	80
106	152	40	78
106	154	40	77
107	156	40	76
109	157	39	74
111	156	38	75
112	160	38	74
112	159	37	74
111	160	37	74
111	160	36	75
111	161	36	76
109	161	36	75
107	162	36	75
107	160	36	75
105	159	35	75
104	160	36	74
101	162	36	74
99	162	37	74
97	160	37	74
93	161	37	74
90	159	37	75
87	158	37	75
83	157	38	76
81	156	39	77
79	155	39	77
75	155	39	77
71	153	40	78
67	152	40	79
64	150	40	80
63	147	40	81
60	146	41	82
58	143	41	83
57	142	41	85
55	140	41	86
54	138	41	87
52	137	40	88
52	137	40	88
50	136	40	89
52	136	40	89
51	135	40	89
53	135	41	88
54	135	42	88
55	134	43	88
57	135	43	88
60	135	44	89
63	134	45	90
68	133	47	90
72	134	47	91
76	134	47	91
81	133	47	92
86	135	46	91
91	135	45	91
96	134	46	91
101	134	47	91
105	133	48	91
109	134	49	91
112	136	50	90
117	136	49	90
120	137	47	90
123	138	47	89
126	140	46	88
129	140	46	87
130	140	45	88
135	142	44	87
137	143	43	87
140	145	41	87
142	145	40	86
144	147	39	86
146	147	38	85
148	147	37	85
148	148	37	84
149	149	37	84
149	149	37	83
149	151	37	83
149	152	37	83
148	154	37	82
149	155	36	81
146	157	37	81
146	158	37	80
146	160	37	80
142	161	39	79
140	163	39	78
137	164	39	77
135	166	40	76
132	168	40	76
128	169	40	76
125	169	40	76
121	169	41	76
118	170	40	76
116	170	40	75
117	168	40	74
112	168	40	73
107	168	39	73
106	167	38	75
101	168	38	74
98	166	38	74
95	166	39	75
91	165	39	75
88	165	39	74
85	165	39	74
81	163	40	74
80	163	39	76
76	161	39	76
73	159	39	78
71	158	39	79
69	155	39	79
65	153	39	79
64	151	38	80
64	149	38	82
63	146	37	82
63	145	37	83
64	145	37	82
63	141	37	82
65	141	36	83
67	138	37	83
69	137	37	83
72	135	38	83
75	136	38	83
77	133	40	83
80	132	40	82
84	130	41	82
90	130	41	82
94	130	41	84
98	128	41	85
105	128	40	87
111	127	39	88
116	127	40	89
121	127	41	90
125	126	42	90
131	127	44	89
138	128	45	89
145	128	45	88
151	128	45	87
156	129	43	85
164	129	42	84
170	128	41	82
177	128	40	82
183	127	41	80
189	130	40	80
195	130	40	80
202	132	39	81
207	130	40	80
209	134	41	80
213	134	40	80
217	135	40	82
220	134	39	84
222	137	38	84
223	134	38	86
224	142	38	83
224	144	37	81
223	145	38	80
220	146	38	79
215	147	39	78
212	149	39	78
208	149	40	78
203	150	41	78
198	154	40	79
189	153	41	78
185	155	42	77
179	156	43	75
172	158	43	73
166	160	43	72
161	163	43	72
156	163	42	73
150	161	41	75
144	163	41	76
139	162	41	76
132	161	41	75
124	159	41	76
118	158	42	75
112	160	42	76
107	158	43	75
101	157	43	75
96	155	43	75
92	153	43	75
89	149	44	75
84	147	44	75
80	145	44	75
77	140	44	76
74	136	44	76
76	132	43	77
75	127	43	77
78	125	43	77
80	122	42	78
84	119	42	78
88	116	42	79
92	112	42	79
98	108	42	80
105	105	43	80
110	102	42	80
115	98	42	79
120	96	42	79
125	93	43	79
128	90	43	78
132	86	44	78
135	84	45	77
138	81	45	78
141	78	45	78
144	75	44	79
148	71	43	81
150	69	43	81
152	66	43	81
153	63	43	81
152	58	43	81
152	56	43	81
150	53	44	82
148	50	44	82
145	48	45	83
143	46	45	84
141	43	45	85
139	42	45	85
136	43	46	87
135	41	46	88
131	42	47	89
128	43	47	90
126	44	46	91
125	45	46	93
121	46	47	95
119	48	48	96
117	50	48	98
115	51	49	100
112	55	50	103
109	56	51	104
106	61	51	105
104	63	51	105
102	68	52	105
100	72	52	104
98	78	52	102
98	82	51	102
96	87	51	101
96	92	50	100
94	95	50	98
94	102	48	96
95	108	47	95
95	114	46	94
94	118	46	93
95	122	45	90
96	125	45	88
96	131	45	86
98	135	44	84
100	137	43	82
102	140	42	80
102	143	42	78
103	145	41	77
105	148	40	75
106	150	39	75
106	152	38	75
107	156	38	74
107	157	37	75
108	158	36	75
109	159	36	75
110	160	35	76
109	161	35	76
110	161	35	76
109	161	34	77
109	161	34	77
110	162	34	77
110	163	34	78
110	163	34	77
110	163	34	77
108	163	35	77
109	161	35	77
110	161	35	77
110	161	35	78
110	159	35	77
108	160	35	77
108	160	36	77
106	159	37	77
104	158	37	77
105	156	37	77
103	156	37	77
103	155	38	77
102	153	38	78
101	152	39	79
99	150	39	80
97	149	40	81
97	148	40	82
96	145	41	84
94	144	42	85
93	141	42	86
93	139	43	86
92	136	45	86
90	133	45	86
90	131	46	87
89	128	47	88
87	124	47	88
86	121	48	89
87	119	47	89
87	117	47	89
90	112	47	90
92	111	47	93
96	109	48	95
100	107	48	98
107	105	47	101
115	104	47	104
122	104	49	104
128	105	50	105
134	108	51	105
142	111	53	103
150	114	51	101
158	114	50	100
166	113	48	100
172	117	47	99
177	118	47	98
183	121	46	97
186	123	45	97
188	122	45	96
188	125	45	96
190	126	45	94
189	129	45	94
190	133	46	93
188	133	46	93
187	135	47	93
186	137	46	93
182	141	47	92
181	144	47	91
177	146	48	90
174	148	47	90
170	149	46	90
168	153	46	88
164	156	47	88
162	160	47	86
160	163	48	85
155	168	48	83
154	167	46	83
153	166	44	83
149	171	44	83
145	175	43	83
144	176	42	83
145	176	42	82
145	176	41	81
144	178	41	81
142	180	41	80
138	181	42	80
133	179	42	79
128	177	43	79
124	177	43	78
120	177	43	78
118	179	43	78
117	181	43	78
116	181	42	77
115	178	41	77
114	179	41	77
114	179	40	76
115	180	39	76
117	179	39	76
119	181	38	76
121	180	37	76
124	179	37	75
126	179	37	76
128	181	36	75
130	184	36	75
132	185	36	75
134	186	36	75
136	188	36	75
139	188	37	75
142	190	38	75
144	188	38	75
148	189	37	76
152	187	37	76
157	187	37	75
160	187	37	76
164	187	36	76
168	186	36	76
172	186	37	77
176	185	37	77
178	184	37	77
181	180	38	76
183	176	39	75
184	173	39	76
185	172	40	76
184	169	41	77
182	169	42	77
181	168	42	77
180	165	42	77
179	163	43	77
180	161	43	77
178	160	43	77
176	159	42	78
175	158	42	79
171	157	42	80
168	158	42	79
165	158	44	79
161	158	44	79
156	160	44	80
153	158	44	81
148	159	44	83
146	161	44	83
143	161	44	83
141	164	44	83
142	165	44	82
140	167	43	83
141	171	43	82
142	172	42	81
143	176	42	80
145	178	42	80
147	180	41	79
148	182	41	79
150	182	41	79
150	184	41	78
152	185	41	78
154	185	40	78
157	185	39	79
158	186	38	79
160	187	38	79
162	187	38	78
163	187	37	77
166	188	37	77
169	187	36	77
172	187	36	77
176	186	36	76
178	186	36	76
181	184	36	76
185	184	35	76
189	183	35	75
191	182	37	75
194	182	37	75
195	180	38	75
197	179	38	76
199	177	38	77
203	175	38	77
207	175	37	78
210	173	37	79
213	171	37	79
217	167	38	78
219	165	38	77
220	165	37	78
222	164	37	79
223	163	38	80
223	163	38	79
224	162	39	79
225	160	39	79
227	161	38	81
228	160	38	81
228	159	39	80
230	158	38	80
231	156	38	79
232	155	38	79
234	154	38	80
236	151	38	82
236	146	38	85
237	144	38	88
238	143	39	88
238	143	39	90
238	142	41	91
236	140	41	93
237	139	42	95
233	137	44	94
230	136	46	93
226	135	47	92
222	135	47	92
219	135	47	92
217	134	47	91
214	133	47	92
209	131	47	93
204	128	47	95
199	123	49	97
194	121	49	98
189	119	50	99
181	120	51	97
177	123	52	96
171	121	52	96
168	122	50	95
162	122	49	96
159	121	49	96
154	121	50	96
149	120	51	97
146	122	51	98
139	120	51	97
137	121	50	98
131	119	51	98
127	119	50	99
125	116	51	99
122	117	51	99
120	118	51	99
119	117	51	97
117	118	50	96
115	119	49	94
114	120	48	93
113	123	47	91
112	124	47	90
113	127	46	89
114	130	45	87
115	130	43	87
116	134	43	86
118	135	42	86
120	136	41	86
121	138	41	85
124	140	42	85
126	143	42	84
128	145	43	83
130	150	44	82
132	154	44	81
134	157	44	81
138	157	44	81
141	159	43	82
143	161	42	82
146	160	42	83
148	160	42	83
150	161	42	81
151	159	42	81
154	158	42	80
157	158	41	79
159	156	41	79
162	154	40	78
164	150	39	77
166	146	39	77
168	143	39	77
169	138	39	77
170	134	39	77
172	130	40	77
171	123	41	78
171	119	42	78
172	114	42	79
174	109	43	79
173	102	45	80
173	96	45	82
172	89	46	83
170	83	47	85
169	77	48	86
165	70	51	87
163	65	53	88
160	61	55	89
159	57	56	90
155	53	57	91
152	50	57	91
149	49	58	91
144	48	58	92
141	46	58	93
137	48	58	95
133	49	58	98
130	48	58	99
126	47	58	100
122	50	58	100
119	50	57	101
115	51	57	102
111	54	57	102
106	57	57	102
103	60	57	102
100	62	57	103
99	66	57	104
97	71	57	106
97	75	57	107
95	82	56	106
95	87	56	106
95	91	55	106
95	97	55	106
95	102	54	107
97	107	54	108
97	112	54	108
98	116	54	107
98	120	54	105
100	127	54	103
100	133	53	101
103	136	52	98
105	140	52	98
107	143	51	98
109	147	51	98
112	151	50	97
116	156	51	95
118	161	51	94
121	162	51	94
125	166	51	93
129	172	50	93
134	173	49	93
139	176	47	93
143	177	46	92
147	180	45	91
150	180	45	91
153	180	45	90
157	179	45	90
161	180	44	88
166	179	44	87
170	179	43	86
173	178	42	85
177	177	41	85
179	174	41	84
180	173	41	83
184	171	41	82
186	169	41	82
188	166	41	81
187	161	41	80
189	158	40	80
188	156	40	81
189	154	40	81
189	152	40	81
188	148	41	80
189	144	41	79
187	140	41	79
189	136	41	78
188	132	41	78
186	128	42	79
184	123	43	80
182	121	43	81
177	117	45	82
173	112	47	83
170	110	48	84
167	107	49	85
163	105	50	87
161	105	51	89
158	105	51	91
156	107	51	92
155	110	50	94
152	114	49	96
152	117	48	96
152	124	48	95
152	127	47	94
151	131	47	92
152	133	46	93
151	131	46	93
152	126	45	92
150	119	45	93
151	114	45	95
151	106	45	95
150	98	46	95
150	94	47	94
144	93	48	95
143	93	48	96
140	94	49	97
136	99	50	99
131	103	51	103
129	108	51	104
127	112	52	104
127	114	53	103
124	118	52	101
127	119	52	101
126	119	51	100
127	117	51	100
127	114	51	100
127	110	52	101
126	105	51	104
125	99	52	105
124	91	53	104
123	87	53	102
122	86	53	103
121	85	53	104
121	85	53	105
121	88	54	106
122	95	54	110
124	99	54	113
124	102	55	114
126	106	56	113
128	110	56	111
131	114	56	110
134	117	56	109
137	117	55	108
142	114	55	108
146	109	54	107
149	103	53	109
151	95	53	111
155	86	54	112
156	75	56	112
157	67	58	114
158	62	59	118
158	57	59	121
157	56	60	123
155	56	61	124
153	57	62	125
152	61	63	126
149	69	64	129
151	72	64	131
150	77	64	131
151	80	65	131
152	82	64	132
155	81	64	133
157	80	64	133
158	76	65	135
159	70	66	135
159	64	68	137
158	56	69	140
156	48	70	142
154	44	70	145
151	43	70	148
149	44	70	150
149	48	71	153
148	55	71	154
147	64	72	155
148	72	72	155
148	79	72	155
148	85	72	156
150	91	71	155
152	92	70	155
154	88	70	154
156	82	71	152
157	75	72	151
157	67	73	152
156	60	75	155
153	52	76	159
150	44	77	163
144	40	78	168
142	34	79	172
137	33	79	177
136	31	80	180
135	33	80	182
133	37	82	182
135	44	82	180
137	50	83	179
138	55	84	178
138	59	84	178
141	62	84	178
143	66	84	178
144	67	83	177
146	70	83	177
151	70	83	175
153	70	82	173
159	69	82	171
164	67	83	166
170	66	84	161
177	64	85	157
185	62	85	154
192	59	86	152
201	55	86	151
207	51	86	151
212	52	85	151
214	55	85	150
218	55	84	147
223	59	82	147
223	60	80	147
222	60	79	145
217	65	80	144
213	70	79	142
206	74	79	139
202	77	78	136
193	83	78	133
188	86	78	132
179	93	78	130
174	99	77	127
169	103	75	126
162	109	72	127
157	114	69	127
153	117	65	127
150	123	63	125
148	126	62	123
146	129	62	122
143	132	62	121
142	136	61	120
141	140	60	118
142	144	58	118
143	147	57	116
147	150	56	115
150	151	55	115
154	152	54	114
157	155	53	113
160	154	53	112
163	154	52	110
166	155	52	108
169	153	50	107
173	151	49	106
177	150	48	105
180	148	47	105
183	145	47	104
185	142	47	104
185	138	48	101
187	136	47	101
185	132	47	100
186	130	47	100
184	126	47	98
181	123	46	97
177	119	47	96
175	115	47	96
169	110	49	96
165	106	50	97
161	101	52	97
157	98	53	97
154	97	53	98
151	97	53	99
149	99	52	100
146	99	52	100
145	100	51	100
144	102	51	100
144	102	50	100
143	104	50	101
143	107	49	102
143	108	49	101
144	110	48	101
146	113	48	99
148	114	48	97
149	117	48	95
150	119	47	93
153	121	46	93
156	122	46	91
161	124	45	89
165	125	44	88
169	127	44	87
173	128	43	86
178	129	43	86
183	129	43	84
188	129	44	83
193	130	43	82
198	130	43	82
202	130	43	80
209	131	43	80
216	130	42	81
221	129	42	80
226	129	42	80
230	131	41	80
234	131	40	82
236	129	38	83
238	129	37	84
238	128	37	84
238	128	38	84
232	127	39	83
231	127	40	82
226	128	41	82
222	128	42	81
215	128	42	81
211	128	45	78
202	127	44	77
198	126	43	79
192	125	42	81
186	125	42	82
179	125	41	83
177	126	42	83
170	127	43	83
164	126	44	85
156	128	45	86
150	128	46	87
144	128	47	88
139	128	49	88
133	129	50	88
130	130	52	87
123	130	52	87
117	135	52	86
114	135	50	86
111	137	49	85
108	140	48	84
106	142	48	83
103	143	48	83
101	145	47	83
101	148	46	84
101	150	44	85
101	151	43	86
103	154	42	85
105	156	40	85
106	157	39	83
108	160	39	83
112	161	39	81
114	162	38	80
117	163	38	80
121	167	39	79
125	166	39	80
129	168	40	80
132	170	41	80
140	172	41	79
145	173	41	79
151	175	41	78
155	175	41	77
161	175	40	77
165	175	40	77
170	172	39	78
174	173	38	77
179	172	38	77
184	170	39	75
190	172	39	74
197	172	41	73
200	170	40	74
208	169	40	75
215	168	39	77
221	167	39	79
227	164	40	80
232	163	40	81
237	161	40	80
242	158	40	79
247	158	41	78
250	157	42	75
256	155	42	76
261	155	41	78
263	153	41	78
265	153	43	77
266	153	44	76
268	151	44	76
267	148	45	75
269	146	44	75
269	144	44	74
270	142	43	74
269	141	44	74
268	139	44	73
266	136	45	73
262	134	45	74
259	132	46	74
254	132	49	74
250	134	50	75
247	132	52	76
242	132	53	76
237	133	51	79
234	131	51	79
229	131	51	79
225	132	49	80
222	131	49	80
217	132	48	79
211	131	48	79
207	134	47	79
199	133	47	78
196	134	47	78
191	133	46	79
185	132	45	81
181	131	43	83
176	131	42	84
172	131	42	85
167	130	42	86
162	130	42	86
157	130	42	86
153	132	41	86
149	133	42	85
144	135	42	85
141	135	42	85
139	137	42	84
136	137	43	84
134	139	43	83
132	141	42	83
130	144	42	83
128	145	42	83
128	149	40	82
128	151	40	82
128	153	39	82
128	155	38	82
127	157	37	82
128	160	38	82
130	161	38	81
131	163	38	81
133	165	39	81
136	166	39	80
138	167	39	79
142	168	40	78
146	170	40	78
150	171	40	78
154	172	41	78
160	171	42	77
164	170	42	77
167	170	41	78
170	169	40	78
172	169	39	78
174	169	39	77
178	170	38	76
181	168	38	76
184	168	37	76
188	166	37	75
190	164	38	74
192	164	38	72
195	160	39	71
196	158	40	69
198	156	40	69
200	153	39	69
204	151	38	69
205	147	37	70
206	144	36	70
208	140	35	72
210	135	35	74
211	132	34	74
212	127	34	75
211	118	35	76
212	112	35	77
211	110	36	75
209	107	37	73
208	103	38	73
206	97	39	73
204	92	40	74
201	85	41	76
198	80	42	77
193	76	44	77
189	72	45	78
183	68	46	79
178	66	48	79
173	64	49	81
167	62	50	82
161	63	50	84
155	64	51	85
149	66	52	87
144	68	53	86
139	72	54	87
133	76	54	87
128	81	55	88
123	87	55	88
118	93	54	87
112	99	55	86
107	106	55	87
105	112	53	88
103	118	53	88
101	123	52	88
100	129	52	87
99	133	51	86
99	139	50	85
100	144	49	84
102	148	47	85
103	153	45	85
106	157	44	84
108	159	44	83
111	162	43	82
114	165	42	82
118	167	41	82
121	168	40	82
124	169	40	83
127	172	40	82
130	172	41	82
132	174	42	82
137	176	41	82
141	175	41	83
145	175	41	83
147	176	41	84
150	178	41	84
154	178	42	85
157	178	42	86
158	179	42	87
160	179	43	88
161	179	43	89
162	179	44	91
163	178	44	91
164	178	44	92
162	176	44	92
163	175	44	93
164	173	44	94
163	172	45	94
163	169	45	94
161	166	46	94
162	161	46	95
161	159	46	97
159	155	48	96
162	150	48	96
159	146	50	94
163	141	50	94
160	136	51	93
163	131	50	93
162	125	50	95
163	122	50	96
163	116	49	99
165	110	49	100
166	104	49	100
166	101	49	99
167	97	50	98
167	93	51	98
168	92	51	97
166	91	51	98
168	89	51	98
168	87	52	98
168	88	52	98
167	87	52	98
167	87	53	99
166	88	53	99
166	88	53	98
166	91	53	97
167	91	52	96
166	94	52	96
165	95	52	95
164	96	52	94
164	97	52	93
162	99	51	92
162	103	50	91
163	106	48	91
162	106	47	91
162	110	46	92
161	111	45	91
162	115	44	91
159	116	45	90
159	121	44	91
158	122	44	91
159	123	43	92
157	126	43	92
157	128	43	91
155	130	43	90
155	132	43	89
156	135	44	88
156	137	44	87
156	141	43	87
156	144	43	86
158	146	42	86
157	147	42	87
159	150	41	88
161	151	41	89
162	153	41	91
163	152	41	92
162	156	42	91
164	156	42	92
165	157	42	92
166	156	42	92
167	157	42	91
168	156	42	91
170	156	42	91
171	154	42	90
172	155	43	90
175	154	43	89
178	154	43	88
181	152	43	88
185	151	43	88
187	150	43	89
189	150	43	89
192	147	42	89
196	146	41	89
199	143	41	89
202	140	41	89
205	139	41	89
208	138	41	89
210	138	42	88
214	138	42	87
217	138	42	87
221	137	42	87
224	136	41	87
228	137	41	87
230	137	41	87
233	136	41	86
235	137	41	86
238	136	41	86
239	135	41	85
241	135	41	86
244	136	40	86
246	135	39	86
247	134	39	86
247	134	40	87
245	134	40	87
243	134	41	88
242	135	41	87
240	135	42	87
239	135	42	87
234	135	42	86
232	135	42	84
230	136	42	84
227	137	43	83
227	138	42	84
225	137	42	83
220	139	42	83
218	139	43	81
213	140	43	80
209	142	44	79
205	144	45	78
201	144	46	77
197	146	45	77
194	147	45	78
190	147	44	79
185	147	43	79
182	148	43	80
179	148	42	80
177	149	42	81
174	149	42	81
172	149	42	81
169	151	42	81
166	152	43	82
164	152	42	83
160	152	43	82
160	151	43	83
156	151	43	83
154	152	44	84
150	151	44	82
148	151	44	82
145	151	44	82
141	150	45	81
139	150	44	81
138	151	44	82
137	151	43	82
134	151	43	82
136	151	43	83
133	150	42	84
133	150	42	85
132	148	41	86
131	148	41	86
129	147	42	87
128	148	42	87
128	149	42	87
128	146	42	87
129	146	41	87
130	146	41	88
132	145	40	88
134	142	41	90
137	141	41	91
141	141	42	91
144	141	43	91
148	141	44	91
153	141	44	92
158	142	45	92
164	139	46	93
169	138	46	93
175	136	45	93
179	134	45	93
183	133	44	93
188	131	44	94
192	130	44	94
197	130	44	93
202	130	44	93
208	128	44	93
214	128	43	94
218	127	44	94
223	125	45	95
227	125	45	94
232	127	46	94
235	127	47	93
239	129	48	92
244	128	50	92
246	128	51	92
248	127	53	93
251	128	55	93
253	127	56	94
253	128	57	95
254	126	57	95
255	125	57	96
251	125	60	95
252	124	61	94
249	121	62	96
246	117	65	95
242	113	66	96
238	111	66	98
235	106	67	98
229	107	68	99
224	105	68	100
217	105	67	102
210	100	69	101
202	101	70	101
197	103	72	102
190	104	74	102
184	102	76	103
178	104	78	103
169	106	77	105
160	105	76	107
151	103	76	109
147	105	74	110
143	104	73	111
138	103	72	111
135	103	71	112
130	105	70	111
127	106	72	109
120	109	73	107
118	111	74	106
112	113	74	105
110	113	75	102
103	116	74	100
101	117	70	100
97	119	66	98
95	119	63	97
94	121	61	95
96	123	60	94
95	125	58	94
97	125	56	94
99	127	54	93
101	128	53	92
105	130	51	91
108	132	49	90
111	134	49	89
114	135	47	88
116	136	46	88
117	138	45	88
118	141	45	87
119	144	44	86
119	147	44	85
116	149	45	85
114	151	45	85
109	153	46	85
107	156	47	85
103	156	47	84
100	159	48	84
97	157	48	83
96	157	49	83
96	156	49	82
96	158	49	82
97	159	48	82
99	159	46	81
101	159	46	81
103	160	46	81
105	162	46	80
109	163	44	80
113	165	43	81
118	165	43	81
123	167	43	81
128	168	42	81
133	171	43	81
139	172	43	81
145	173	42	80
151	174	42	80
157	175	42	79
163	176	43	79
168	176	43	80
174	175	42	80
179	175	42	80
184	175	41	79
191	175	41	79
196	174	40	79
201	170	40	78
205	169	40	78
209	167	40	78
215	164	39	79
219	161	40	78
224	158	40	77
229	154	41	76
233	154	41	77
237	152	41	76
242	150	41	75
247	146	40	77
249	141	39	80
251	139	39	81
252	137	39	82
252	133	39	84
250	131	41	84
249	129	43	84
242	127	42	86
242	122	42	87
236	119	42	88
233	115	43	88
228	114	46	89
222	113	47	91
218	111	48	91
212	112	48	92
207	111	48	93
200	113	49	93
191	115	50	92
188	118	50	92
183	119	50	91
179	123	48	90
176	124	47	90
173	127	47	89
171	132	46	88
168	135	46	88
168	139	45	87
169	143	44	86
170	146	43	85
169	150	43	86
172	153	43	86
174	157	42	86
176	161	42	86
179	165	42	87
182	167	42	86
185	168	42	86
188	169	42	85
192	171	41	85
196	171	41	84
198	169	41	84
199	167	41	84
200	166	41	84
200	164	42	83
201	159	42	82
202	157	41	83
202	152	41	84
203	147	40	85
201	139	41	85
202	136	41	85
201	131	41	85
200	126	42	86
199	120	42	88
199	116	42	91
196	110	44	93
194	104	45	93
193	98	46	94
193	93	49	95
187	89	50	96
188	86	51	97
182	81	51	98
179	79	51	100
173	75	51	100
167	71	53	102
159	70	54	105
155	66	56	106
146	66	58	108
144	61	58	108
135	61	59	109
131	60	60	110
123	59	60	111
116	58	61	113
109	58	62	115
104	58	63	115
97	59	63	116
91	61	63	117
84	62	64	118
77	63	66	118
71	67	66	120
67	67	66	123
64	70	66	126
60	75	65	132
55	80	64	136
51	81	64	137
54	85	64	139
53	89	65	140
54	94	64	142
56	97	64	143
58	99	65	143
66	99	67	141
73	107	67	139
76	113	70	136
79	116	72	131
84	123	75	127
84	128	78	121
94	131	87	117
99	135	92	116
119	136	88	116
135	137	83	115
144	140	78	114
154	141	75	112
172	145	71	111
182	149	66	109
191	149	64	105
202	152	62	104
213	155	60	104
223	153	57	109
228	152	55	112
231	148	54	113
235	153	53	113
236	151	52	112
234	149	50	116
232	145	50	118
228	151	52	117
222	148	52	117
213	142	56	109
204	147	60	103
198	149	62	98
191	151	63	95
184	152	62	94
182	151	60	93
174	150	57	93
170	149	55	92
164	150	53	93
158	150	51	94
154	151	49	94
150	152	49	93
145	154	50	91
138	159	52	88
136	163	51	89
137	166	50	89
135	171	50	87
133	174	51	85
132	180	53	83
134	188	54	83
141	190	53	85
148	192	51	85
154	196	50	84
161	199	48	83
165	204	47	82
171	208	46	81
178	210	45	81
184	209	43	81
191	207	42	81
198	207	41	81
205	204	41	80
211	202	41	79
217	200	40	80
223	198	39	81
226	196	40	81
231	194	42	82
234	191	43	81
238	185	44	80
242	182	43	80
244	179	42	82
245	176	40	85
247	172	40	88
248	169	39	91
248	164	40	93
246	159	40	96
246	152	41	95
245	147	42	91
245	141	42	91
246	136	43	90
245	134	43	90
245	133	44	89
244	130	45	88
242	128	45	88
239	123	44	90
236	119	45	91
232	115	46	93
229	113	47	94
224	111	49	96
220	106	50	97
215	105	50	98
210	99	52	97
204	97	53	97
197	96	55	97
194	95	56	97
189	94	57	98
183	94	57	99
179	95	56	100
177	94	56	99
173	95	56	99
168	96	56	100
164	98	56	99
162	99	55	99
157	103	54	100
156	106	53	101
154	108	52	100
153	113	51	101
153	117	50	101
152	120	49	100
152	124	50	97
151	128	50	95
150	132	49	94
149	136	49	93
149	139	49	92
149	141	48	91
150	143	47	90
150	148	47	88
150	150	46	88
151	153	45	87
151	156	45	87
151	159	44	88
152	161	43	88
153	166	43	88
155	169	43	87
158	173	43	84
162	179	44	83
164	182	44	83
166	187	43	83
169	189	43	84
173	192	43	84
177	195	43	84
181	195	42	84
185	196	43	84
189	197	43	83
195	196	42	84
198	191	43	83
203	190	44	84
205	186	44	83
207	177	45	81
208	172	44	82
205	164	45	81
205	156	44	81
203	147	45	79
201	143	45	80
198	138	44	79
193	132	44	79
190	128	43	79
185	123	44	80
178	115	45	81
172	110	47	82
166	108	48	83
160	105	48	85
152	104	49	85
144	103	50	85
137	105	51	85
129	107	51	87
121	110	50	88
113	112	50	90
109	114	51	89
103	117	51	89
98	121	52	89
97	121	52	88
93	126	51	87
93	128	50	87
91	132	49	87
91	135	48	86
91	137	46	86
93	140	45	86
94	142	44	86
96	146	43	85
98	147	43	86
102	150	42	85
105	149	42	84
109	152	42	85
114	153	43	84
118	155	43	83
122	157	42	82
128	157	41	81
132	158	41	81
136	158	41	82
142	159	42	82
147	158	42	83
154	160	42	84
159	161	42	84
166	163	43	83
172	164	43	83
179	165	43	83
187	168	42	83
193	169	42	83
199	167	42	83
204	165	41	83
209	165	41	83
216	165	39	84
220	165	40	85
225	163	39	87
228	165	40	92
231	161	40	95
233	161	41	99
234	161	41	100
236	159	41	103
237	156	41	105
237	153	41	108
238	154	42	108
240	153	43	108
240	150	43	108
241	144	45	110
241	137	46	111
240	134	47	113
238	133	47	113
236	131	48	113
236	133	49	111
236	131	49	110
236	131	50	105
236	131	51	100
234	132	53	97
232	132	54	95
231	131	53	94
229	132	53	93
227	131	52	93
223	132	52	93
220	131	53	93
216	129	53	92
212	127	53	92
209	126	54	94
204	122	54	96
199	120	55	96
194	118	56	98
189	120	58	97
186	120	57	98
181	120	57	98
177	121	56	99
174	120	56	100
169	121	55	101
164	122	55	100
160	122	55	100
154	122	56	100
149	124	57	100
145	126	57	100
142	127	56	100
139	129	55	100
137	130	55	99
135	131	54	99
133	131	53	99
131	132	53	99
129	133	52	99
127	133	51	99
126	136	51	99
124	137	49	99
125	141	49	100
124	147	49	98
125	151	48	98
126	153	47	99
128	159	47	98
130	162	47	97
133	168	47	95
136	173	46	93
139	175	46	92
144	177	45	91
148	179	44	90
152	180	44	89
155	181	43	88
159	180	42	88
164	179	42	87
168	178	41	86
173	175	41	85
178	172	40	84
183	169	40	84
187	164	41	82
190	159	41	81
193	157	40	81
196	152	40	81
196	148	40	80
197	144	39	81
197	139	39	81
196	136	40	81
196	133	40	81
195	130	40	81
193	127	40	82
190	123	41	84
187	120	42	85
182	119	42	86
177	118	43	87
171	119	44	89
163	119	46	90
153	119	47	92
144	117	48	93
136	117	49	94
131	117	49	95
121	116	48	97
114	117	49	95
107	116	50	95
99	117	51	94
91	117	53	94
84	116	54	94
77	115	54	96
71	113	54	99
67	112	53	103
65	109	53	106
62	107	53	108
61	105	52	112
61	104	53	116
63	97	53	116
64	95	54	116
69	93	55	113
72	95	56	111
79	90	57	111
88	92	57	110
96	93	57	109
104	93	57	108
113	94	57	109
124	96	58	109
133	97	60	110
142	100	61	111
151	100	62	111
162	103	61	111
172	104	60	110
179	107	60	109
186	112	59	108
190	115	58	108
195	119	57	108
199	123	54	110
198	124	53	111
196	129	53	111
190	130	54	110
188	132	54	111
182	135	55	112
177	135	54	113
170	134	53	114
166	132	54	115
160	131	56	117
153	129	57	118
146	123	60	117
136	121	63	116
130	120	64	118
123	118	66	120
121	112	65	122
120	108	64	125
120	102	64	128
120	96	63	131
119	91	63	135
120	85	63	138
120	80	63	141
119	76	64	145
119	72	65	148
120	68	66	151
120	62	68	153
119	57	71	156
121	54	72	161
121	51	74	166
123	47	76	170
126	45	77	175
129	41	79	178
133	39	81	179
137	36	83	178
141	37	84	176
146	40	84	175
154	36	85	172
162	37	86	170
168	38	87	166
174	43	88	163
179	46	88	160
186	48	88	158
192	55	88	155
199	56	88	152
204	63	86	149
209	69	84	147
211	75	84	144
212	81	82	144
215	87	79	146
217	89	76	147
218	91	74	145
216	94	73	142
212	96	73	136
204	103	73	132
202	106	75	127
194	108	75	124
186	112	76	122
179	116	75	122
173	118	73	123
165	122	71	123
159	123	68	123
152	124	66	122
146	126	65	121
140	127	66	120
135	127	65	119
129	129	64	118
123	127	63	117
118	129	63	117
113	129	64	116
108	131	63	115
105	129	63	112
102	130	62	110
101	130	61	106
98	132	59	105
100	132	57	102
101	133	55	100
102	133	53	99
104	135	52	98
107	137	50	98
110	137	49	97
114	138	48	97
118	139	48	97
123	138	48	97
128	139	49	96
133	139	50	96
139	138	50	97
145	138	52	97
152	137	51	96
156	137	50	96
161	136	49	95
169	136	48	95
175	136	46	95
180	134	45	94
186	134	45	93
191	133	45	92
197	131	44	91
202	131	43	92
207	131	43	91
210	130	43	92
212	126	43	93
214	125	43	95
216	123	42	96
216	120	43	96
216	118	44	97
215	117	45	97
214	116	45	98
212	114	46	97
211	115	46	97
208	111	48	96
206	110	49	96
200	108	49	97
194	107	50	97
191	105	49	97
187	103	50	97
182	103	50	98
175	101	49	98
174	100	49	98
166	101	50	98
160	100	51	98
154	101	51	97
149	101	51	97
143	101	51	97
137	103	50	97
133	104	51	97
129	105	50	98
122	106	49	98
119	108	50	97
113	110	50	96
110	113	50	96
105	115	50	95
102	117	50	94
99	120	50	93
94	121	50	92
96	125	50	90
91	128	50	90
93	130	48	89
93	134	47	88
94	137	46	89
95	140	45	89
97	143	45	89
101	144	45	89
105	147	44	89
109	148	44	88
113	150	44	87
118	150	44	87
121	151	43	86
125	151	43	85
131	153	43	85
136	153	44	85
140	153	45	84
147	153	45	85
154	154	44	86
160	153	44	86
166	151	44	85
172	152	43	85
179	151	43	85
184	151	42	84
190	151	42	84
196	148	42	83
200	148	42	82
207	148	42	82
214	147	42	83
219	147	42	84
225	147	41	85
230	144	41	85
233	144	42	84
237	140	42	85
241	140	42	85
245	140	42	85
247	140	42	84
249	137	42	85
250	136	42	86
249	133	44	87
248	131	45	86
247	131	45	86
244	128	45	88
240	125	45	89
238	119	44	91
235	118	44	93
229	114	46	93
224	111	47	94
220	111	49	95
213	108	50	95
207	105	52	94
200	106	51	95
193	106	51	95
187	104	52	95
181	104	51	96
176	104	51	96
171	103	52	96
164	104	52	96
159	105	52	97
152	105	54	97
146	107	54	97
141	108	55	96
137	112	54	97
132	113	54	98
128	115	53	99
124	118	51	99
121	120	51	98
119	123	51	97
117	126	50	95
116	129	50	93
117	132	49	92
116	134	48	90
117	137	47	89
119	139	46	87
121	141	45	86
124	142	44	85
126	144	44	84
129	145	43	84
132	145	42	84
134	145	42	84
136	144	42	84
139	144	42	84
142	143	42	84
146	141	42	83
150	141	42	83
155	139	41	83
160	138	41	83
164	136	41	83
169	135	41	83
174	131	41	83
177	126	40	83
182	122	40	82
186	119	40	81
189	112	40	80
192	109	40	80
198	104	40	80
203	98	41	81
207	95	42	81
210	89	42	82
212	83	42	82
214	77	43	83
217	72	43	84
219	66	45	84
218	59	46	85
218	53	47	86
218	49	49	86
215	43	51	87
211	39	54	87
207	36	56	87
206	34	57	89
201	32	59	90
197	31	60	92
192	31	62	93
188	31	64	94
181	33	64	94
175	35	64	95
170	40	64	97
164	43	64	100
158	45	64	101
152	49	63	102
145	53	62	104
139	57	62	105
135	62	61	105
131	64	61	105
126	69	60	104
122	74	60	104
117	80	60	104
113	85	59	104
109	91	58	104
105	95	58	103
102	100	58	102
99	107	57	101
96	113	57	100
92	118	56	99
89	123	56	97
87	130	57	96
85	136	56	94
84	143	54	94
84	147	52	95
86	153	50	94
89	158	49	92
91	163	48	90
95	165	47	89
99	167	47	89
103	170	47	88
110	171	46	87
114	172	45	87
118	172	45	86
123	172	44	86
127	173	43	85
133	173	43	85
136	174	43	85
142	173	43	84
147	173	42	84
153	173	42	83
158	174	42	82
162	173	42	82
167	172	41	82
170	168	41	82
174	167	41	82
177	164	40	81
180	164	40	81
184	163	40	80
187	161	40	81
190	159	40	81
192	157	40	81
193	154	40	82
194	152	40	83
192	149	40	83
193	148	40	83
188	146	41	85
189	144	40	85
184	142	41	86
181	140	41	86
175	139	42	87
170	137	43	88
164	135	44	90
157	133	45	90
150	131	46	91
143	129	47	92
139	128	47	93
134	126	47	94
128	128	46	94
122	128	46	94
118	129	48	94
110	131	50	94
104	133	52	95
94	133	56	95
88	134	57	96
85	135	58	97
82	135	58	97
79	136	57	98
76	137	56	98
74	140	55	97
71	142	54	96
69	144	54	95
67	147	53	94
66	147	53	93
66	150	52	92
66	150	51	91
67	153	51	90
68	154	50	89
68	157	49	89
69	157	48	89
71	160	47	89
75	159	46	89
78	159	44	90
81	161	43	89
84	163	43	87
87	165	43	86
91	166	43	84
96	168	44	83
103	169	43	82
109	171	43	81
116	171	43	79
121	170	42	80
126	170	42	80
132	169	42	80
135	168	43	80
141	168	43	81
148	167	44	82
156	167	43	83
163	169	44	82
169	169	44	80
175	169	45	80
182	170	44	80
188	170	43	81
196	170	45	81
201	169	44	81
205	168	44	81
210	168	43	82
215	167	43	82
222	169	41	86
228	168	42	88
232	165	42	90
237	159	43	89
244	161	42	93
250	154	43	90
255	151	44	87
259	149	45	85
264	148	45	86
267	147	45	85
272	145	44	86
271	141	44	87
271	136	45	86
273	132	44	85
272	129	44	84
272	128	44	83
272	127	44	83
272	124	43	83
270	123	44	83
265	120	45	83
263	119	46	83
259	115	46	82
254	114	47	82
251	111	47	84
248	110	46	85
241	110	45	86
234	108	46	87
228	106	49	88
221	106	50	89
214	105	51	91
207	105	51	92
200	107	50	94
190	107	50	94
183	110	49	94
175	112	48	95
168	114	49	95
158	117	51	96
149	120	51	96
143	121	52	97
137	124	52	97
130	127	51	96
124	131	50	95
119	135	49	95
114	140	49	93
111	147	49	91
108	150	48	90
109	155	46	89
109	159	45	88
111	161	44	87
112	165	44	86
118	168	43	85
122	171	44	84
128	173	44	84
135	175	44	84
142	176	44	83
151	176	44	83
160	176	44	83
168	174	45	83
175	172	46	82
183	169	46	82
196	165	47	83
204	162	46	83
214	158	48	82
227	156	47	83
233	152	48	81
247	152	49	81
253	150	49	81
262	147	49	84
271	147	49	83
280	146	49	84
289	145	49	84
296	143	50	83
304	142	48	84
315	141	49	83
321	141	48	85
329	140	48	87
335	137	47	89
342	136	47	90
347	134	48	92
349	133	48	93
351	133	47	94
354	131	46	95
356	130	45	96
358	129	44	97
357	128	43	97
358	127	42	97
356	126	42	98
354	125	44	98
351	124	45	99
346	123	47	99
339	124	49	99
332	124	51	99
325	123	51	99
318	122	51	99
309	123	52	99
300	124	53	99
291	125	55	97
282	126	56	96
272	128	56	96
262	129	56	96
251	130	57	97
243	129	60	95
232	130	58	93
226	132	58	94
216	134	56	95
209	135	55	96
200	135	54	96
193	135	55	95
187	136	55	96
181	137	52	97
176	138	52	96
170	140	52	94
164	141	53	94
158	145	53	95
152	145	53	93
148	149	53	92
145	151	53	92
140	153	54	91
137	156	55	91
132	163	55	90
132	168	56	88
127	174	54	89
128	180	52	89
130	185	51	87
128	191	50	88
131	199	49	87
134	199	48	89
138	205	48	88
142	209	49	87
147	211	50	86
152	214	51	85
159	214	51	84
166	215	52	84
172	217	51	83
179	218	51	83
188	216	52	83
196	214	52	84
205	214	52	84
212	208	51	86
222	206	51	87
229	206	52	87
233	201	54	85
237	202	56	84
242	196	55	83
250	192	53	84
252	190	52	86
255	187	50	88
257	181	49	87
259	178	49	87
257	176	49	87
255	173	50	88
252	169	50	91
250	164	50	94
246	163	49	97
239	158	51	98
233	151	52	97
227	148	51	98
221	145	52	97
214	145	52	95
208	144	51	95
202	144	51	96
195	142	51	96
191	142	52	96
183	141	50	96
178	141	49	96
172	139	50	96
164	142	51	96
158	142	51	97
152	141	51	98
147	142	51	98
141	142	50	100
136	142	50	102
131	143	50	102
129	146	51	102
126	144	52	101
121	147	51	101
119	146	50	98
117	149	49	98
115	150	48	97
114	150	48	95
113	150	48	93
112	153	47	93
113	154	46	92
114	154	45	93
115	155	44	93
116	155	44	93
118	155	44	91
120	156	44	91
121	155	44	91
122	154	44	92
124	154	44	91
127	154	43	92
129	153	43	91
132	153	44	91
133	153	44	91
136	152	44	90
138	152	44	92
142	151	44	93
146	150	45	93
148	149	46	92
150	149	46	93
153	148	48	92
156	150	48	92
159	148	47	92
164	150	46	93
168	148	45	94
173	149	44	94
177	150	43	94
182	149	43	93
185	150	43	93
189	152	43	93
193	152	43	93
196	151	43	93
200	151	43	92
202	152	43	91
204	152	43	91
206	152	43	90
206	151	43	90
207	151	43	90
206	150	43	91
205	150	43	91
204	149	44	91
201	147	45	91
200	148	46	91
197	147	47	91
194	146	46	91
192	146	47	91
188	145	46	91
186	144	45	91
183	143	45	91
179	143	46	91
176	143	46	91
171	142	47	92
167	142	47	92
164	140	47	91
160	142	47	91
158	142	47	91
153	141	47	91
152	140	47	91
149	138	47	91
146	138	48	91
144	135	49	92
142	136	49	91
139	136	49	91
138	135	51	91
135	135	51	91
134	133	52	91
134	133	51	91
134	133	50	90
133	133	48	91
132	134	47	90
134	134	46	90
134	134	45	89
134	133	44	89
136	134	43	89
136	135	43	89
137	135	43	89
138	134	43	89
138	133	43	89
139	133	42	90
140	133	42	90
142	133	42	90
143	131	42	89
145	132	43	89
147	132	43	89
149	132	43	90
151	130	44	90
153	130	44	91
154	132	44	91
157	130	44	91
159	131	44	90
161	132	44	90
162	132	44	90
165	133	44	90
167	133	44	90
169	133	44	91
170	133	43	92
174	133	43	91
177	132	44	91
179	132	43	90
181	133	43	89
182	133	43	88
184	133	43	88
185	133	43	88
186	134	43	86
188	135	43	86
188	135	43	86
188	134	44	85
188	136	44	86
188	135	44	85
188	137	45	86
188	135	45	85
188	136	45	85
187	137	45	85
186	136	45	85
185	135	45	85
184	134	45	85
186	134	44	86
186	133	43	85
186	133	42	86
186	133	41	87
186	133	41	88
187	130	41	89
185	130	41	89
184	129	42	89
183	128	42	89
182	127	43	90
181	127	44	91
179	126	44	92
176	126	45	92
176	125	44	93
175	126	44	94
174	125	44	94
172	126	44	94
172	126	44	94
168	126	45	94
169	128	44	94
166	126	44	94
164	127	44	94
160	126	45	94
161	126	45	94
156	125	46	95
158	124	46	96
154	123	46	97
156	120	47	98
151	118	49	98
150	115	50	97
146	111	52	96
144	112	52	96
142	108	52	95
139	108	53	95
136	105	53	93
131	107	53	94
130	105	53	94
124	106	53	95
123	104	52	95
122	107	50	96
120	109	50	97
120	107	49	96
120	111	49	97
121	112	48	97
123	115	48	97
125	115	48	97
126	118	48	97
128	121	48	97
131	123	47	97
135	123	46	96
139	126	46	95
143	128	46	94
146	127	47	93
148	128	47	93
152	128	48	92
155	130	48	92
159	131	48	92
162	133	48	91
164	135	47	92
167	136	46	94
171	137	46	92
173	137	46	91
176	139	46	91
174	140	46	91
177	142	45	92
175	144	45	92
178	144	44	92
177	141	46	93
174	142	47	93
174	144	47	92
172	144	46	92
172	144	46	92
171	143	45	92
170	142	44	93
170	142	44	93
169	141	43	94
167	141	43	93
168	141	43	92
166	141	44	91
166	141	44	91
165	140	44	91
165	138	43	91
164	138	43	91
165	136	43	91
162	135	43	91
162	134	44	91
161	133	44	90
160	133	44	89
158	133	45	89
156	133	45	88
155	131	46	88
152	131	47	89
152	130	47	89
150	129	48	90
148	129	48	90
148	128	48	90
147	128	49	90
147	129	49	90
146	128	49	90
145	127	49	91
146	126	49	92
147	126	48	93
146	124	48	93
147	124	47	95
148	122	47	96
149	121	48	97
149	119	48	98
150	117	48	98
151	116	48	99
151	114	48	100
151	112	49	100
149	110	50	100
149	109	51	99
148	108	51	98
147	109	50	99
147	107	50	99
146	109	50	100
147	108	50	100
147	108	50	100
148	108	50	100
149	109	50	101
151	110	49	101
152	111	49	101
153	113	49	101
156	115	49	100
158	117	48	99
160	118	48	99
162	121	47	98
165	125	47	98
167	128	47	97
169	130	48	96
172	132	48	96
175	134	47	96
178	136	46	96
181	139	46	96
183	141	45	95
185	142	45	93
189	143	45	92
192	143	44	93
193	143	44	94
195	143	43	94
196	143	43	94
195	143	43	93
194	144	43	92
194	145	43	92
192	145	43	91
188	147	45	91
184	148	46	90
179	150	47	89
173	150	49	89
170	151	49	90
164	150	50	91
160	152	50	91
154	153	52	89
148	156	54	87
143	153	55	88
136	155	57	87
130	157	58	86
126	159	60	84
123	157	60	84
117	159	58	85
112	156	57	85
108	159	56	84
103	159	54	85
101	158	53	85
99	157	52	86
97	157	52	86
95	156	51	85
92	157	50	86
90	155	49	86
89	156	48	87
88	154	47	88
87	153	47	88
87	153	46	90
88	151	45	91
89	151	44	93
90	148	44	92
92	146	44	93
96	142	45	91
97	142	46	87
100	142	47	86
102	142	47	85
105	141	47	83
110	140	48	81
115	142	48	80
120	140	47	80
124	140	47	79
130	139	47	79
134	138	47	78
139	140	48	77
146	138	50	77
149	136	50	76
154	136	50	75
160	134	51	75
166	134	52	75
171	133	53	74
175	131	53	75
180	129	52	77
182	127	51	79
185	125	50	80
187	124	49	81
187	121	49	82
188	119	49	82
188	122	49	83
187	120	50	84
185	120	51	85
181	119	52	85
178	119	53	86
167	124	57	86
160	124	60	87
153	123	63	89
152	120	64	91
147	119	63	91
145	120	62	90
137	121	64	88
126	125	65	87
123	127	64	87
115	130	65	87
109	133	66	87
103	134	67	87
104	135	65	88
99	134	66	88
101	136	64	88
100	137	64	88
98	137	62	88
98	139	60	87
99	141	59	85
99	141	58	83
97	145	57	82
95	145	57	81
98	146	56	79
101	149	54	79
104	148	53	78
106	146	52	77
109	146	51	77
112	144	52	76
115	144	52	76
120	142	52	77
123	140	53	76
128	136	52	76
134	131	52	77
141	130	54	77
145	125	56	77
147	119	57	77
152	115	56	77
158	111	56	78
166	109	56	77
171	106	56	78
176	101	58	77
180	97	58	77
186	94	59	77
193	89	60	77
196	89	60	81
201	81	61	82
202	76	63	81
205	75	63	84
209	70	66	85
210	68	66	87
211	64	67	89
209	64	68	91
206	60	69	93
204	60	71	94
199	57	71	95
196	59	72	96
192	59	72	98
187	58	72	99
181	60	73	99
173	65	73	103
167	64	74	105
162	67	75	107
154	71	75	110
148	69	76	108
144	75	75	109
137	78	74	108
125	79	78	105
107	84	83	102
98	92	86	104
96	92	86	104
88	98	86	105
85	101	85	103
81	106	85	103
77	113	83	104
75	118	81	104
69	127	77	107
67	129	73	108
62	136	70	107
61	138	68	105
58	142	67	103
59	143	66	102
57	146	66	100
57	149	64	98
61	150	62	97
63	152	61	96
65	152	60	94
66	152	60	91
68	150	58	90
71	150	57	89
73	148	55	89
75	146	54	91
76	143	53	92
74	139	53	93
76	135	52	93
73	128	53	91
76	126	52	90
73	123	54	89
73	119	53	90
68	115	56	89
62	112	59	88
63	109	59	90
63	108	59	90
57	108	59	90
56	110	59	92
55	113	61	93
54	114	62	91
55	121	63	92
56	127	62	96
53	130	60	98
58	135	60	100
61	142	61	101
63	147	60	103
67	150	61	103
75	155	62	101
73	163	66	97
84	165	67	94
94	157	68	93
101	167	69	90
110	171	69	88
119	178	68	87
130	176	67	85
138	176	67	83
144	177	67	82
152	175	68	82
165	173	65	84
175	172	64	85
183	170	61	87
192	166	59	87
200	160	58	86
204	156	57	86
211	153	57	86
219	150	57	85
221	144	59	84
227	140	60	82
231	137	60	82
238	134	58	83
239	130	58	83
241	125	59	84
245	120	58	86
246	114	60	88
246	111	61	89
244	106	62	91
242	100	63	93
239	95	64	96
237	89	65	100
230	80	69	100
223	75	72	101
215	69	74	103
206	66	75	109
196	59	76	113
184	55	78	115
171	49	78	118
163	47	79	122
154	46	78	126
145	47	80	129
130	51	82	131
117	51	86	131
111	50	87	133
100	54	86	136
92	58	86	142
88	61	85	148
80	59	89	150
82	63	92	153
75	63	92	152
72	71	94	152
69	75	93	151
68	82	93	150
65	91	90	150
66	101	89	151
67	108	88	151
68	112	87	149
71	121	87	145
74	129	85	143
77	136	84	141
82	142	81	140
83	145	84	132
89	150	84	125
94	151	83	121
103	148	79	120
101	166	82	116
110	167	80	114
117	171	78	111
125	178	77	108
130	185	74	106
135	187	72	102
141	189	70	100
146	188	69	97
154	189	69	96
155	188	68	93
162	189	69	90
163	193	68	90
171	196	66	94
172	188	65	95
176	187	64	95
179	182	64	93
184	179	63	92
188	177	60	92
192	173	58	92
195	170	57	90
201	167	55	89
203	163	55	86
204	160	55	84
202	159	55	83
202	156	55	83
202	155	55	81
202	154	55	80
200	154	54	79
197	154	54	78
195	153	55	77
193	153	55	76
189	153	54	75
185	154	54	75
180	154	54	75
178	154	54	75
172	156	55	74
165	157	57	73
158	157	58	73
151	158	59	72
145	161	58	71
138	164	57	72
132	165	56	71
126	167	55	71
120	166	54	71
116	169	53	71
110	171	52	71
105	172	51	73
99	172	50	76
94	171	48	79
88	172	48	82
83	173	49	85
81	171	49	87
79	171	49	88
80	169	48	89
81	167	47	89
84	165	46	90
88	162	45	89
91	162	44	88
96	160	43	88
100	159	43	87
106	160	43	87
111	159	44	86
118	159	46	85
126	159	46	85
134	159	46	85
145	159	46	86
156	158	45	88
166	157	46	89
174	156	46	91
185	156	46	91
194	156	47	91
203	157	48	92
213	154	49	91
223	157	47	92
233	155	47	90
243	158	46	94
251	157	46	96
258	155	46	97
267	156	45	99
273	155	45	102
278	153	46	103
283	151	48	101
290	150	47	99
291	146	49	96
292	146	49	96
293	146	49	96
289	142	50	96
289	139	49	98
281	136	52	97
280	135	53	97
274	134	55	97
269	132	57	96
262	131	57	95
254	130	55	95
250	132	56	95
241	129	54	97
234	126	52	100
225	127	51	101
217	127	52	101
208	128	51	102
200	129	49	102
192	129	51	102
182	129	52	102
176	129	52	104
169	129	52	105
161	131	52	106
150	131	54	106
137	133	57	104
127	134	60	102
121	135	61	102
117	135	62	101
114	137	62	102
107	137	63	101
105	138	62	101
103	141	60	101
99	145	60	100
98	149	59	98
99	152	58	97
102	154	56	96
107	156	53	96
110	158	51	96
114	160	49	95
117	162	49	94
119	163	49	92
122	165	49	90
125	166	48	89
131	169	47	88
136	169	46	87
141	169	45	87
146	169	44	86
152	169	44	86
156	168	44	85
161	169	45	84
167	168	44	85
173	168	44	85
180	168	43	85
187	169	43	86
192	168	43	86
197	167	44	87
203	166	43	87
209	166	43	87
216	164	43	87
221	164	43	87
225	161	42	86
230	161	42	87
234	160	41	87
237	160	41	88
240	158	40	89
242	158	40	93
243	154	39	95
243	154	39	97
242	151	40	97
239	149	42	96
236	149	42	97
232	147	44	95
228	147	45	94
224	147	46	94
219	146	47	93
213	147	48	93
208	148	47	93
202	148	47	94
198	147	48	93
191	148	49	94
183	149	49	95
179	150	49	95
172	149	49	96
166	147	50	97
161	148	51	98
156	148	50	98
149	149	49	98
145	150	49	99
140	152	48	97
133	154	47	96
128	155	47	95
124	157	47	94
119	159	47	94
114	161	48	94
110	162	48	94
105	163	49	94
101	164	49	94
99	164	50	95
97	165	50	94
94	166	51	95
95	166	50	95
94	167	49	95
96	167	49	94
96	169	48	94
98	167	48	93
99	168	47	92
101	169	47	91
103	168	47	90
105	169	46	89
107	169	46	89
109	169	46	88
111	168	46	87
115	168	45	86
118	168	45	86
122	167	44	85
126	166	43	84
129	166	43	84
132	165	43	83
135	166	43	83
138	164	43	82
142	163	42	83
146	162	41	83
149	163	41	84
151	163	40	84
154	163	40	85
157	162	41	85
158	160	41	86
160	160	41	88
162	160	42	88
164	160	43	88
165	160	43	88
166	161	44	88
169	161	44	89
167	161	45	90
169	163	45	90
171	163	46	90
172	165	46	89
173	165	46	89
173	164	46	90
173	165	47	89
171	166	47	90
170	165	47	90
169	165	47	91
169	164	47	91
167	163	47	92
165	161	47	93
163	160	48	93
159	159	48	94
157	159	49	94
154	157	49	93
151	158	50	93
146	159	49	93
143	157	49	93
139	159	49	92
133	158	49	91
129	158	50	90
126	160	49	90
123	161	48	91
121	160	48	90
117	161	47	89
114	161	47	89
109	162	48	88
105	162	47	88
101	163	47	88
97	164	48	87
92	164	47	87
89	167	47	88
85	167	47	89
81	167	48	90
75	167	48	91
68	165	47	90
65	167	47	92
61	163	47	91
58	165	48	94
56	162	48	94
54	164	49	96
52	161	49	97
54	162	49	99
54	159	50	99
57	161	50	99
59	162	50	100
63	159	49	99
68	158	50	97
74	156	52	93
80	157	52	92
86	157	53	90
95	156	53	90
103	155	53	90
109	153	53	90
115	152	53	90
121	149	53	90
127	145	53	91
131	141	54	93
137	141	54	93
144	138	57	92
152	133	58	93
154	131	61	93
153	130	65	94
157	127	66	94
160	122	69	95
160	123	70	94
160	122	70	95
161	121	69	96
160	118	67	98
160	118	67	99
159	118	66	100
155	118	66	101
153	116	65	102
151	117	64	103
149	118	63	102
145	121	63	102
129	121	63	104
120	126	65	104
114	122	66	105
104	128	66	104
97	131	65	106
91	135	64	105
85	137	63	105
77	139	63	105
69	140	65	103
63	144	66	103
59	146	67	104
56	144	68	105
53	149	70	106
52	147	71	107
48	148	72	107
42	150	72	108
41	150	72	109
39	151	69	111
39	148	68	112
39	151	66	115
40	150	65	116
41	153	64	117
46	153	62	117
47	154	62	116
51	159	62	113
50	156	67	109
50	153	71	105
49	150	75	101
55	154	76	97
72	153	75	95
82	153	72	94
89	150	69	94
99	141	67	96
104	130	66	94
121	123	64	96
129	116	61	99
120	103	69	93
137	98	71	91
139	90	72	92
146	83	69	95
146	75	70	98
147	67	70	99
150	61	69	100
149	56	70	101
148	50	72	100
145	47	74	97
143	46	76	96
141	46	76	95
137	47	77	96
135	50	76	100
127	50	77	102
125	52	77	105
123	54	75	107
121	57	72	109
117	61	71	110
114	68	69	113
108	75	68	116
103	84	67	119
101	89	66	122
100	91	64	125
101	94	63	128
100	102	61	130
98	110	59	129
97	121	60	125
96	131	59	121
98	140	58	119
98	148	57	119
102	157	55	118
106	163	55	116
110	173	55	113
113	182	54	111
121	186	53	110
125	187	53	109
132	190	52	107
137	191	53	105
142	194	55	103
146	193	56	101
154	194	56	100
160	193	58	99
165	193	59	98
167	191	59	96
170	188	58	95
173	188	56	93
178	187	55	92
181	184	54	90
184	182	52	90
189	181	51	89
192	179	49	88
194	177	48	88
196	175	47	88
199	174	46	87
198	173	45	88
202	172	44	88
201	171	44	88
203	172	43	88
204	172	43	89
205	171	43	89
206	170	44	90
205	170	43	90
204	169	44	91
205	167	44	92
205	166	44	93
206	165	45	93
206	164	45	94
207	162	45	94
209	158	45	95
210	156	45	96
213	153	45	96
214	151	46	96
218	149	46	97
220	147	46	98
222	145	45	99
223	145	46	99
222	144	47	99
221	144	47	100
219	141	48	101
217	142	48	101
213	140	50	102
209	138	52	103
206	138	52	105
201	136	53	105
193	135	53	107
189	134	53	108
184	133	54	108
180	132	55	109
175	132	56	109
171	131	56	110
168	130	56	111
165	130	57	111
160	132	57	110
156	132	57	109
154	134	58	109
146	135	60	106
148	136	60	106
143	140	60	105
144	143	60	105
140	146	60	103
141	149	59	102
142	151	58	102
141	154	57	101
142	157	55	102
143	160	54	103
145	161	53	104
147	161	52	104
150	162	51	104
152	165	50	102
154	168	50	101
156	169	49	99
159	172	49	97
161	173	49	95
165	175	48	93
168	177	47	91
172	177	47	89
175	178	47	88
178	177	47	88
183	178	46	87
188	177	45	87
190	175	45	87
194	174	44	87
197	174	44	87
200	173	44	87
204	172	43	87
204	171	42	88
205	170	42	89
203	168	42	89
202	167	43	89
199	166	44	89
198	165	44	89
194	164	44	90
189	162	45	91
185	160	46	91
182	158	46	92
178	156	46	93
173	155	46	94
168	154	47	95
162	154	47	95
157	153	48	94
153	154	48	95
148	155	48	94
143	154	48	93
139	155	48	92
133	156	48	91
128	156	48	90
123	156	48	89
119	155	48	89
115	155	49	89
111	156	49	88
107	159	49	88
102	159	49	89
98	161	49	89
94	163	49	90
91	163	48	89
89	166	48	90
85	169	48	90
84	171	47	91
83	173	47	92
81	175	46	93
79	178	46	92
79	181	45	92
81	183	45	92
81	186	45	91
85	187	45	90
89	190	44	89
94	188	44	88
99	189	44	87
104	189	45	87
112	187	45	87
118	188	45	88
125	187	45	89
133	185	45	88
140	184	44	88
148	182	44	88
154	179	45	88
162	178	46	87
170	177	46	86
179	174	46	85
187	172	46	85
194	170	46	85
200	167	46	85
205	164	45	85
213	161	44	84
219	158	44	84
227	157	43	86
234	153	43	86
240	152	43	86
247	151	43	86
252	148	44	85
262	147	45	86
266	144	46	86
273	143	45	90
278	142	46	90
282	141	46	90
282	138	46	92
284	136	45	93
285	133	45	94
283	132	45	95
279	130	46	94
276	129	47	94
270	127	49	94
268	126	49	94
258	126	49	94
252	123	51	95
245	118	51	97
239	116	52	101
231	114	52	103
224	112	53	104
215	113	53	104
207	114	53	103
198	113	52	103
191	113	52	103
182	114	53	102
173	115	53	103
164	115	53	103
156	117	53	103
147	119	52	103
138	121	54	102
131	123	56	100
122	127	56	100
114	130	58	101
113	131	58	102
105	134	60	102
105	135	59	102
102	137	59	101
103	141	57	101
104	143	55	100
103	145	54	98
104	148	52	97
105	147	51	96
106	149	50	96
107	147	48	96
106	148	48	95
107	147	48	95
106	145	48	95
106	144	48	95
107	141	47	95
106	139	47	96
105	136	47	97
105	132	47	98
104	129	47	99
102	125	47	99
102	122	47	100
100	118	48	100
98	114	49	101
94	110	49	101
92	106	50	103
89	102	51	104
86	96	52	105
86	93	53	107
85	87	53	109
87	81	54	110
88	75	55	112
90	71	56	113
93	65	57	113
97	61	57	115
102	57	58	117
107	52	59	118
113	48	60	121
121	45	62	123
128	42	65	124
138	37	70	128
147	32	72	130
158	28	73	132
170	24	75	134
180	19	77	135
189	16	80	137
199	12	85	137
208	10	87	137
220	8	88	138
230	8	88	139
238	8	88	139
244	10	87	139
250	9	85	140
256	11	82	142
260	13	79	145
256	13	80	147
249	16	83	149
241	16	86	149
232	22	88	149
222	23	89	149
211	27	89	151
200	30	90	152
187	36	88	154
173	40	86	157
154	47	85	161
141	49	88	163
129	51	90	166
117	51	96	167
101	62	97	168
94	63	101	166
89	72	104	165
84	76	105	161
83	84	104	157
86	91	102	156
83	97	100	155
82	105	100	151
89	111	97	148
94	124	94	145
104	125	89	145
116	134	85	143
124	138	83	140
127	146	81	137
136	147	81	132
141	148	82	127
149	147	83	125
162	146	79	124
174	145	74	125
185	140	70	124
194	137	67	123
201	133	65	122
207	127	64	120
211	119	63	122
215	114	63	122
218	108	63	123
219	102	63	124
219	95	64	128
216	88	65	131
212	83	66	135
207	78	70	140
197	75	73	143
185	76	77	146
182	74	77	150
175	73	77	153
167	74	79	156
157	77	82	157
157	79	81	160
152	83	83	159
157	86	81	160
150	91	81	159
154	97	80	159
160	101	79	160
162	107	80	159
167	111	79	160
172	113	79	161
180	118	77	162
188	125	75	162
195	132	74	160
201	135	73	157
209	135	73	155
217	138	74	152
222	136	74	151
226	138	75	150
232	134	75	151
237	131	74	152
243	129	72	153
250	126	71	154
255	121	70	155
257	118	72	157
257	113	74	159
258	110	75	161
258	105	76	163
258	101	78	166
256	96	80	168
253	90	82	171
250	86	84	174
246	82	85	178
241	77	86	181
233	70	90	184
224	65	92	187
220	61	94	188
210	56	97	189
199	52	100	189
188	48	103	189
180	46	105	191
169	38	108	194
160	35	107	200
155	28	106	207
152	23	106	212
145	17	106	214
138	11	107	214
128	9	110	213
118	5	115	213
113	3	116	214
105	2	118	214
104	1	117	215
99	0	117	214
100	0	114	214
95	0	114	213
91	3	114	212
90	4	112	211
89	7	110	212
88	10	110	210
92	17	109	208
96	23	107	205
99	30	106	203
100	41	108	199
107	48	108	195
110	55	110	190
118	64	109	186
122	75	109	180
127	83	108	175
135	87	106	174
145	97	103	173
156	105	100	170
168	112	96	167
183	116	91	166
196	120	88	163
207	124	87	160
215	123	86	157
222	127	86	155
230	126	87	154
237	128	88	151
244	125	90	149
259	122	89	150
273	118	87	151
280	111	86	153
286	107	83	158
290	103	81	160
293	98	80	162
296	92	79	164
292	84	81	165
289	80	82	167
286	74	84	169
280	67	87	169
275	63	89	172
269	53	92	171
260	51	94	175
252	39	98	177
245	34	100	181
234	28	103	187
225	16	107	190
214	14	110	195
202	9	114	199
191	7	116	203
179	7	119	209
171	6	120	214
161	6	121	220
148	8	122	228
136	5	123	234
124	4	125	237
112	5	127	239
101	5	131	242
89	4	134	242
82	4	136	244
76	5	138	245
69	6	139	247
60	8	142	253
63	10	139	263
46	3	147	264
54	10	144	273
40	4	150	276
50	4	145	284
41	1	150	286
48	1	149	290
44	0	151	293
49	1	151	295
50	0	152	296
51	0	155	296
53	0	157	295
54	0	159	294
49	0	165	282
58	0	166	269
63	0	165	257
73	0	161	249
83	0	156	244
92	0	153	237
97	0	150	228
102	1	149	222
107	4	147	218
114	2	147	213
117	1	149	208
124	0	151	200
132	0	152	189
132	0	156	179
125	0	163	167
131	0	162	159
120	0	168	150
102	24	171	156
123	17	171	159
100	14	182	154
142	0	176	153
98	28	178	152
160	8	173	151
191	0	161	149
208	1	148	150
221	0	136	149
232	4	125	151
241	2	116	154
246	2	110	157
254	5	105	158
260	8	102	160
264	13	99	161
269	17	96	160
273	23	93	160
276	28	91	158
277	34	89	158
278	39	88	156
275	43	87	154
272	46	87	152
266	50	87	149
261	55	87	145
255	57	88	144
249	61	87	143
246	62	87	142
240	63	86	141
233	64	85	142
225	66	86	142
218	65	86	142
210	66	87	140
199	66	89	140
190	66	91	139
180	65	92	140
172	67	90	143
167	64	90	143
156	65	89	144
146	63	92	144
132	65	92	145
131	64	93	145
119	65	94	144
115	67	94	144
108	68	92	144
106	72	91	145
104	72	91	145
100	77	91	146
98	76	91	149
99	76	91	149
98	79	92	150
99	82	91	150
103	85	91	151
105	87	91	152
106	89	92	153
111	91	91	153
117	95	91	152
127	99	90	149
133	103	89	146
145	108	87	143
152	109	85	141
163	111	82	138
173	114	78	136
183	113	78	134
188	113	78	131
192	114	80	127
197	112	84	124
203	109	88	124
221	107	84	125
231	107	78	125
238	108	72	124
244	112	68	126
250	113	66	123
254	116	65	122
258	118	63	120
261	121	61	119
264	122	59	118
264	124	59	116
265	128	57	117
265	130	56	118
266	132	55	118
263	134	55	119
262	137	54	119
259	143	54	117
256	146	54	115
252	152	53	113
247	154	54	113
241	160	53	111
237	164	53	110
231	168	53	108
226	169	53	107
219	172	55	104
213	172	57	103
204	174	60	102
201	174	59	102
200	171	57	102
198	167	57	101
195	165	56	101
194	163	55	102
191	162	54	103
192	159	51	106
192	157	50	108
194	154	49	110
196	152	49	112
196	150	49	114
196	148	51	114
196	145	52	114
196	145	52	116
196	140	52	116
194	135	53	114
189	134	54	112
188	130	55	112
184	126	56	113
183	124	56	114
180	122	56	115
178	119	56	116
