123	87	132	176
124	90	131	181
125	88	130	184
125	87	130	186
126	86	129	187
126	85	130	188
127	85	130	189
128	84	131	189
129	85	131	189
130	86	131	189
130	84	132	189
131	84	133	189
132	83	133	189
133	82	133	190
134	83	134	190
135	82	134	190
136	82	134	190
138	82	135	190
138	81	135	190
140	80	136	191
139	80	136	191
139	80	136	191
138	79	137	192
137	79	137	192
134	78	138	192
131	78	138	192
129	78	138	193
127	78	138	194
125	78	139	194
124	77	139	194
123	77	139	194
123	77	139	194
123	77	139	194
123	77	140	194
125	78	140	194
126	78	140	194
126	78	140	194
128	78	140	195
128	78	140	194
129	78	140	195
129	78	140	196
130	77	140	196
131	77	141	196
130	78	141	197
130	77	141	198
131	77	142	197
131	76	142	197
132	76	142	198
132	75	142	197
133	75	143	198
134	74	143	198
134	75	143	199
135	73	143	199
136	73	143	199
137	73	143	199
138	74	143	199
138	72	143	199
138	72	143	199
139	72	143	199
140	73	143	199
139	72	143	198
138	72	143	198
137	71	143	198
137	72	143	198
135	72	143	198
134	73	143	198
133	73	143	198
131	73	143	199
131	72	144	198
131	73	144	199
131	73	144	199
132	71	144	199
132	72	144	199
132	71	144	199
132	71	144	199
133	70	144	199
132	70	145	199
130	71	146	199
129	71	149	198
129	70	151	198
130	72	153	199
129	71	154	199
129	72	155	199
131	72	156	200
132	73	156	200
133	75	156	202
133	75	156	202
133	76	156	203
133	76	155	203
135	76	155	203
135	76	155	204
136	76	155	204
137	76	156	204
138	76	156	204
138	77	156	204
137	77	156	204
139	78	156	203
138	78	155	204
138	78	155	204
137	77	155	204
137	76	155	204
137	76	155	204
137	76	154	204
138	75	154	204
138	75	152	203
139	75	151	202
141	75	150	202
141	74	148	202
143	74	147	201
145	75	146	200
148	74	144	199
149	75	143	197
152	75	142	197
154	76	141	197
156	75	141	197
158	76	140	196
161	76	140	196
163	75	140	196
166	74	139	194
169	75	139	194
173	74	139	193
177	73	139	193
181	73	139	193
185	72	139	192
189	70	138	192
193	70	138	192
197	69	137	191
201	67	137	191
205	66	137	191
209	65	137	190
214	65	137	190
217	65	136	190
223	64	135	189
228	63	134	189
233	64	134	189
238	64	133	189
243	64	131	189
246	65	130	188
251	66	130	188
256	67	130	188
260	68	130	187
265	69	130	187
269	71	130	186
273	71	130	185
277	72	130	185
282	73	131	184
288	74	131	183
292	74	131	183
298	77	132	184
303	77	132	183
308	78	133	183
315	77	133	183
322	77	133	184
329	78	134	184
336	76	134	185
344	75	135	185
351	75	136	185
357	74	136	185
364	74	137	185
370	73	137	185
376	71	137	186
382	71	136	186
389	71	136	186
393	70	136	186
397	71	135	186
402	70	134	187
406	69	134	187
408	70	133	186
411	70	133	186
412	71	133	187
414	71	133	187
417	73	132	188
419	74	132	188
420	77	132	188
422	78	132	188
422	80	132	189
423	79	132	187
421	82	131	188
421	81	131	187
421	83	132	188
419	83	132	188
416	83	132	188
414	83	132	187
412	84	132	187
410	84	132	187
408	84	131	187
406	83	132	187
405	83	132	187
404	83	132	186
402	83	132	187
401	83	132	187
399	83	132	187
397	83	132	187
396	83	132	186
394	84	132	187
393	84	132	187
393	84	132	186
393	85	132	187
392	86	133	187
391	88	132	188
390	88	132	188
389	90	132	188
386	94	132	189
383	94	133	187
379	98	135	186
375	106	137	191
370	108	140	191
365	110	141	190
361	116	142	190
360	120	141	190
358	123	140	190
357	126	141	190
353	128	143	190
359	131	140	188
361	134	137	187
359	136	136	186
356	139	137	185
353	140	137	185
353	142	137	183
353	144	136	183
352	146	135	183
352	147	135	182
351	150	135	182
352	152	134	182
352	154	134	182
353	157	133	182
353	159	133	182
354	160	133	182
353	162	133	182
352	163	134	181
353	165	134	180
355	168	134	180
355	169	133	180
354	169	134	179
354	170	134	179
354	169	135	179
354	169	135	179
354	170	135	179
353	171	135	180
351	171	136	180
350	171	136	180
351	170	135	181
349	172	136	181
348	171	136	180
345	171	136	181
344	168	136	181
344	167	136	182
343	166	136	181
343	164	136	182
342	161	136	182
342	160	136	182
341	160	136	182
339	158	137	182
339	158	136	183
336	156	137	183
335	155	138	184
333	154	138	184
331	154	139	185
329	153	140	186
325	153	140	186
322	152	142	187
318	152	142	188
313	152	143	190
311	152	144	192
307	153	144	193
303	155	144	195
299	154	145	196
295	155	146	198
293	154	146	199
289	156	147	200
285	156	147	201
283	156	147	202
278	157	148	203
275	155	148	204
270	154	149	205
266	153	150	205
260	151	150	206
255	149	151	206
249	148	151	207
243	147	151	207
239	146	151	208
235	143	151	209
232	141	151	210
228	138	151	212
224	135	151	213
220	133	151	213
216	129	152	215
214	126	151	215
211	123	151	215
207	121	152	217
205	117	152	217
202	115	152	219
200	113	153	219
199	111	153	220
198	110	153	222
195	108	154	222
194	106	155	223
190	105	156	223
187	105	157	223
186	104	158	224
183	103	158	225
181	101	158	225
179	101	159	225
176	99	159	225
176	99	159	224
172	99	158	224
171	98	159	224
169	97	159	223
166	96	158	223
164	95	158	222
163	95	157	222
161	94	157	221
159	93	156	220
159	93	156	219
158	92	155	217
157	92	154	216
156	92	152	215
155	91	152	214
153	90	151	213
153	89	150	213
150	89	150	213
149	89	149	212
149	87	149	212
148	87	149	211
149	86	149	211
148	85	148	211
149	85	147	212
149	83	146	212
150	83	145	212
149	80	144	212
149	81	144	212
149	80	143	212
149	80	142	211
148	79	142	211
146	80	142	211
144	81	142	210
144	82	142	209
143	84	143	209
142	85	143	209
141	86	144	208
141	87	144	207
142	87	144	207
144	88	146	206
144	88	147	206
143	88	148	204
142	88	149	203
144	89	152	203
145	88	153	203
147	89	153	204
150	89	154	203
153	89	155	204
155	90	154	204
158	90	154	204
161	90	154	204
163	91	153	205
165	90	153	205
166	91	152	206
166	90	152	205
167	90	152	206
164	90	153	205
165	91	153	205
164	91	154	205
164	92	152	205
166	93	151	205
167	92	151	204
165	89	152	201
166	90	152	201
167	92	151	204
166	92	149	205
163	86	148	203
164	87	146	202
165	89	145	204
168	91	145	207
167	90	145	208
169	88	144	208
168	88	144	209
170	88	144	209
172	87	143	208
173	88	143	207
176	88	142	207
175	87	141	206
178	88	140	205
181	88	139	204
184	89	138	203
185	90	137	202
185	90	137	201
187	91	137	200
187	93	137	199
188	93	136	199
188	94	136	199
190	94	136	199
189	94	136	199
190	95	136	198
191	96	136	198
192	95	135	199
191	96	135	199
192	96	134	200
192	96	134	199
192	96	134	199
193	97	134	199
192	97	134	200
191	99	134	200
191	97	134	199
191	97	134	199
191	97	133	200
191	97	134	200
191	97	133	200
192	96	133	199
193	96	133	199
192	97	133	200
192	96	133	200
193	96	133	200
193	96	133	199
193	96	133	199
193	97	133	198
194	96	133	197
195	96	133	198
195	96	133	198
194	97	133	199
195	95	133	197
195	96	133	198
195	96	133	199
194	96	133	198
195	95	133	198
193	96	133	198
194	96	133	197
195	96	133	197
195	96	133	197
194	98	133	197
194	98	133	198
194	98	133	197
194	99	133	198
194	99	133	198
194	99	133	198
194	99	133	199
194	98	133	198
195	98	133	198
195	99	133	198
194	100	133	200
194	100	133	199
194	101	133	199
195	102	133	200
194	100	133	198
194	101	133	199
194	101	133	200
194	101	133	199
195	102	133	200
194	102	133	200
195	101	133	199
195	104	133	200
194	103	133	200
196	102	133	200
195	102	134	199
196	102	133	199
196	103	133	199
196	104	134	200
195	103	134	200
197	102	133	201
196	104	133	201
196	103	133	202
196	103	133	202
196	103	133	202
196	104	133	202
198	103	133	202
196	104	134	201
198	103	133	201
197	104	134	200
197	104	135	200
198	103	134	200
197	104	135	200
197	103	135	201
199	103	135	201
198	103	135	201
199	104	135	200
201	105	135	199
202	106	135	200
202	106	135	200
203	106	135	200
204	106	135	200
204	105	135	200
204	106	135	201
204	106	135	201
206	105	135	201
208	105	135	200
207	105	135	199
211	105	135	199
212	105	135	198
212	106	135	198
216	107	135	198
218	108	136	199
221	109	135	199
224	108	135	198
226	108	136	199
229	109	135	199
230	109	136	198
233	109	136	197
235	110	136	198
237	109	137	198
239	109	137	198
241	110	137	198
242	110	136	198
243	110	136	198
244	111	136	198
246	112	136	199
247	111	136	199
249	111	136	199
251	110	136	199
253	109	137	199
254	110	137	199
256	109	137	199
257	109	137	199
259	108	137	199
260	108	137	200
263	107	137	201
265	105	137	200
266	103	138	201
269	102	138	200
269	103	138	200
272	103	138	201
273	102	139	201
274	101	139	201
277	101	139	201
278	99	140	202
280	99	140	202
282	98	140	202
285	96	140	201
289	96	140	202
291	93	140	202
293	93	140	202
295	90	141	202
297	90	141	203
300	88	141	204
302	86	142	204
304	86	143	206
306	85	144	207
308	84	145	209
308	83	146	211
311	81	147	213
311	79	148	214
311	78	150	216
312	77	150	218
311	76	151	219
310	75	153	219
308	77	154	219
305	76	155	219
302	77	157	220
299	81	158	223
295	83	159	226
291	84	160	226
286	83	161	224
283	88	161	226
278	87	161	226
274	91	161	232
272	89	162	230
268	96	162	233
266	93	163	229
262	98	164	229
257	103	165	230
255	104	165	232
254	108	166	232
251	108	168	231
246	110	170	230
243	113	171	233
241	110	171	236
239	105	171	239
237	94	170	243
235	90	169	248
233	79	169	255
229	65	169	257
226	53	170	256
224	41	170	260
223	27	170	260
221	15	171	262
220	4	170	261
218	0	170	256
217	0	169	250
215	0	168	243
214	0	167	239
212	0	165	237
211	0	164	233
210	1	161	233
212	2	158	231
210	2	156	226
211	4	154	220
210	13	151	217
208	16	149	213
207	19	148	208
207	23	146	207
205	25	145	203
205	26	143	199
205	30	142	198
202	31	142	195
200	33	142	195
199	35	143	194
196	35	143	192
193	37	143	192
191	39	143	192
189	35	142	191
187	37	142	190
183	40	142	191
181	43	142	191
179	43	141	188
175	48	142	189
173	51	141	189
170	53	141	189
169	53	140	187
168	56	140	188
166	58	140	188
166	57	139	186
165	62	139	189
166	61	139	189
164	64	139	189
164	69	138	192
164	70	139	192
162	72	139	191
160	77	138	194
159	78	139	193
159	83	138	194
157	85	138	192
157	90	138	194
155	90	137	191
155	95	137	193
154	95	137	193
154	94	138	190
157	99	137	192
160	97	137	189
164	100	137	190
167	99	136	186
170	105	135	188
172	104	135	187
177	109	134	188
179	108	134	185
182	110	133	183
183	112	132	183
182	108	132	182
182	107	132	180
181	109	131	182
181	106	130	184
181	100	129	184
181	96	129	183
180	92	129	181
177	88	129	180
174	88	131	180
171	89	131	180
167	88	132	179
164	90	134	179
161	90	134	179
160	89	134	179
159	91	134	181
158	91	134	180
158	96	135	184
158	93	136	184
159	93	137	184
163	93	138	182
166	94	139	183
171	93	140	181
176	93	140	181
179	93	141	182
181	90	140	182
183	90	139	184
185	88	138	185
186	86	139	188
186	85	139	192
185	82	140	194
184	82	140	199
185	77	140	201
185	76	141	204
184	75	142	206
183	74	143	206
182	74	144	207
181	77	146	209
179	76	148	207
176	78	148	204
175	80	148	203
176	79	149	202
176	78	150	203
179	76	153	204
184	73	156	204
189	72	158	204
195	71	160	206
201	67	162	208
205	66	164	210
209	64	166	213
214	64	168	217
217	63	170	221
221	64	172	222
223	64	173	225
221	66	175	232
217	67	177	239
211	58	178	240
208	59	180	244
202	51	183	240
197	53	185	238
192	53	185	236
186	53	185	233
182	62	185	235
180	62	184	236
174	62	186	236
168	64	189	235
163	65	193	233
166	70	195	233
168	73	196	237
171	72	195	240
175	76	193	245
174	75	192	247
180	75	190	247
188	77	188	248
196	81	186	250
201	80	188	251
210	79	189	249
218	81	191	244
228	83	192	238
239	87	193	237
246	87	189	235
250	86	186	238
255	84	182	241
260	82	178	244
263	73	176	248
262	65	176	249
262	60	175	250
261	60	174	249
259	59	173	249
258	64	169	250
262	70	165	250
263	76	163	247
261	80	162	245
261	86	160	242
259	91	159	239
254	96	156	236
249	98	154	234
246	101	152	231
242	107	152	230
240	109	151	229
238	111	151	226
236	114	150	224
236	115	148	220
241	116	147	216
250	118	145	213
255	120	145	210
264	121	146	208
276	123	146	206
283	124	146	206
293	124	146	203
302	127	146	200
313	129	145	198
321	131	145	195
329	137	145	195
336	140	144	194
343	142	143	193
349	146	143	192
357	149	142	190
363	153	141	189
369	156	141	189
371	157	141	187
378	160	140	188
382	161	139	187
386	163	139	187
390	165	139	184
396	166	139	183
400	168	140	180
403	171	139	181
408	173	139	180
412	174	138	178
414	178	136	177
417	179	134	177
419	179	132	175
420	181	130	173
420	182	129	171
420	183	129	168
418	184	129	167
415	185	128	165
413	186	127	164
410	187	126	164
408	187	124	164
406	188	122	163
403	189	120	164
401	189	118	165
400	188	118	165
398	189	117	165
398	188	117	166
395	188	117	166
394	189	117	166
393	189	116	165
391	189	116	166
390	188	116	166
390	190	116	167
390	190	115	166
387	189	115	165
387	192	114	165
387	192	114	164
386	194	114	165
383	194	113	165
382	194	113	165
380	195	113	166
379	196	111	166
375	196	111	168
375	195	111	167
372	197	110	167
369	194	110	167
367	197	109	167
365	194	109	167
363	196	108	169
364	193	108	167
360	195	108	168
359	194	107	169
358	193	107	169
357	193	107	169
356	191	108	170
353	192	108	170
353	190	108	170
352	191	108	169
351	191	108	169
349	191	108	169
348	190	109	169
350	191	108	169
348	191	109	168
348	192	108	169
349	192	108	169
348	190	108	169
347	192	109	169
348	192	109	168
347	193	109	168
345	194	109	169
345	193	109	168
345	194	109	168
343	193	110	167
342	194	110	166
339	193	111	165
337	192	111	165
334	191	112	164
331	191	112	163
325	189	113	161
320	188	112	161
317	186	113	162
307	186	114	162
303	186	114	162
296	187	114	163
290	186	114	164
284	187	114	164
280	187	114	165
275	188	113	166
271	187	114	165
267	187	114	165
263	187	113	167
262	185	113	167
260	185	113	168
259	183	113	170
258	181	113	172
258	182	113	173
258	179	112	174
258	179	113	175
259	175	113	176
258	174	114	176
257	171	114	178
256	164	116	177
256	162	116	177
254	156	117	179
253	154	117	181
251	150	118	183
248	148	118	183
245	146	119	184
241	144	120	186
235	140	121	186
231	137	122	187
228	132	123	186
221	129	123	186
218	126	124	187
215	123	126	185
210	124	127	186
207	124	127	186
205	127	128	188
203	127	129	188
201	128	131	191
198	128	131	194
196	128	131	196
194	127	131	197
192	127	131	197
192	126	132	196
187	126	133	195
184	125	135	194
180	124	136	193
176	121	137	193
172	118	139	193
169	114	139	192
169	112	140	191
167	109	140	191
166	106	140	193
168	101	140	193
171	100	141	194
175	101	141	196
182	99	143	196
191	101	144	195
199	98	146	197
209	95	147	200
217	94	150	203
226	92	151	207
235	84	152	208
243	77	151	207
246	76	151	207
245	71	152	205
244	72	152	204
243	70	153	202
239	70	154	203
236	67	157	203
231	64	161	202
222	63	163	201
217	62	164	202
211	61	165	205
205	61	166	208
199	61	167	215
194	61	169	221
190	56	174	223
187	57	178	224
184	55	185	224
179	56	190	226
182	59	192	228
183	59	194	232
184	59	197	235
182	58	200	236
182	59	204	236
180	59	209	238
178	56	212	241
174	51	213	245
172	47	215	247
173	46	216	248
172	47	217	250
172	46	220	250
172	47	223	252
175	48	227	258
172	49	226	263
172	47	222	266
174	46	219	267
174	48	214	269
178	48	211	268
181	52	207	266
192	57	204	262
200	64	204	261
206	68	205	258
218	73	205	254
232	78	203	248
243	84	200	245
259	89	199	242
277	101	195	242
295	104	192	245
313	108	191	242
329	112	192	234
344	123	190	228
358	132	188	225
367	136	184	224
375	139	180	223
385	145	176	222
393	143	173	223
401	153	168	220
407	155	166	218
411	163	166	213
414	174	167	208
416	183	171	204
417	187	173	199
418	196	172	195
421	198	172	195
415	203	173	195
412	207	172	198
407	215	170	200
401	224	170	204
394	233	169	204
388	235	167	209
383	245	166	213
379	249	164	216
374	256	163	216
368	262	162	214
361	274	162	207
355	281	163	199
349	288	163	193
345	292	161	188
342	299	159	183
340	306	158	177
338	312	155	172
338	314	152	169
341	318	149	165
344	323	147	161
348	327	144	156
351	330	141	152
355	331	139	150
360	332	136	148
364	332	135	148
368	330	133	148
374	326	130	150
379	321	128	154
382	315	126	158
384	308	125	163
386	300	123	166
388	292	122	166
390	286	121	164
389	285	119	164
391	280	118	161
392	278	116	159
394	276	114	157
393	276	112	156
394	275	110	154
396	274	108	152
397	275	107	149
396	275	105	147
398	275	104	145
398	276	102	144
399	276	101	142
400	276	99	140
402	276	98	139
402	276	97	138
403	275	96	137
404	275	95	136
405	273	94	136
404	272	94	136
404	269	94	136
403	267	94	136
402	265	95	136
400	264	95	135
398	263	95	135
396	262	95	135
394	259	95	135
391	258	95	134
388	257	95	134
384	254	95	134
381	252	95	134
378	252	94	134
375	251	94	133
373	250	94	132
371	248	94	132
368	248	94	132
366	246	94	132
364	244	94	132
362	242	94	132
362	242	93	132
361	241	93	132
361	239	93	132
361	237	93	132
362	236	93	132
363	234	93	132
364	232	93	131
364	232	93	132
365	230	93	132
366	228	93	132
367	226	92	133
367	224	93	133
368	223	93	132
368	221	93	133
367	219	93	133
367	216	93	133
366	214	93	133
365	212	93	133
363	211	93	133
361	209	93	133
360	207	93	133
358	206	93	133
357	204	93	133
356	203	93	134
354	201	93	134
353	200	93	134
352	197	93	134
351	195	93	134
350	194	93	134
349	191	93	134
347	190	93	134
347	188	93	134
346	186	93	134
344	184	93	134
343	185	93	133
341	184	93	134
338	183	94	133
336	182	94	134
333	181	94	134
330	180	94	134
327	179	94	133
323	178	94	133
320	178	94	133
317	177	94	133
313	177	94	133
311	177	94	133
308	176	93	133
305	177	93	133
302	177	93	134
300	175	93	134
298	174	92	135
295	172	92	136
291	172	92	136
290	170	91	136
286	169	91	136
282	169	92	136
279	168	92	137
275	168	92	137
272	167	91	137
268	167	91	137
264	167	92	137
260	167	92	137
257	169	92	135
254	169	92	135
252	168	92	135
250	168	91	134
247	167	91	134
245	166	90	134
243	166	90	134
241	165	89	134
239	164	89	134
236	162	90	134
235	162	89	135
232	161	90	135
230	160	90	136
228	160	89	136
227	160	89	136
226	159	89	137
223	160	89	138
224	160	88	138
220	159	89	138
221	159	89	138
222	159	89	138
222	158	91	136
223	157	92	134
225	157	93	132
227	159	94	133
229	158	96	132
231	158	98	130
232	158	100	130
234	159	101	130
237	159	103	131
239	159	104	131
241	159	105	130
243	158	106	131
243	157	107	132
243	157	108	132
242	157	109	133
243	155	110	135
243	154	111	135
241	153	113	135
240	152	115	136
239	150	117	135
236	147	118	135
234	144	120	135
230	138	122	136
226	132	122	135
224	126	124	135
220	123	124	137
215	118	125	137
212	115	127	138
208	115	128	139
201	115	129	140
198	120	131	143
