0.072137
0.072137
0.072137
0.072137
0.072137
0.072137
0.072137
0.072137
0.072137
0.072137
0.072137
0.072137
0.072137
0.072137
0.072137
0.072137
0.072137
0.072137
0.072137
0.072137
0.072137
0.072137
0.072137
0.072137
0.072137
0.072137
0.072137
0.072137
0.072137
0.072137
0.072137
0.072137
0.072137
0.072137
0.072137
0.072137
0.072137
0.072137
0.072137
0.072137
0.072137
0.072137
0.072137
0.072137
0.072137
0.072137
0.072137
0.072137
0.072137
0.072137
0.072137
0.072137
0.072137
0.072137
0.072137
0.072137
0.072137
0.072137
0.072137
0.072137
0.072137
0.072137
0.072137
0.072137
0.072137
0.072137
0.072137
0.072137
0.072137
0.072137
0.072137
0.072137
0.072137
0.072137
