245	64	12	13
245	64	11	13
245	64	11	13
246	64	11	13
245	63	11	13
246	64	11	14
246	64	11	14
246	64	11	14
246	63	11	14
247	64	11	14
246	63	11	14
246	63	11	14
247	63	11	14
247	63	11	14
247	63	11	14
247	63	11	14
247	63	12	14
247	63	12	14
247	63	12	14
246	63	12	14
246	63	12	14
246	64	12	14
245	63	12	14
246	63	12	14
245	63	12	14
245	63	12	14
244	64	12	14
243	63	12	14
242	64	12	14
241	63	12	14
240	64	12	14
239	64	12	14
238	64	13	14
237	64	13	14
235	64	13	14
234	65	13	14
232	65	13	14
231	65	13	14
230	65	13	14
228	65	13	14
227	65	12	14
224	65	12	14
222	65	12	14
220	64	12	14
219	64	12	14
217	64	12	14
215	63	12	14
214	63	12	14
212	62	12	14
210	62	12	14
208	62	12	14
206	62	12	14
205	62	12	14
204	62	12	14
201	63	12	14
200	63	12	14
198	63	12	14
197	63	12	14
195	63	12	14
193	63	12	14
191	63	12	14
189	62	12	15
188	62	12	15
186	62	12	15
184	62	12	15
182	61	12	15
181	60	12	15
179	60	12	15
177	60	12	15
175	60	12	15
174	60	12	15
172	61	12	15
170	61	12	15
167	61	12	15
165	61	12	15
164	62	12	15
162	61	12	15
161	62	12	15
159	62	12	15
157	61	12	16
155	61	12	16
154	60	12	16
153	61	12	16
151	60	12	16
151	59	12	16
150	59	12	16
150	58	12	16
150	59	12	16
150	59	12	16
150	59	12	16
150	60	12	17
150	60	12	17
150	60	13	17
150	61	13	17
150	60	13	18
151	60	13	18
151	60	13	18
151	60	13	18
152	60	13	18
152	60	13	18
152	60	13	18
152	59	13	18
153	59	13	18
152	59	13	18
153	59	13	18
153	59	13	18
153	59	13	18
153	59	13	18
153	59	13	18
154	60	13	18
154	60	13	18
153	61	13	18
153	61	13	18
154	62	13	18
154	62	13	18
154	63	14	17
154	62	14	17
155	63	14	17
156	63	14	18
155	63	14	18
156	63	14	18
155	63	15	18
156	63	15	18
155	63	16	18
155	62	16	19
154	61	16	19
154	61	16	19
153	61	17	19
153	60	17	19
153	59	17	19
152	58	17	19
152	58	17	19
150	58	17	19
149	58	17	20
148	58	17	20
148	58	17	20
147	58	17	20
147	58	17	20
146	58	17	20
146	58	17	20
146	58	17	20
146	59	17	20
146	58	17	20
146	58	17	20
145	57	17	20
145	57	17	20
144	56	17	20
144	55	17	20
143	55	17	21
143	54	18	21
141	55	18	21
140	55	18	21
139	55	18	21
138	55	18	21
137	56	18	21
135	56	17	21
133	56	17	21
130	56	18	21
129	56	17	21
127	56	17	21
126	56	17	21
124	56	17	21
122	56	17	21
120	56	17	21
118	55	17	21
117	54	17	21
116	52	18	21
114	53	18	21
113	52	18	21
111	51	18	22
110	51	18	22
108	50	18	22
107	50	18	21
105	51	18	21
104	51	18	22
104	50	18	22
102	51	18	22
102	50	18	22
101	51	18	22
100	50	18	22
99	51	18	22
100	51	18	22
99	51	18	22
99	50	19	22
98	50	19	22
97	49	19	23
96	49	19	23
96	49	19	23
95	49	19	23
94	48	19	24
93	48	19	24
92	48	19	24
91	49	19	24
90	49	19	24
88	49	19	24
86	50	20	25
85	51	20	25
83	51	19	25
82	51	20	25
80	52	20	25
77	51	20	25
76	51	20	25
75	50	20	26
74	50	20	26
73	48	20	26
72	48	20	26
72	47	21	26
71	47	21	27
71	46	21	27
72	46	21	27
72	46	21	27
72	46	21	27
73	46	21	27
73	46	21	27
75	46	21	27
76	47	21	27
77	46	21	27
79	47	21	27
79	46	22	27
80	45	22	28
81	45	22	28
82	44	22	28
82	44	22	28
82	44	22	29
83	44	22	29
83	44	22	29
84	43	22	29
85	43	23	30
86	43	23	30
85	44	23	30
87	44	23	30
87	44	23	31
87	44	23	31
87	44	24	31
87	45	24	32
87	44	24	32
88	43	24	32
88	43	24	32
88	43	24	33
89	42	24	32
89	42	25	32
89	42	25	32
90	41	25	32
90	41	25	32
90	40	25	32
91	40	25	32
91	39	25	32
92	39	25	32
92	38	25	32
93	39	25	32
94	39	25	33
95	39	26	33
97	39	26	33
98	40	27	33
100	40	28	33
102	40	28	33
104	41	28	34
107	42	29	34
109	43	29	34
113	42	30	34
116	43	31	34
118	43	31	34
121	43	32	33
124	42	32	33
126	42	32	32
130	42	32	32
131	42	32	32
133	41	31	33
135	41	30	32
137	40	30	32
139	40	30	32
139	39	30	32
141	39	30	32
143	37	31	32
144	38	31	32
146	39	31	32
148	38	32	33
151	39	32	33
154	38	33	34
156	39	33	34
160	39	33	34
164	39	33	34
168	40	33	35
172	41	33	35
176	41	33	35
181	42	33	35
185	42	33	35
190	42	33	35
194	42	33	35
198	42	33	35
201	42	34	34
205	41	34	34
207	40	33	34
211	40	34	34
213	40	34	34
216	39	34	34
219	39	34	34
222	39	34	34
224	39	34	33
228	41	34	33
230	41	33	34
233	41	33	34
237	43	33	34
240	43	33	34
243	44	33	34
246	45	32	34
249	46	32	34
252	45	31	34
255	45	31	34
258	45	31	34
262	45	30	33
264	45	30	33
267	44	29	33
269	44	29	34
272	44	28	34
274	44	28	34
276	44	27	34
279	44	27	34
281	45	27	35
284	45	27	35
286	46	26	36
288	46	26	36
290	45	27	36
291	45	26	36
292	43	26	36
293	43	26	36
294	42	26	37
296	42	26	37
296	40	27	37
297	39	27	37
298	38	27	37
298	38	27	37
298	36	28	37
299	34	28	38
299	34	28	38
300	33	28	38
301	33	28	38
303	34	28	38
304	35	28	39
306	37	28	39
308	39	28	39
311	40	29	39
313	41	28	39
316	41	29	39
318	40	29	39
320	39	30	39
322	38	30	39
324	37	31	40
325	34	32	40
326	33	32	41
326	32	33	42
326	31	33	43
325	29	33	43
324	28	34	44
324	26	35	44
322	26	36	45
319	26	37	45
317	26	37	46
315	27	38	46
313	28	38	47
310	28	38	47
307	28	39	47
303	28	40	47
301	30	41	47
296	30	41	47
293	30	42	46
290	31	43	46
287	29	44	46
285	29	44	45
283	28	45	46
281	26	47	46
277	26	47	47
276	24	49	48
272	24	49	48
269	24	50	49
266	25	50	50
263	25	51	50
259	25	52	51
255	24	52	52
252	24	53	52
249	24	53	52
247	24	54	53
243	23	55	53
241	23	56	53
238	22	56	54
236	22	57	54
234	21	58	55
231	21	59	55
228	22	60	55
226	22	61	56
223	23	61	56
220	24	62	56
219	24	63	56
218	24	63	57
217	24	64	57
216	23	64	57
216	23	65	57
217	22	65	58
217	20	65	58
217	18	65	58
217	17	65	58
218	16	64	59
218	15	63	60
219	14	63	60
220	12	62	60
220	10	61	60
221	9	60	60
223	9	59	59
224	8	58	59
224	8	57	59
223	8	56	59
223	8	55	59
221	9	55	59
218	9	54	58
214	10	54	58
210	11	53	57
205	13	53	57
199	15	53	57
192	16	53	56
185	18	53	56
175	20	53	56
165	22	52	57
154	23	52	56
141	25	52	56
128	26	53	57
116	27	53	57
107	27	54	58
96	26	53	57
86	26	53	57
79	25	54	56
71	25	54	56
65	24	55	55
60	24	55	55
55	24	55	56
51	24	55	56
47	23	55	56
44	23	56	55
41	23	56	55
40	22	57	55
39	22	57	54
38	22	57	54
37	21	57	54
37	20	56	54
35	18	55	55
37	16	55	55
36	14	54	55
36	13	54	54
35	11	54	54
35	9	54	53
34	9	54	53
33	8	54	52
31	7	54	53
30	7	53	53
28	7	53	53
26	7	53	53
23	7	52	53
20	8	52	54
15	8	52	54
10	8	53	54
3	7	54	54
