264	311	37	69
268	308	36	68
269	307	36	68
269	304	34	68
271	299	33	68
272	296	31	69
272	295	29	69
272	295	27	69
272	293	26	69
272	292	25	69
271	294	24	69
268	295	25	69
267	294	27	68
265	291	28	68
266	291	30	67
262	291	31	67
260	290	32	67
259	289	33	67
258	289	33	67
257	289	34	68
255	288	33	67
254	287	33	68
252	287	32	68
253	285	31	68
251	283	30	69
248	281	28	71
248	283	28	70
249	284	28	69
244	287	30	67
238	287	33	67
238	290	35	67
238	292	36	67
240	286	36	71
242	285	38	73
241	283	39	75
261	294	39	72
271	294	37	70
279	297	35	68
287	298	33	66
296	298	32	64
305	300	31	63
313	303	30	62
319	302	30	62
330	303	29	61
338	307	29	60
345	309	29	58
353	308	29	57
358	310	32	55
362	313	36	54
367	314	41	52
372	316	45	51
376	319	49	50
383	321	52	49
396	321	52	49
409	322	50	49
422	323	48	49
432	322	47	49
439	325	44	50
445	328	40	49
449	331	38	49
450	303	36	51
450	300	34	56
451	298	33	59
451	296	32	62
451	295	31	65
451	294	30	68
455	293	29	71
453	294	29	74
451	296	29	75
450	292	29	76
450	291	29	78
450	292	29	79
450	291	29	81
450	291	29	81
448	288	30	82
448	289	30	83
448	285	30	84
448	281	30	84
447	277	31	85
447	271	31	85
446	269	31	86
446	268	31	86
443	270	32	86
410	272	34	85
374	284	37	82
365	273	38	82
369	274	39	81
365	277	41	80
362	286	42	79
363	284	43	79
305	297	44	78
295	293	44	78
246	282	48	81
232	280	49	84
232	280	50	87
229	279	53	86
224	283	54	85
218	279	52	83
225	280	48	81
228	279	45	78
232	282	43	75
233	282	41	73
235	283	38	71
236	284	36	70
239	285	33	69
238	285	31	69
242	287	28	69
244	288	26	71
246	287	26	72
248	287	26	74
246	287	27	76
246	288	30	76
245	288	33	77
244	287	36	79
243	289	39	81
244	291	40	83
246	288	40	84
249	285	40	87
252	292	42	85
255	286	45	85
256	291	49	83
256	294	52	81
254	293	53	81
259	298	55	77
255	295	57	77
247	296	56	79
242	285	47	84
235	291	46	83
245	287	42	87
244	289	41	88
246	284	40	91
247	286	40	91
249	289	41	90
247	289	43	90
249	291	45	90
250	292	45	89
251	292	45	89
254	293	45	88
255	293	45	88
256	294	44	88
257	291	44	85
260	291	45	85
255	290	44	82
257	290	44	79
253	290	42	76
250	292	41	73
250	291	41	70
250	292	40	69
250	293	40	68
249	292	40	68
250	295	40	67
250	295	38	66
252	294	36	66
253	295	33	66
253	294	31	67
253	293	28	67
254	292	26	67
254	293	24	67
256	293	23	67
257	294	23	67
256	293	24	66
256	294	26	66
256	292	29	66
256	294	32	66
257	293	34	66
258	294	35	66
260	295	35	66
262	294	34	66
264	292	32	66
264	293	30	66
266	294	28	66
267	292	26	67
268	292	24	66
269	290	23	67
270	292	22	66
271	294	22	66
271	293	23	66
268	297	26	65
266	296	29	65
267	298	32	65
268	298	34	65
269	299	35	65
271	302	35	64
273	303	34	64
273	300	32	64
274	302	30	64
274	303	28	64
274	304	26	64
273	304	24	64
273	304	22	64
273	303	21	64
274	303	21	64
274	305	22	63
272	305	24	62
270	307	27	62
268	305	30	62
268	305	31	63
268	305	33	64
270	304	33	65
270	305	32	65
269	305	31	66
269	304	30	66
269	304	28	66
269	307	27	66
269	306	26	66
270	305	25	66
271	309	25	65
271	309	24	65
269	312	25	64
267	309	27	64
267	313	30	62
266	315	33	61
264	310	35	62
265	308	37	64
266	308	37	65
267	306	38	67
268	305	37	69
270	302	35	70
271	302	33	71
272	304	31	71
274	302	29	72
276	302	27	73
279	303	25	74
279	303	25	74
278	306	25	73
276	310	26	70
277	307	28	68
276	306	30	68
275	307	32	67
273	309	33	66
272	311	34	66
273	309	33	67
274	307	32	67
273	307	31	68
271	304	30	68
271	303	29	69
270	302	27	68
270	302	26	68
269	301	25	68
269	302	24	68
271	302	24	67
269	300	25	67
266	299	27	66
264	297	31	66
265	292	33	64
265	291	34	64
266	293	35	64
268	297	35	63
269	298	34	64
265	291	33	63
262	287	32	63
256	285	29	64
253	285	27	64
251	284	24	64
252	288	23	64
254	287	22	64
254	286	21	64
254	287	22	64
253	288	23	64
248	286	25	64
247	286	27	64
243	284	28	64
244	285	28	64
243	287	29	64
245	289	29	64
245	288	28	64
245	288	27	64
246	290	26	64
246	292	25	64
244	290	24	64
244	289	23	64
243	289	23	64
242	289	23	64
242	288	24	64
241	289	25	64
240	290	27	64
238	292	29	64
234	290	32	63
233	292	34	64
232	295	36	64
233	294	36	63
231	294	37	63
230	295	36	62
231	295	35	61
232	293	33	61
233	292	30	62
233	289	28	63
233	284	25	66
234	283	24	66
236	281	23	65
236	282	22	64
234	282	23	64
233	280	25	63
235	280	27	63
235	277	28	63
236	277	29	63
239	276	29	64
240	277	29	64
242	278	29	64
244	277	29	64
246	277	28	65
247	277	27	65
250	277	25	64
252	276	24	64
255	277	23	64
259	278	22	63
261	277	23	63
263	278	25	63
266	278	27	63
270	278	29	62
273	280	31	62
277	281	33	62
281	281	34	62
285	281	34	63
288	281	34	62
287	281	33	62
287	281	30	62
289	282	28	62
289	280	26	62
290	279	24	62
291	279	22	63
293	279	21	63
295	278	21	63
297	278	21	63
296	278	21	63
293	278	23	63
291	279	25	63
292	279	26	63
293	278	26	63
293	279	26	63
293	276	26	63
294	274	26	63
290	274	25	62
289	276	24	62
289	274	23	62
285	270	22	62
283	276	21	63
281	283	21	63
285	290	22	62
288	290	22	62
291	288	24	62
289	290	26	61
283	295	28	61
282	298	30	61
277	292	32	61
278	286	32	61
277	283	32	61
272	287	33	60
268	287	33	60
267	285	31	61
264	286	30	61
262	289	28	62
260	290	25	62
260	291	23	63
260	293	22	64
260	296	21	63
259	298	21	63
257	299	22	63
256	300	24	63
256	300	27	62
256	300	29	63
252	301	30	62
251	301	32	62
251	302	32	62
248	300	32	63
249	299	31	64
249	299	30	64
245	298	29	63
239	298	28	63
236	299	26	62
229	299	24	61
223	298	23	61
221	299	22	61
219	302	21	60
217	305	21	61
214	312	22	60
212	317	24	60
211	319	26	59
209	323	28	59
209	324	29	58
207	325	31	57
205	326	32	58
203	328	32	57
201	324	32	58
201	326	31	58
197	326	30	59
195	327	29	59
194	331	27	60
191	337	25	60
191	336	24	59
191	336	22	60
190	337	20	60
189	339	20	61
187	340	19	61
185	342	20	61
182	346	22	60
179	347	24	60
176	348	26	60
173	350	28	60
172	352	28	60
170	353	29	60
170	353	29	61
171	354	28	60
172	353	27	61
173	355	26	61
173	355	24	61
175	354	23	61
178	352	22	61
179	351	21	60
180	351	20	59
180	352	20	60
181	351	20	60
182	347	22	60
184	345	24	60
185	343	26	59
187	340	28	59
191	337	30	59
197	337	30	60
203	335	31	59
207	332	31	59
211	331	31	59
212	331	30	59
214	329	29	60
216	333	27	59
216	330	25	61
217	332	24	60
217	334	22	60
218	335	21	60
219	334	20	61
221	333	20	61
221	335	20	60
220	336	21	59
221	331	23	60
219	331	25	59
219	332	26	59
218	330	27	59
217	330	28	60
216	331	27	59
217	330	27	59
216	330	26	60
215	330	25	60
214	330	23	60
214	329	22	61
215	329	21	60
216	328	20	61
216	329	20	60
216	330	19	60
216	330	19	60
212	332	21	59
211	333	24	58
210	332	26	58
211	334	28	58
212	334	29	58
212	334	30	58
215	333	30	58
216	330	30	59
216	332	29	58
217	331	28	59
216	331	27	58
216	329	25	59
216	329	24	59
216	328	23	59
218	330	22	58
220	328	21	58
225	326	20	58
224	325	20	58
223	326	20	58
223	326	21	58
223	326	22	57
221	327	23	57
221	328	24	57
222	327	24	57
222	327	24	58
224	324	24	59
223	324	24	59
221	323	23	60
221	321	22	62
221	318	22	64
220	319	22	66
220	321	21	67
221	315	21	69
222	313	21	70
222	315	21	71
219	315	22	71
216	313	24	71
214	313	25	70
215	316	27	70
216	316	28	70
217	319	29	69
219	319	29	69
221	320	29	69
222	320	29	67
225	320	28	66
227	320	28	64
228	321	28	62
228	324	27	59
229	324	25	58
228	324	24	57
229	323	22	57
230	325	21	56
229	326	20	55
230	329	20	56
231	331	19	56
231	331	20	56
233	333	20	55
231	334	21	55
233	333	22	55
231	333	22	56
229	335	23	56
228	336	23	55
228	336	23	56
227	336	23	56
225	335	23	56
224	334	22	56
222	334	22	56
223	333	22	56
223	333	21	56
224	331	20	57
224	332	20	57
224	332	19	57
225	331	19	57
224	332	19	56
223	332	20	56
220	335	21	55
220	335	22	55
220	335	23	55
220	335	24	55
220	336	24	54
218	337	24	54
217	338	25	54
218	338	25	55
216	338	25	55
213	340	27	54
215	338	27	54
212	337	28	55
211	338	29	55
213	336	28	55
212	332	27	55
213	330	27	56
213	328	26	56
213	328	25	56
211	327	25	56
211	326	24	56
211	326	24	57
210	326	23	57
210	328	23	57
210	327	23	57
209	328	22	58
207	328	23	58
207	327	23	58
205	327	23	59
203	328	23	59
203	327	23	58
203	330	24	57
202	328	24	57
201	330	24	57
202	332	24	56
203	331	24	56
203	333	23	54
206	333	23	54
206	332	22	54
206	332	22	55
204	332	21	56
204	333	20	57
204	333	20	57
204	334	20	58
202	336	20	58
200	337	20	59
198	337	20	59
198	337	21	59
198	335	22	60
196	335	22	60
195	336	23	59
196	333	23	59
196	331	24	59
195	333	24	59
195	331	25	59
196	330	26	59
196	328	25	59
199	327	26	59
198	326	26	59
198	328	25	59
197	329	25	58
198	326	25	59
198	328	25	58
197	328	25	58
199	327	25	58
198	325	25	58
196	327	25	57
195	328	25	57
192	328	25	57
192	330	25	57
190	330	25	57
189	332	26	57
187	332	25	57
187	331	25	57
187	331	26	57
187	330	26	57
186	330	26	57
186	330	26	56
187	332	27	56
185	332	26	57
185	331	26	57
184	330	24	57
183	331	23	57
184	331	23	58
183	330	22	57
183	330	21	57
183	331	20	57
183	331	19	57
183	332	19	57
181	334	19	57
179	333	19	57
179	334	19	56
178	334	19	56
177	335	19	56
177	336	19	57
177	336	19	57
178	336	19	57
180	337	19	58
183	337	19	58
188	339	19	58
192	338	19	58
197	338	19	57
198	337	19	57
199	335	19	57
202	335	19	58
200	335	18	58
200	334	18	58
199	334	18	58
197	332	18	58
195	331	18	58
195	329	18	58
195	327	18	58
195	325	18	58
194	321	18	59
192	320	18	58
189	318	18	58
182	316	18	59
179	315	18	58
177	319	17	58
176	322	17	58
176	324	18	58
175	324	18	58
177	324	18	58
177	322	18	58
176	325	17	58
175	327	17	58
175	327	17	57
178	328	18	58
178	329	18	57
177	328	18	57
178	331	18	58
177	331	18	57
177	332	18	57
176	334	19	57
177	334	19	57
176	336	19	57
177	336	19	57
177	335	19	56
177	334	19	55
178	333	19	54
179	333	19	54
179	332	19	53
180	332	18	52
181	327	18	51
182	326	18	51
182	326	17	50
183	324	17	49
184	322	16	48
184	322	16	47
184	324	16	47
183	327	15	46
186	329	15	45
186	332	14	45
191	335	14	44
191	341	14	44
188	345	14	43
184	346	13	42
182	345	13	42
181	344	13	41
181	340	13	40
181	337	12	40
180	337	12	39
180	337	12	38
181	338	12	39
183	338	12	39
184	335	12	40
184	335	12	40
184	337	12	41
184	339	12	42
186	340	13	42
185	337	13	43
184	336	13	43
182	337	13	44
181	335	13	45
181	335	14	45
180	333	14	46
178	330	14	47
178	331	14	47
178	331	14	48
176	328	15	49
177	328	15	50
179	328	15	50
180	330	16	51
181	330	16	52
183	331	16	53
182	332	16	54
181	332	17	54
183	334	17	55
184	333	17	56
183	333	17	57
181	331	18	58
179	332	18	59
177	331	18	60
171	326	19	61
167	321	19	63
166	318	19	64
165	314	19	65
163	315	19	65
160	314	19	66
159	313	20	67
159	314	20	68
160	315	21	70
162	312	21	71
166	313	22	72
173	314	22	73
173	310	22	74
177	305	22	76
179	303	23	77
191	304	24	77
203	300	25	79
207	281	25	81
204	283	25	82
187	285	25	82
177	279	26	84
174	282	26	85
168	287	26	87
155	291	27	88
150	296	27	90
149	298	27	91
149	300	27	91
154	303	27	92
154	305	28	92
154	306	28	92
154	304	28	92
155	303	28	93
156	306	29	93
156	307	29	92
156	303	29	92
155	303	29	92
153	305	29	91
151	306	29	91
150	306	29	92
149	309	29	92
148	311	29	92
149	312	29	92
150	311	29	92
149	311	29	92
149	311	29	91
150	311	29	91
151	313	29	92
153	313	29	92
154	313	29	92
155	311	29	92
158	312	29	92
158	314	29	92
160	314	29	92
161	313	29	92
163	316	29	92
164	318	29	92
164	319	29	92
164	322	29	93
161	325	29	93
162	328	29	93
163	331	29	93
165	330	29	93
165	324	29	94
163	320	29	93
160	318	28	93
158	311	28	94
158	308	29	93
155	303	29	93
151	300	28	93
146	295	28	93
151	292	28	93
155	290	29	93
155	287	29	92
158	285	29	93
160	284	29	93
160	283	29	92
153	275	29	93
153	278	29	93
152	281	29	93
156	284	29	93
156	285	29	92
153	286	29	92
151	289	29	92
149	289	28	91
146	287	28	92
146	286	28	92
144	287	28	92
141	290	28	91
139	292	27	91
138	293	28	92
138	293	28	92
140	294	29	92
137	296	29	92
134	298	30	92
134	299	30	92
132	300	31	92
131	303	31	92
131	304	31	92
134	306	30	92
137	309	30	92
137	311	29	92
136	311	28	92
137	310	28	92
137	311	28	91
137	310	28	92
135	311	27	91
135	312	28	92
135	311	28	92
135	310	28	92
137	311	28	92
137	313	28	92
136	314	28	91
137	310	28	92
138	310	28	92
137	306	28	92
137	304	28	92
135	305	27	92
135	304	28	92
135	302	28	92
137	302	28	92
137	303	28	92
137	303	28	92
138	304	28	92
139	304	28	92
141	303	28	92
142	303	29	92
141	306	28	92
140	307	29	92
138	306	29	92
141	307	29	92
143	310	29	92
143	310	29	92
145	309	30	92
148	311	29	92
149	314	29	93
152	313	29	92
155	311	29	93
157	312	29	93
158	312	29	92
158	309	29	92
156	308	30	92
154	305	30	92
152	302	30	92
150	303	30	92
148	305	30	92
149	309	30	93
146	315	30	93
143	323	30	93
140	328	30	92
139	327	31	92
138	325	31	92
139	322	31	92
140	320	32	92
139	320	32	92
138	322	31	92
139	322	31	92
140	323	32	92
141	328	32	92
143	328	32	92
146	330	32	92
149	334	32	92
153	338	31	92
153	342	31	92
156	347	30	92
156	351	30	93
153	358	30	92
149	361	30	92
147	361	30	91
142	360	29	91
138	363	30	91
134	364	30	90
130	366	32	91
126	368	33	91
121	371	34	91
118	377	35	91
116	381	35	91
116	388	36	91
115	391	36	91
119	389	36	91
124	381	37	91
129	380	37	91
130	379	36	91
132	378	36	92
135	374	37	91
137	372	37	91
145	371	38	92
146	369	38	92
146	370	37	92
146	369	37	92
143	368	37	91
141	370	36	92
140	372	35	92
138	372	35	92
139	372	34	93
139	371	33	92
138	370	33	93
138	370	32	93
139	371	32	93
139	370	31	93
142	370	30	93
147	369	29	93
148	369	29	93
155	367	28	92
158	361	28	93
167	358	28	93
173	354	27	94
176	354	27	93
176	356	27	93
187	359	27	93
193	365	26	94
193	372	27	95
190	380	27	95
189	388	27	95
191	392	27	95
200	387	27	94
209	379	27	94
215	377	27	94
221	378	27	93
226	379	27	93
233	377	27	93
240	373	27	93
249	373	27	93
254	371	27	93
263	371	27	92
265	365	27	93
265	364	28	93
262	363	27	93
260	357	28	94
258	356	28	93
253	357	28	92
245	356	27	93
241	358	27	92
236	358	27	92
232	355	27	92
228	353	27	93
223	351	26	93
220	354	27	92
218	353	26	93
217	353	26	92
215	356	26	93
215	357	26	93
214	358	26	92
214	356	26	93
216	359	26	93
216	358	26	93
220	355	26	93
222	357	26	93
221	357	26	93
222	356	26	93
223	354	26	94
223	353	26	93
222	355	27	93
222	356	27	92
220	356	27	92
222	353	27	93
222	353	27	93
221	355	27	92
223	353	27	93
223	352	27	93
226	351	27	93
232	349	27	93
233	348	28	93
235	349	28	93
239	348	28	93
241	348	28	93
242	346	29	93
243	347	29	93
243	348	30	92
240	348	30	92
238	349	30	92
235	347	30	92
233	344	30	92
232	345	30	92
231	345	30	92
230	343	30	92
229	343	31	92
230	344	31	92
231	340	31	93
229	341	31	93
227	344	31	94
224	345	31	93
225	345	31	93
226	345	31	93
224	344	31	93
224	343	31	93
223	345	31	93
221	346	31	93
221	345	31	93
220	346	31	93
219	349	30	94
219	348	30	93
220	347	30	93
219	348	30	93
219	348	30	92
222	347	30	93
223	345	30	93
225	344	30	93
227	343	29	93
230	340	29	93
233	339	29	93
232	340	30	93
232	341	30	93
232	341	30	93
232	338	30	93
232	337	30	93
231	333	30	93
229	332	30	93
228	331	30	93
227	331	30	93
226	331	30	92
225	332	30	92
225	333	30	93
226	334	30	93
226	334	30	93
226	335	30	93
226	332	30	93
228	330	30	93
234	328	29	92
233	327	30	92
234	324	30	93
234	322	29	93
232	322	30	92
231	322	30	92
228	320	30	92
228	318	30	93
226	318	30	92
224	316	30	93
221	317	30	93
218	322	30	93
210	322	29	93
207	326	30	93
204	328	30	93
200	329	29	92
198	332	30	93
194	334	30	92
193	335	30	92
193	336	29	92
193	337	30	92
193	338	30	92
193	335	30	92
194	333	29	92
196	330	30	93
197	326	30	93
199	325	30	93
201	322	29	93
203	319	29	93
204	318	29	93
205	313	29	93
206	311	30	93
207	312	30	93
206	310	30	93
208	310	30	93
208	310	29	93
206	311	30	92
204	310	30	92
205	308	30	92
202	308	30	92
200	304	30	93
199	300	30	93
198	301	30	93
199	301	30	93
199	300	30	92
197	301	30	92
201	301	29	92
201	300	30	93
202	301	30	92
201	301	30	93
200	301	30	93
201	303	30	93
201	303	30	92
200	304	30	92
199	305	30	92
198	306	30	92
198	308	30	92
197	310	30	93
196	312	30	93
194	313	30	92
192	314	30	92
191	315	30	92
190	314	30	92
188	315	30	92
187	315	30	92
185	313	30	92
185	314	30	92
185	313	30	92
185	313	30	93
186	309	30	93
185	309	30	92
183	310	30	92
184	310	30	92
185	310	29	92
184	309	30	92
186	309	29	92
186	309	29	92
185	311	30	92
184	311	30	92
185	311	29	92
185	312	29	92
186	312	29	93
186	311	29	93
186	310	29	93
186	310	30	93
186	310	30	93
188	308	30	92
186	309	30	92
187	309	31	92
186	308	31	92
185	310	32	92
183	314	32	92
183	314	32	92
182	312	33	93
181	313	33	92
181	313	33	92
180	311	34	92
183	313	34	93
183	311	34	94
185	306	33	94
186	305	33	93
186	307	32	94
188	307	32	93
193	305	32	92
196	307	32	93
201	311	33	94
204	313	34	94
208	313	36	94
210	318	39	93
211	319	42	92
216	322	43	91
218	324	44	91
219	325	44	91
219	328	44	91
218	330	45	91
217	331	45	91
217	331	44	91
217	333	43	91
217	332	42	91
217	330	42	90
216	335	41	91
217	338	41	91
218	338	40	92
219	339	41	93
218	342	40	92
220	344	41	92
223	344	42	91
226	344	43	91
228	343	43	91
228	341	41	90
229	343	39	90
230	344	38	90
232	345	37	90
232	344	34	90
233	346	33	90
234	347	33	89
233	347	32	88
231	347	33	88
230	349	33	87
229	350	34	86
229	351	36	85
230	349	37	85
230	349	39	84
230	351	41	85
231	350	42	84
234	347	41	85
235	349	41	87
236	348	39	88
237	347	37	88
239	349	35	90
241	351	33	91
241	354	33	91
243	355	34	91
245	358	34	92
245	362	34	92
250	362	35	93
254	361	37	93
258	359	39	93
263	357	40	93
267	356	41	94
271	354	41	94
274	356	41	94
280	356	41	94
289	355	40	94
296	357	38	94
308	359	36	93
315	359	34	92
318	359	33	93
322	360	33	94
327	361	33	94
328	360	34	94
329	361	36	94
331	361	38	94
330	359	42	93
330	362	46	93
333	364	47	93
336	365	48	93
336	366	48	94
338	368	47	93
341	362	46	95
343	361	43	95
346	357	41	96
348	354	39	96
347	353	36	97
345	352	35	96
344	350	35	96
343	346	36	96
344	345	36	97
341	346	37	96
339	350	38	94
336	351	39	93
335	348	41	91
334	347	41	91
330	344	42	91
329	340	42	91
328	336	41	92
329	331	39	91
329	327	37	91
330	326	35	91
330	325	34	92
328	323	33	92
325	322	33	93
322	319	34	93
319	317	34	93
315	318	34	92
310	316	34	92
307	314	34	92
304	308	35	91
302	307	36	91
300	304	37	92
298	301	40	92
296	303	43	92
293	303	45	93
294	300	47	96
295	297	46	100
297	301	45	102
301	299	45	105
306	299	44	107
312	300	43	106
316	302	43	105
319	308	42	105
323	311	43	103
325	306	44	105
323	312	44	103
324	316	45	102
327	314	45	104
327	319	45	102
324	321	47	102
319	314	48	103
315	315	49	103
311	314	50	104
308	314	50	104
305	317	49	103
307	317	49	102
306	320	49	102
303	325	46	102
303	330	46	101
303	332	46	100
304	336	45	99
302	339	46	98
304	338	47	98
305	338	46	98
310	344	46	97
315	346	46	97
318	343	45	98
319	345	44	98
321	348	42	98
323	346	39	97
328	346	38	97
332	348	37	97
333	349	37	98
336	348	38	99
339	349	39	100
339	352	39	100
339	352	40	100
340	352	41	99
338	349	41	99
333	350	41	99
329	350	42	99
324	348	42	99
320	347	42	100
316	346	41	100
314	347	40	100
310	347	38	101
308	342	37	102
306	346	36	102
303	347	36	102
301	350	36	102
302	350	36	102
303	349	37	101
304	348	38	101
303	346	41	102
304	344	45	101
307	342	47	101
310	341	49	102
312	340	49	102
316	341	49	102
318	341	49	101
322	342	49	101
322	342	47	101
319	344	45	101
316	343	42	102
315	344	40	103
310	346	40	103
304	350	41	104
297	350	42	103
291	349	44	103
284	350	45	102
276	350	48	101
273	347	50	100
267	345	52	100
262	348	55	100
254	350	57	100
249	348	58	101
246	347	58	102
244	348	56	103
239	349	51	105
238	350	46	105
238	351	43	106
237	353	41	106
236	353	40	106
236	352	39	106
196	395	42	104
207	380	44	106
218	359	46	108
219	357	48	110
218	357	49	112
220	359	48	117
219	367	47	125
216	370	46	130
215	371	47	134
211	372	48	136
210	373	51	136
209	376	53	137
209	373	54	137
208	374	57	137
204	375	60	136
203	372	64	134
204	370	68	130
201	369	70	126
202	371	72	122
199	373	71	118
202	372	66	115
207	370	62	113
212	371	60	111
219	372	58	109
224	372	55	107
230	372	52	107
235	371	49	106
239	372	45	106
246	374	42	106
250	372	39	106
252	373	37	106
255	373	35	105
258	372	35	104
261	370	36	104
264	368	37	104
263	368	41	104
263	367	45	104
262	368	48	104
266	371	49	104
266	370	50	104
265	372	50	103
263	373	50	103
262	372	49	104
259	372	48	105
258	373	46	104
258	375	44	103
255	376	41	103
252	375	39	104
249	374	39	105
247	374	38	105
246	373	39	105
244	373	40	105
243	371	41	105
243	368	43	105
244	365	44	105
245	365	46	105
245	362	47	105
250	356	46	105
251	358	46	105
249	358	45	105
247	353	42	106
246	347	40	106
246	343	38	106
245	342	37	106
245	341	36	106
244	339	36	105
241	337	37	105
236	337	40	105
231	335	43	105
229	334	46	105
228	336	49	105
228	336	52	105
229	338	52	105
229	339	54	105
231	337	53	104
231	336	53	104
232	336	52	104
232	335	49	104
234	330	46	105
237	327	44	106
244	326	42	107
243	324	41	108
251	324	41	109
253	326	41	109
260	325	42	109
265	325	43	109
269	327	44	107
275	327	45	106
281	327	46	106
282	331	47	106
287	333	47	104
291	331	47	104
294	327	46	105
294	323	45	107
295	322	43	109
292	328	42	107
286	332	43	105
282	331	45	103
285	327	45	106
288	328	44	108
283	330	46	106
286	328	47	105
283	327	49	105
281	328	52	104
282	327	54	104
282	326	55	105
279	326	57	103
277	325	57	103
279	323	57	103
277	321	56	103
278	322	54	104
275	324	51	104
276	327	49	103
274	324	48	104
277	323	47	106
279	324	47	107
280	327	47	107
283	326	48	108
282	329	49	107
282	328	51	107
285	324	55	107
285	329	56	106
287	334	57	105
285	334	57	104
289	334	57	105
287	335	56	106
285	337	55	106
286	339	53	106
287	342	50	105
287	340	47	107
288	338	45	108
289	338	43	109
289	339	42	109
288	339	42	109
283	342	44	108
275	347	49	106
271	353	53	105
268	355	56	105
265	357	59	105
262	362	60	104
258	365	59	105
258	365	58	105
259	362	57	106
260	364	53	106
264	359	50	108
267	363	48	107
268	358	46	108
269	357	44	109
269	357	43	109
270	353	42	110
273	351	42	111
272	350	44	111
274	350	46	112
272	352	50	112
272	351	52	112
274	348	54	113
275	349	56	113
278	354	56	112
277	355	54	111
277	352	51	111
277	353	48	111
276	352	45	111
273	351	42	111
270	352	39	111
268	353	38	112
265	351	37	112
262	352	37	111
255	353	41	111
249	356	47	110
246	359	51	109
245	356	55	109
250	359	59	108
257	358	60	108
262	358	60	109
267	358	59	109
272	354	58	109
279	354	55	109
281	355	52	109
283	355	48	110
283	357	45	110
286	358	43	110
288	358	42	111
288	357	42	111
286	357	42	112
284	357	43	112
280	357	45	111
275	359	48	110
273	359	49	110
271	358	51	109
270	358	51	109
268	357	51	109
267	356	50	108
261	358	49	108
252	358	50	108
250	357	47	108
245	358	46	108
243	356	45	108
240	357	43	109
236	358	42	110
231	360	41	111
227	362	41	111
225	361	41	111
219	364	44	111
218	365	45	111
216	366	46	112
210	366	47	112
207	364	47	112
204	363	47	112
201	361	46	112
196	362	45	112
190	363	42	112
185	362	40	113
179	360	40	113
173	359	39	112
168	360	39	113
164	358	40	114
162	355	40	114
158	355	41	115
152	353	43	115
151	353	45	114
148	351	46	114
142	349	49	114
141	350	50	114
138	349	51	114
135	352	52	113
132	351	52	114
131	349	52	115
130	349	52	115
124	350	52	115
123	352	53	115
115	353	52	115
115	351	52	116
111	349	53	116
105	350	52	118
104	350	52	118
104	350	52	118
100	352	52	118
97	352	52	118
96	354	52	117
93	355	52	116
90	357	53	115
84	355	53	115
86	355	53	116
83	357	53	118
87	352	55	117
91	353	55	115
93	353	55	116
97	345	54	117
99	346	53	118
102	339	52	119
108	346	50	126
112	343	49	131
118	368	48	143
119	362	47	151
121	358	47	161
132	427	49	158
132	438	52	148
133	439	53	143
136	444	53	139
136	451	52	135
137	455	51	131
140	455	50	128
142	455	48	127
143	455	47	125
143	455	47	124
143	455	47	123
143	455	46	121
141	456	46	121
140	455	45	120
138	455	45	121
136	453	45	121
134	450	45	121
130	450	45	121
128	450	45	120
127	450	45	120
127	446	45	121
128	447	45	120
128	448	45	119
127	450	45	119
129	449	45	119
132	449	45	119
134	450	45	119
136	451	45	119
137	454	45	118
139	454	45	118
141	454	45	118
143	453	46	118
144	455	46	118
146	456	46	118
146	454	46	119
147	452	46	119
148	451	46	120
146	453	46	119
145	453	45	119
145	451	46	120
145	448	46	121
144	450	46	120
145	445	46	121
146	444	46	121
145	446	46	120
144	443	46	121
144	442	46	121
144	443	46	120
142	445	46	119
141	445	46	119
140	447	45	119
139	448	46	119
139	448	46	119
136	450	46	119
135	451	46	119
134	454	46	119
133	454	46	119
133	456	47	119
132	457	48	119
131	455	49	120
132	451	49	121
134	450	49	121
135	449	49	121
135	449	49	121
138	447	49	122
139	445	49	122
140	442	49	122
141	438	49	123
140	437	49	123
141	437	49	123
144	433	49	122
143	434	48	122
141	436	49	121
141	437	48	121
142	436	47	121
140	437	47	121
140	440	46	122
142	438	45	123
140	439	45	122
138	444	45	123
136	444	45	122
134	444	45	123
132	447	45	122
129	451	45	122
126	452	45	121
124	453	45	121
122	454	44	121
121	456	44	120
122	455	43	120
123	458	42	119
123	455	42	119
124	453	41	119
123	451	41	119
122	450	41	119
122	449	41	119
123	447	40	119
121	447	40	119
121	448	40	119
120	447	40	119
119	445	40	118
118	445	40	118
117	443	40	117
118	441	41	116
118	441	42	116
115	443	43	115
113	441	44	115
111	441	44	115
107	440	45	115
110	439	44	115
