198	249	95	325
198	244	95	324
197	244	94	322
197	243	95	322
198	245	96	323
198	246	97	324
200	247	98	325
202	252	99	328
202	253	101	332
204	250	103	335
203	248	104	337
205	247	104	338
209	249	103	342
211	252	102	344
212	254	101	346
214	257	101	347
217	253	101	347
221	250	103	348
225	245	103	348
221	240	103	347
219	234	104	345
212	230	104	345
208	225	104	347
206	223	103	347
202	222	103	346
201	219	103	346
201	215	103	346
204	212	103	347
209	211	103	348
215	219	103	350
219	228	103	351
216	235	103	352
217	239	103	354
218	241	103	354
220	241	102	355
219	245	102	356
217	246	102	355
215	243	103	354
212	237	104	354
211	230	104	353
207	227	104	354
213	223	103	354
209	212	103	354
214	203	102	353
218	201	104	349
225	202	105	345
231	201	105	343
229	195	105	340
235	198	105	339
240	206	106	339
239	211	108	338
238	210	110	337
233	207	111	336
229	209	114	336
235	207	116	337
237	209	117	338
236	207	116	336
234	212	117	336
231	217	120	335
214	210	126	334
194	194	128	336
181	174	125	338
172	162	121	340
170	153	117	341
171	150	112	342
175	156	110	342
178	160	107	341
181	166	107	339
186	170	109	337
193	176	111	334
198	181	112	333
206	184	114	331
213	181	113	330
219	183	111	331
220	205	111	332
221	212	110	331
216	213	110	331
217	212	109	333
217	205	107	335
213	195	106	336
215	185	103	335
217	180	102	333
219	176	102	332
222	175	101	328
221	178	101	328
230	182	102	328
237	195	103	332
246	202	104	334
260	210	106	333
271	216	107	332
291	219	108	330
309	220	108	330
322	220	108	330
336	218	107	330
350	216	107	329
357	206	107	331
357	194	108	330
354	184	108	329
360	179	108	328
360	172	108	327
362	172	110	325
367	171	111	325
362	168	113	325
355	166	118	326
343	171	127	327
347	174	129	329
348	180	128	329
349	189	126	330
357	193	121	333
365	198	116	337
370	204	111	338
372	198	108	343
374	197	107	346
371	193	107	351
370	196	107	353
367	192	109	356
362	181	112	356
359	167	113	357
355	159	116	358
350	164	118	358
341	170	123	358
333	181	126	358
327	194	128	360
318	198	129	360
310	203	127	362
305	208	126	364
300	216	127	365
296	221	127	366
295	228	127	367
292	235	127	367
292	234	126	370
292	233	125	371
295	232	124	368
299	226	121	368
299	226	120	368
299	221	119	367
301	219	119	365
300	210	120	364
298	202	120	363
298	193	120	362
294	187	119	360
294	184	114	358
294	186	109	353
300	189	103	350
305	194	99	347
306	202	94	347
307	209	92	345
306	214	92	341
306	217	94	339
308	221	97	337
312	223	100	335
314	228	104	332
315	231	106	330
317	232	106	327
318	232	106	324
314	228	104	321
318	225	103	320
314	218	102	317
308	210	101	315
308	208	99	309
310	206	95	304
309	208	93	299
307	205	90	295
303	203	86	292
301	200	82	290
301	200	80	288
302	205	78	286
302	211	78	284
304	220	77	281
303	230	77	278
301	237	77	275
306	240	77	273
307	245	78	271
310	247	80	270
312	252	81	267
316	253	82	266
319	251	83	264
323	254	84	261
326	256	85	258
328	254	84	258
331	250	82	257
332	242	80	255
331	235	78	256
332	232	76	255
335	232	75	253
337	229	73	249
339	228	71	247
340	227	70	251
342	229	69	251
344	232	69	250
346	239	67	251
345	247	67	253
344	251	67	252
344	253	66	251
344	255	66	249
344	258	67	249
342	261	70	247
338	264	72	244
335	268	74	243
332	269	75	241
328	270	77	240
323	269	78	239
317	266	78	240
315	262	78	240
317	259	78	241
321	251	78	240
325	245	78	240
308	249	78	239
306	244	76	236
309	250	73	237
310	242	71	232
311	244	72	226
314	249	73	223
313	252	75	221
310	252	80	218
312	259	82	218
319	261	84	218
337	267	83	219
340	270	82	221
341	275	82	222
343	277	80	228
339	271	80	228
342	275	80	230
343	272	79	231
342	263	78	231
342	259	78	231
340	251	77	231
342	249	76	231
347	250	75	232
350	239	74	232
354	235	73	232
356	231	72	233
358	229	73	233
363	231	72	236
366	237	71	238
370	240	70	240
372	238	67	241
371	237	65	241
372	239	65	241
370	243	65	241
371	249	65	242
368	254	66	244
368	257	67	246
363	260	67	251
357	259	67	258
354	253	67	259
346	245	67	259
341	245	68	262
332	233	67	264
323	232	67	266
325	221	69	266
319	221	72	260
314	220	74	258
307	224	78	255
305	227	79	258
301	221	80	257
298	210	83	247
300	204	89	234
306	210	91	226
307	218	93	221
315	227	93	216
322	234	92	213
329	243	91	210
338	246	89	209
345	250	85	209
356	251	82	208
363	258	78	209
369	261	75	209
374	268	73	213
377	275	70	221
380	275	67	226
382	269	65	230
380	266	65	232
373	255	69	225
364	259	75	224
374	258	77	226
376	262	73	232
366	263	76	234
362	260	79	233
363	257	81	229
361	254	80	229
364	255	79	232
364	255	77	237
357	253	79	238
355	249	78	246
349	242	78	248
339	237	80	244
331	231	80	238
325	232	81	234
316	232	82	232
307	233	83	230
300	232	83	230
292	233	83	229
285	235	82	229
275	235	83	229
267	235	86	229
258	236	87	229
250	237	88	230
242	240	89	230
234	240	88	231
228	242	86	232
224	246	82	232
217	250	80	231
207	250	82	231
197	246	79	232
197	240	75	235
193	239	73	234
190	239	71	232
185	239	70	230
183	237	69	231
182	236	69	231
179	234	70	231
180	233	72	231
178	233	75	229
184	233	83	228
186	230	89	230
192	229	95	233
198	231	101	235
203	228	105	239
211	241	109	238
221	244	111	239
226	240	113	243
237	239	110	246
242	239	107	247
255	242	100	248
260	245	91	250
264	247	84	251
268	251	79	248
276	255	74	250
283	248	71	252
287	243	71	254
290	241	70	254
296	241	71	257
294	241	70	263
293	239	70	265
293	239	71	264
291	240	71	266
291	241	72	265
286	242	71	267
286	240	71	272
280	234	73	271
288	230	75	273
277	235	75	277
272	246	74	286
279	245	77	287
278	270	76	292
284	262	82	290
286	263	92	285
280	266	102	281
269	265	105	281
267	266	104	283
263	264	105	282
275	258	108	279
282	254	115	280
281	254	124	280
283	260	128	278
292	262	127	281
303	262	125	285
309	255	123	287
324	256	124	289
331	257	121	289
342	258	117	293
358	252	116	294
355	248	113	299
363	254	113	299
368	259	112	304
371	246	111	304
371	236	111	306
369	226	111	308
371	230	111	312
350	211	111	310
353	203	113	308
321	202	113	303
332	205	115	301
296	218	115	297
298	223	116	294
275	233	115	287
270	234	110	283
258	234	109	279
243	238	106	275
236	240	103	270
226	243	102	268
213	244	97	265
207	244	90	263
199	242	84	262
194	232	79	264
190	227	76	264
187	229	74	263
184	230	73	262
179	232	71	261
175	234	70	260
174	234	70	259
166	235	68	258
165	235	68	257
159	237	69	257
158	239	69	257
159	241	69	257
160	241	70	255
157	248	73	253
157	253	76	247
161	260	77	247
168	264	75	247
167	265	75	245
172	262	75	245
176	255	73	247
175	248	74	245
179	244	73	244
181	243	73	244
185	239	75	243
188	229	76	244
185	218	78	245
185	205	78	245
186	203	78	243
190	204	78	241
191	206	78	241
190	210	77	241
188	216	76	239
188	219	76	239
187	221	75	239
186	223	74	237
187	225	74	236
186	228	74	236
184	230	73	236
182	230	73	237
179	230	73	238
175	230	73	238
172	228	72	237
167	221	72	239
162	212	72	241
160	205	72	242
160	202	72	242
160	202	72	242
159	196	72	243
158	189	72	243
158	185	73	243
159	188	73	243
160	192	74	244
160	200	75	246
159	206	75	249
160	212	75	252
161	214	75	252
162	216	75	250
162	221	76	250
163	226	76	252
163	230	75	253
162	234	74	254
160	236	74	255
160	232	74	256
159	229	74	258
158	225	74	259
160	224	74	260
158	221	74	261
155	214	74	262
155	203	74	265
156	196	75	267
153	186	75	268
153	175	76	269
153	166	76	270
153	163	77	270
154	165	77	269
155	170	79	269
157	178	81	268
157	183	83	268
156	187	83	268
154	190	84	269
153	196	84	269
154	204	86	266
149	206	87	267
145	210	88	267
139	213	88	267
137	215	87	265
133	214	83	264
132	210	81	263
129	205	79	263
131	205	78	263
129	208	77	263
127	209	77	262
126	210	76	263
127	211	76	263
125	210	76	263
124	207	75	264
125	207	74	264
129	210	72	265
131	213	70	267
134	215	69	266
136	215	71	267
135	216	73	267
138	215	76	266
136	217	80	266
136	218	84	266
134	220	84	265
136	222	85	265
135	224	85	264
132	224	84	264
132	223	83	264
132	224	84	264
130	226	84	264
130	226	83	265
132	227	84	266
134	227	83	267
137	227	83	268
137	228	82	269
142	228	83	269
142	228	82	269
145	229	82	270
147	229	81	269
149	230	81	269
152	230	82	269
154	231	81	270
155	231	80	270
157	230	80	270
158	232	80	270
159	233	80	269
161	234	80	269
163	236	80	268
165	238	81	267
168	239	82	266
172	240	82	265
172	239	81	265
174	235	81	264
176	237	80	262
178	238	79	261
181	237	78	261
183	236	78	260
188	237	78	260
191	237	78	259
197	238	77	258
201	237	76	257
205	237	76	256
208	236	76	255
210	234	75	254
213	233	75	253
215	232	75	252
215	232	75	251
217	231	74	251
216	230	73	251
215	229	73	251
214	228	73	251
212	227	72	250
211	225	71	249
208	224	70	246
203	225	70	243
198	227	70	241
195	228	68	241
192	229	68	241
187	228	68	240
183	229	68	239
178	230	68	238
174	232	68	236
169	232	69	234
164	230	69	233
159	231	69	231
153	233	71	230
147	234	72	228
140	236	72	227
134	237	74	225
126	239	76	224
119	239	75	224
116	242	74	224
112	243	74	223
109	241	74	224
106	241	73	224
103	240	72	224
100	239	72	224
99	240	72	224
98	240	72	223
97	240	72	222
96	239	72	221
96	238	72	220
95	238	72	220
94	236	72	219
93	236	72	219
93	237	72	220
92	237	72	219
93	239	72	219
95	240	72	218
97	242	72	218
99	243	71	217
101	243	71	216
104	243	70	214
106	243	69	214
107	239	69	213
108	240	68	212
109	238	67	212
112	239	67	211
112	241	66	211
111	241	65	211
107	240	65	210
103	240	65	209
102	238	65	208
100	237	65	207
98	237	65	206
97	237	64	206
95	238	64	205
91	237	65	203
87	233	66	201
87	231	65	202
88	229	64	203
89	229	63	203
90	231	63	203
88	232	62	202
90	234	61	203
91	236	61	204
94	238	63	206
96	240	63	207
99	244	64	209
102	247	65	209
106	251	65	211
106	254	65	212
109	254	63	213
112	253	61	214
113	252	59	215
115	254	58	217
118	257	57	218
120	260	55	219
121	262	54	220
119	261	53	221
119	257	53	221
114	249	53	217
112	250	53	217
110	242	53	219
107	240	55	221
109	236	56	222
110	237	59	221
106	234	63	216
109	234	70	211
88	231	74	205
84	232	75	206
82	229	76	211
77	224	77	216
75	219	80	218
77	220	80	222
73	222	82	225
75	218	81	222
72	219	80	223
66	228	79	229
74	231	80	230
66	233	81	231
64	230	82	230
55	232	82	232
69	238	82	233
48	242	80	237
62	244	80	238
54	252	80	238
74	251	84	238
62	251	85	241
52	255	84	243
86	257	87	245
61	253	86	249
77	250	88	251
52	248	87	254
87	251	89	258
78	243	89	262
70	240	90	267
82	235	90	271
93	234	89	273
91	235	89	280
100	240	89	285
102	246	88	288
102	242	89	291
99	243	88	298
100	237	87	303
108	229	88	303
96	225	86	306
102	229	85	310
98	230	84	316
100	233	85	319
102	232	84	320
104	226	83	320
100	225	82	320
100	220	80	323
104	211	78	320
104	206	78	323
103	203	78	318
91	212	80	309
98	203	77	303
90	211	76	306
93	199	74	300
85	197	75	288
81	201	74	280
74	200	75	271
71	196	74	263
61	212	73	260
59	215	73	257
59	226	73	251
57	238	76	242
53	241	82	238
50	240	84	239
48	244	84	242
46	247	89	241
47	247	92	241
46	242	94	243
45	242	95	243
44	233	94	246
53	241	95	245
58	239	94	245
65	244	94	243
71	245	91	242
73	243	87	244
81	242	87	243
87	240	87	242
93	238	86	241
101	236	86	240
106	235	87	241
116	234	87	241
120	232	85	241
124	234	83	241
128	235	83	243
132	237	83	245
134	239	82	246
137	241	81	248
139	241	79	250
141	239	78	253
143	238	78	255
144	239	78	255
149	243	80	256
152	242	80	257
155	244	81	258
158	246	83	258
160	246	84	259
162	247	85	259
165	248	85	259
169	245	84	263
172	246	83	264
175	245	82	266
177	243	81	267
178	242	81	268
176	239	81	269
175	239	80	270
176	236	80	270
173	236	80	270
173	231	79	270
174	228	79	271
176	226	79	272
178	228	80	271
181	227	80	273
179	225	80	276
182	226	81	277
181	227	82	280
180	226	84	283
180	224	85	284
178	225	85	286
180	225	85	287
176	227	86	289
174	224	86	292
172	223	86	295
172	222	86	298
172	222	86	300
172	220	87	304
173	218	87	306
174	219	88	308
174	220	88	309
175	222	89	310
175	224	90	310
177	223	90	310
174	224	91	310
179	225	92	309
175	226	93	307
179	226	93	307
178	224	94	309
179	226	95	309
182	228	96	311
182	224	96	315
184	227	97	318
185	224	97	323
184	223	97	326
189	219	98	328
182	223	98	331
184	218	98	335
181	221	99	337
181	215	100	341
178	217	103	341
174	218	105	342
170	217	104	343
172	216	105	344
167	212	105	344
166	208	104	344
164	206	104	344
165	210	107	342
171	216	108	340
175	222	108	340
178	226	107	339
180	230	107	338
186	233	107	338
188	238	107	336
194	239	106	336
199	232	106	336
201	228	106	336
205	226	107	335
209	220	106	336
206	209	106	336
208	200	105	337
207	195	103	335
207	189	102	334
207	183	101	333
202	180	101	329
206	178	100	327
204	179	99	325
205	181	98	322
207	184	98	320
207	189	99	321
207	198	100	323
207	208	100	322
204	218	101	321
200	225	102	318
194	229	107	315
185	228	111	313
180	226	112	311
171	224	115	309
168	220	116	308
163	216	112	308
162	211	109	306
159	203	108	304
159	199	105	302
157	198	102	300
162	197	100	299
168	195	97	298
170	190	96	298
173	186	94	297
175	185	93	297
176	189	93	296
176	194	93	296
176	196	94	295
175	199	93	293
178	202	94	293
178	205	95	293
183	207	96	293
186	210	96	293
188	214	97	293
190	215	96	293
192	216	96	292
196	215	95	292
200	216	94	292
198	216	93	292
198	216	93	292
197	215	93	291
198	207	93	291
198	199	93	292
198	188	95	293
201	183	97	293
204	182	98	292
208	182	100	294
213	186	100	294
221	190	98	293
225	189	96	294
229	192	94	293
231	194	92	295
232	200	91	295
233	206	90	295
230	210	90	295
228	214	90	294
224	216	92	294
221	218	92	293
218	219	92	294
216	220	91	294
215	219	90	294
214	218	89	295
214	217	90	294
215	219	91	294
214	220	91	294
214	219	92	294
212	217	93	292
212	217	92	293
214	218	93	295
213	220	92	298
214	221	93	300
208	221	94	302
210	220	95	305
208	220	95	306
210	219	95	306
202	218	95	306
206	217	96	309
193	216	98	309
196	214	98	312
185	212	100	314
190	210	100	315
177	211	101	316
182	212	100	316
174	210	102	316
172	210	103	315
168	210	103	316
170	211	102	317
163	208	104	317
158	209	106	318
166	207	104	319
157	206	106	318
163	206	106	319
161	205	107	319
160	202	108	320
158	200	107	322
158	201	108	322
160	203	108	322
162	205	108	322
161	205	108	324
161	204	109	325
158	204	109	327
161	202	110	329
155	202	110	328
164	205	112	328
155	205	111	329
159	204	111	330
157	205	111	329
159	206	112	328
157	208	112	329
160	209	112	328
156	207	114	330
155	207	116	330
157	206	117	330
151	206	119	329
158	207	117	329
154	209	116	329
160	212	115	328
156	212	112	327
158	211	112	328
158	213	109	328
162	211	107	328
154	210	108	327
162	211	107	326
156	211	108	327
157	211	108	327
151	211	108	326
152	210	107	326
154	210	106	326
155	212	106	326
153	211	106	326
155	211	105	327
153	209	104	327
158	208	103	328
156	209	101	327
156	209	100	326
154	209	100	326
157	209	100	328
154	216	101	328
152	216	102	329
159	218	102	330
154	221	103	329
156	221	107	330
160	225	106	331
166	229	104	332
162	231	105	332
167	230	104	334
167	230	103	334
168	231	102	333
166	231	101	333
165	230	101	332
164	222	100	333
164	216	101	332
163	207	102	331
158	197	103	331
159	190	103	331
168	186	103	333
164	183	102	333
168	177	102	334
168	173	103	334
167	170	103	334
167	170	104	333
163	170	104	332
171	172	105	330
167	177	106	325
166	178	106	320
170	184	104	312
171	196	103	303
176	208	103	295
177	219	100	289
179	230	97	282
179	238	96	276
180	248	96	267
186	259	95	260
186	265	94	255
188	268	94	252
187	272	95	247
185	270	96	245
185	270	96	243
186	268	96	243
186	270	95	242
185	271	94	243
188	267	93	245
189	264	91	248
193	260	87	253
195	258	86	258
195	255	85	263
188	253	84	267
190	253	85	272
187	253	86	276
187	252	87	281
184	253	88	286
181	253	89	290
177	251	91	294
174	250	92	298
171	249	93	301
167	249	94	304
164	249	95	305
162	246	99	308
157	242	97	311
155	238	98	313
154	235	99	315
153	234	100	317
157	235	101	318
154	234	100	319
159	233	103	318
158	235	104	316
161	238	108	314
151	242	112	310
165	241	115	310
150	244	120	307
143	242	128	304
140	241	135	300
143	244	133	296
142	245	130	295
144	251	131	294
144	257	130	291
144	262	131	289
146	266	131	287
146	268	131	286
141	267	126	285
143	267	128	285
144	267	129	284
142	267	128	283
140	263	128	283
141	266	130	285
148	266	128	287
146	266	125	288
144	262	125	290
143	260	126	292
142	261	124	295
151	258	122	299
147	256	120	304
142	259	119	307
142	259	117	310
139	255	116	314
134	250	115	318
139	246	112	321
130	250	112	323
136	251	111	325
131	251	111	328
137	247	108	330
126	245	110	330
141	242	108	330
132	238	108	334
139	236	107	337
135	234	109	339
133	232	110	340
133	233	112	342
128	230	115	341
130	232	117	339
130	233	119	337
131	230	122	339
134	231	127	341
133	230	128	342
133	233	130	341
136	237	133	340
137	236	131	341
133	234	126	343
140	237	125	339
136	237	123	337
132	232	121	336
135	232	120	333
133	232	118	331
132	232	117	328
128	230	116	327
129	232	116	324
127	231	116	323
121	229	115	323
119	231	117	322
115	228	118	322
110	227	116	322
116	224	115	323
106	229	115	321
110	232	120	320
98	237	118	319
101	240	120	318
95	244	123	316
88	248	122	313
99	252	123	312
94	260	126	308
87	255	128	307
92	263	130	304
84	259	129	303
79	258	132	302
72	260	128	300
78	263	130	297
81	266	135	294
77	268	142	291
74	268	152	288
75	269	170	285
71	267	181	284
60	269	191	282
48	269	198	279
33	272	204	278
21	267	206	279
10	262	204	279
6	258	200	280
11	251	192	284
11	249	183	289
13	246	174	290
29	241	163	293
27	241	154	294
36	236	142	297
39	233	131	298
47	228	121	299
46	229	113	300
45	228	108	302
47	226	103	307
50	222	99	308
54	219	94	311
58	223	92	313
65	222	90	313
69	222	90	314
77	223	97	314
86	225	108	313
90	228	120	313
91	231	131	309
91	234	140	307
90	240	147	305
92	246	153	304
91	252	158	302
93	258	167	301
103	262	171	302
107	269	175	302
120	272	172	303
120	273	171	303
129	270	164	304
139	265	157	304
144	262	146	306
153	260	135	308
165	258	122	311
177	256	110	311
187	257	99	314
