99	237	27	82
101	237	26	83
104	239	26	84
107	240	27	83
108	241	30	83
108	241	35	82
107	242	39	82
107	244	43	81
105	243	45	80
105	241	47	80
106	239	46	81
108	238	43	81
118	235	41	81
116	234	37	82
118	231	35	83
120	228	34	83
120	227	33	83
120	226	33	84
120	225	35	84
121	225	38	85
121	225	43	85
120	226	45	83
120	226	48	81
120	226	49	80
118	227	49	80
120	227	47	80
125	226	44	81
129	227	39	81
133	225	35	83
137	223	31	84
139	221	29	85
143	221	29	85
145	221	29	84
146	222	31	85
145	223	35	84
141	227	39	81
134	230	42	78
129	232	45	75
127	230	46	75
126	227	46	76
125	227	44	76
124	229	42	76
124	227	39	77
125	225	36	78
124	225	34	79
125	225	32	80
126	225	32	81
127	228	34	81
128	228	38	81
124	230	40	80
118	230	43	79
116	226	45	81
117	229	46	81
116	229	47	81
115	231	46	80
114	227	44	82
118	226	42	82
123	225	39	84
127	224	36	86
131	227	33	86
133	228	32	85
132	227	31	84
134	228	32	83
134	227	34	82
133	230	36	80
134	229	39	79
134	229	40	78
133	232	40	77
137	230	40	77
141	229	39	77
142	230	38	76
147	232	35	76
148	233	34	75
153	234	33	75
153	232	33	76
152	232	34	76
151	231	36	76
149	229	38	78
148	226	39	80
148	226	41	81
146	224	42	81
147	227	42	81
150	227	41	81
152	227	39	82
156	228	38	82
159	230	38	81
160	231	37	81
161	228	36	81
160	230	36	80
161	228	36	80
163	226	37	80
165	226	38	80
167	225	38	79
168	227	37	78
175	228	35	76
178	229	32	76
181	230	31	75
184	229	31	75
185	229	32	76
185	229	34	76
186	228	35	77
187	226	38	77
186	225	40	77
185	224	41	77
187	224	39	77
186	226	39	76
188	228	36	75
190	228	34	75
193	228	33	76
192	228	32	76
189	229	32	77
187	230	33	77
187	230	33	77
186	231	33	77
186	232	33	76
186	235	31	76
186	236	29	75
188	238	27	74
189	237	26	75
190	238	26	75
189	238	27	75
189	237	29	76
188	236	32	77
187	236	35	77
189	236	37	77
190	237	38	76
191	238	37	75
195	238	36	74
197	236	36	73
198	234	35	73
201	233	33	74
200	231	31	74
199	229	31	75
199	228	31	75
201	229	32	74
201	231	33	73
207	232	30	73
208	231	27	73
211	232	26	73
212	231	25	73
213	231	25	73
215	230	26	73
218	229	27	73
220	227	27	73
219	228	30	72
224	230	31	72
228	232	29	72
221	241	32	70
219	250	36	66
225	241	36	69
231	234	34	70
230	235	34	70
230	240	36	70
234	237	38	68
245	235	37	69
243	234	37	68
244	237	37	67
248	236	36	69
244	243	37	67
222	251	36	68
223	248	35	69
225	247	34	69
225	245	34	69
259	232	34	69
256	240	36	67
250	247	42	62
255	240	44	62
232	247	42	64
228	244	40	67
230	242	39	68
229	243	39	68
230	243	39	68
231	242	39	68
232	241	39	69
236	239	40	69
273	230	38	70
275	231	37	69
276	232	37	69
282	233	34	69
280	234	33	70
280	234	32	69
277	235	34	69
271	238	37	69
245	241	37	71
268	237	41	71
277	238	40	71
280	238	39	71
281	239	39	71
276	241	40	70
273	240	42	69
264	240	46	69
236	242	44	71
232	240	41	73
230	238	39	74
229	238	39	74
279	233	38	73
279	235	38	72
281	237	37	70
281	237	37	69
280	237	36	69
283	237	36	68
284	236	35	68
284	235	33	70
283	235	32	71
249	238	35	70
227	240	33	71
228	240	32	72
231	241	31	72
232	240	29	72
232	240	28	72
232	240	27	71
230	239	27	71
229	239	27	71
228	238	28	71
227	240	29	70
228	242	30	69
226	243	33	68
224	247	36	65
223	252	36	64
226	253	38	61
227	250	38	61
229	247	38	61
227	235	35	66
228	237	34	67
226	237	34	67
224	238	33	68
222	239	33	68
224	237	32	68
224	239	32	68
222	246	33	68
185	243	33	68
178	242	33	68
177	240	31	69
225	245	31	69
224	244	31	68
222	243	31	67
221	242	31	67
220	241	31	66
217	241	31	66
217	240	32	65
218	240	32	65
218	242	32	65
218	243	32	65
217	243	32	65
220	243	32	65
224	242	31	65
229	241	31	65
228	240	31	65
226	240	31	65
225	240	30	65
228	240	30	65
227	240	30	65
227	241	30	65
229	242	30	65
230	241	30	65
231	240	30	65
232	239	30	65
231	239	30	65
231	240	29	65
230	240	29	65
231	241	29	65
230	240	31	65
227	242	32	64
228	242	33	63
230	242	33	62
233	243	33	62
236	241	33	62
238	240	32	63
239	240	31	63
240	238	29	65
239	238	29	66
238	237	29	67
237	237	30	67
235	239	31	67
234	238	32	66
233	238	32	66
233	240	32	66
234	237	32	66
234	238	31	66
235	237	30	66
234	237	29	67
233	238	29	67
230	239	29	67
227	239	30	67
227	242	31	65
226	241	32	66
225	240	33	66
224	239	32	66
224	240	32	66
225	242	31	66
225	243	31	66
225	243	31	66
225	241	31	66
226	242	30	66
226	242	30	66
226	241	30	66
226	245	31	64
226	243	31	63
227	245	31	62
226	243	30	63
228	243	29	64
228	242	28	64
230	243	28	64
232	245	27	64
232	245	27	63
233	249	28	61
232	247	28	60
233	246	29	59
233	248	30	58
233	252	31	56
236	251	31	55
237	242	30	57
239	240	28	60
240	237	26	63
243	233	25	65
245	234	25	66
244	236	25	65
243	238	25	64
243	241	25	63
242	242	26	61
241	244	27	60
242	244	28	58
241	242	28	58
241	235	27	60
239	234	26	63
240	232	26	66
240	232	26	67
236	232	27	67
233	233	27	67
231	236	28	66
231	236	29	66
228	238	30	66
226	236	31	66
222	232	32	65
226	235	32	66
230	237	32	66
230	238	31	66
234	236	31	66
233	236	30	66
232	236	28	67
235	235	28	66
238	237	28	66
238	236	27	67
240	235	26	66
243	236	26	66
246	237	25	65
247	235	25	65
252	241	24	64
253	241	24	64
257	241	24	64
257	241	24	64
257	241	26	65
259	241	27	64
259	242	27	64
259	241	27	64
261	241	27	63
263	241	25	63
265	240	24	63
269	238	23	63
269	237	23	64
269	236	23	65
273	237	23	64
273	236	24	64
273	235	24	65
274	236	24	64
278	234	24	65
279	234	23	64
278	234	23	65
280	233	22	65
280	229	22	68
281	230	23	69
283	228	23	71
283	227	23	72
283	228	24	72
280	226	24	72
284	222	24	72
282	222	24	73
283	222	25	74
283	221	25	74
283	218	25	75
283	219	26	76
283	222	26	79
282	220	25	80
282	224	25	83
283	226	24	86
284	231	25	87
289	232	26	87
288	228	27	87
294	231	28	87
294	236	30	86
294	237	33	85
290	236	36	84
290	233	37	84
290	235	39	84
287	234	41	84
287	236	43	84
287	235	43	84
287	236	44	84
287	236	44	84
288	237	45	84
287	236	45	84
286	239	45	84
286	235	45	84
285	242	47	82
284	240	48	82
284	243	50	80
279	242	51	79
279	243	51	79
281	244	52	79
281	241	52	79
283	240	52	79
281	245	52	79
286	238	52	79
276	247	52	79
275	248	52	79
273	248	52	78
271	249	52	78
268	246	52	78
266	247	52	78
263	246	52	78
259	245	52	78
249	241	53	78
247	239	53	78
243	235	53	78
241	235	53	78
239	232	53	78
236	232	53	78
236	231	53	78
234	233	52	78
234	232	52	78
233	229	52	78
231	232	52	79
230	233	52	79
230	236	52	79
231	239	52	79
230	242	52	79
228	239	52	79
227	246	52	79
225	236	52	80
227	243	52	80
224	249	52	80
222	235	52	80
221	245	52	80
220	248	52	80
220	244	52	80
221	250	52	80
218	245	52	80
218	250	52	80
215	245	52	80
216	251	53	80
215	247	53	80
216	254	53	80
213	246	53	80
213	251	53	80
211	257	53	80
207	255	53	80
207	258	53	80
206	258	53	80
203	259	53	80
201	258	53	79
198	256	53	79
197	258	53	79
193	255	53	79
190	259	53	79
188	252	53	79
186	257	53	79
181	262	53	79
176	259	53	79
174	255	53	79
171	259	53	79
169	248	53	79
168	251	53	79
164	257	53	79
162	249	53	79
161	252	53	79
158	251	53	79
158	246	53	80
158	251	53	80
159	257	53	80
161	261	53	80
160	255	53	80
160	259	53	81
162	259	53	81
163	262	53	81
162	259	53	81
164	262	53	81
163	262	53	81
161	264	53	81
159	260	53	81
156	268	53	81
150	258	53	81
146	259	53	81
140	257	53	81
136	255	53	81
132	255	53	81
129	256	53	81
125	262	53	81
120	261	53	81
117	263	53	81
114	266	53	81
110	266	53	81
107	271	53	81
103	268	53	81
99	267	53	81
97	270	53	81
95	270	53	81
93	273	53	81
91	270	53	81
90	274	53	81
87	272	53	81
85	269	53	81
84	272	53	81
81	268	53	81
81	272	53	81
78	277	53	81
76	272	53	81
76	273	53	81
77	274	53	82
77	275	53	82
76	276	53	82
76	275	53	82
76	278	53	82
74	279	53	82
71	274	53	82
75	275	53	82
72	277	53	82
68	280	53	82
64	272	53	82
64	268	53	82
63	267	53	82
60	267	53	83
59	268	53	83
55	264	53	83
56	263	53	83
55	269	53	83
49	270	53	83
46	267	54	83
41	264	53	84
34	274	53	84
30	276	54	84
26	278	54	84
21	276	54	84
16	276	54	83
13	274	54	83
13	268	54	84
13	272	54	84
11	275	54	83
10	273	54	83
10	272	54	83
10	270	54	83
9	272	54	83
9	270	54	83
9	268	54	83
11	270	54	84
14	267	54	84
13	272	54	84
14	278	54	84
17	274	54	84
16	273	54	84
17	278	54	84
21	273	54	84
20	270	54	84
19	271	53	85
22	274	53	85
24	271	53	85
22	268	53	86
24	271	53	86
26	273	53	87
28	273	53	87
27	270	53	87
27	269	53	87
28	269	53	88
33	269	53	88
28	265	53	88
29	267	53	88
30	270	53	88
33	268	53	88
33	263	53	89
33	267	53	89
35	269	53	89
37	271	53	89
40	268	53	89
40	264	53	89
43	269	53	89
47	269	53	89
46	263	53	89
49	268	53	89
51	269	53	90
53	269	53	90
53	265	53	90
54	273	53	90
54	267	53	90
58	263	53	90
52	271	53	90
57	266	53	90
60	264	53	89
55	268	53	89
54	262	53	90
56	265	53	90
61	262	53	90
56	261	53	90
60	261	53	90
57	259	53	90
62	261	53	90
56	259	53	90
60	263	53	90
60	259	53	90
62	261	53	90
63	262	53	90
62	258	53	90
62	260	53	90
61	259	53	91
60	262	53	91
60	262	53	91
59	262	53	91
59	259	53	91
58	262	53	91
63	263	53	91
55	266	53	91
62	268	53	91
56	264	53	91
61	265	53	91
53	268	53	91
59	267	54	91
57	272	54	91
54	265	54	91
60	266	54	91
57	260	54	91
58	268	54	91
60	267	54	91
60	265	54	91
63	270	54	91
61	267	54	91
70	266	54	90
62	272	54	90
59	265	54	91
61	269	54	91
58	267	54	91
61	275	54	91
61	268	54	91
61	276	54	91
60	269	54	91
60	275	54	91
59	270	54	91
59	275	54	91
58	272	54	91
59	278	54	91
61	274	54	91
63	278	54	91
61	274	54	91
61	275	54	91
64	279	54	91
64	273	54	91
64	271	54	91
62	270	53	91
63	274	53	91
72	271	54	91
63	278	54	91
63	272	54	91
63	275	54	91
63	268	54	91
63	271	54	91
65	269	54	91
62	264	54	91
63	273	54	91
62	265	54	91
66	267	54	91
