40	199	61	103
39	199	61	103
38	198	62	104
38	199	63	104
38	196	63	104
37	197	63	106
38	195	63	106
36	194	63	107
35	192	64	107
36	192	64	108
35	189	64	109
35	187	64	110
34	182	65	110
34	178	66	110
33	174	66	110
32	168	66	111
32	162	67	112
33	156	67	114
34	150	67	115
36	141	67	115
38	134	67	115
41	127	67	114
44	120	67	115
46	112	67	116
49	107	68	118
52	100	70	118
55	97	71	119
62	91	71	120
71	88	71	123
77	82	70	124
84	79	70	126
91	74	71	127
100	71	71	130
111	62	71	131
121	58	71	132
131	53	71	133
139	50	72	135
148	46	71	136
158	45	71	137
169	44	71	137
179	43	71	138
187	40	71	139
195	41	72	141
203	37	73	142
213	37	72	144
219	37	72	144
226	40	72	145
233	39	72	144
240	42	72	145
246	43	71	146
251	43	70	146
257	45	69	145
261	48	69	145
265	50	69	144
270	51	70	143
273	52	70	142
277	56	70	141
281	61	69	139
284	66	69	138
287	70	69	137
291	75	70	136
295	80	70	135
298	85	70	134
304	91	70	135
307	95	70	134
313	99	70	134
318	106	69	135
322	110	70	134
328	115	70	132
332	120	69	132
337	127	69	132
342	132	68	132
346	138	68	130
351	146	68	129
354	153	67	128
357	160	67	127
360	167	68	125
361	173	67	125
363	179	67	125
365	184	67	123
366	188	66	122
366	191	66	122
366	197	65	120
366	200	64	118
366	202	64	117
365	204	63	116
365	204	63	115
364	204	62	114
363	204	62	113
364	201	62	113
363	200	62	112
364	198	62	113
364	196	62	113
364	192	62	113
365	189	63	114
366	185	64	114
366	182	64	115
368	177	64	115
368	174	65	116
370	168	65	116
370	164	65	118
369	158	66	119
369	151	67	121
368	146	67	123
367	139	67	125
363	133	68	127
359	129	69	129
357	125	69	131
352	121	70	134
348	117	70	135
341	117	71	136
335	115	73	137
327	114	74	137
320	115	75	138
313	115	76	139
305	112	76	139
296	113	77	140
289	115	78	142
282	112	79	143
277	113	78	145
271	113	77	146
265	112	77	147
259	114	77	148
254	114	78	148
247	117	79	153
241	115	80	155
237	118	81	156
232	118	82	156
227	122	83	158
223	123	84	157
221	125	84	156
218	128	84	158
216	129	85	157
216	132	85	157
215	134	85	156
215	138	86	156
216	144	86	156
219	146	86	157
223	147	85	156
228	149	83	154
232	151	82	151
237	151	80	149
243	154	79	147
248	153	78	145
255	153	77	143
261	152	75	143
267	152	75	142
271	151	74	140
278	153	74	139
284	155	73	136
289	157	73	133
294	162	73	130
298	161	72	128
302	164	72	125
306	166	71	123
310	169	70	121
312	171	69	119
314	173	69	118
316	175	68	116
317	176	68	115
320	178	68	114
322	178	68	112
324	178	68	111
326	178	69	111
328	178	70	110
330	177	70	110
331	176	70	110
334	175	70	111
337	175	69	111
340	173	69	113
344	171	68	114
348	171	68	115
352	169	68	116
357	168	68	117
361	169	69	117
365	168	69	118
370	168	70	119
372	166	70	119
377	165	70	120
381	164	69	120
386	162	69	119
390	162	69	120
395	161	68	119
398	158	68	119
401	156	69	119
406	155	68	119
408	152	68	117
414	152	67	117
417	150	67	118
420	146	66	119
424	146	67	119
429	142	68	116
430	142	67	114
433	141	68	111
435	141	68	110
438	143	68	111
439	145	67	113
442	147	66	116
445	142	64	115
447	146	62	116
450	145	62	113
451	145	62	111
453	146	62	109
454	147	61	108
457	144	61	107
458	139	61	105
458	136	61	104
458	130	61	102
457	126	61	100
456	123	61	100
455	117	60	102
453	111	60	104
450	104	61	105
448	95	61	106
442	88	62	107
435	81	62	109
427	80	63	113
418	75	64	116
408	67	65	118
394	64	67	121
381	54	68	122
366	51	70	125
350	48	70	128
334	42	70	131
316	37	73	132
297	34	78	129
282	35	77	130
265	32	76	132
249	29	76	134
229	22	75	136
212	23	74	141
197	17	75	143
181	16	75	149
166	13	76	150
152	11	76	150
139	7	76	145
127	5	78	139
112	6	79	136
99	6	80	132
90	14	80	133
80	17	80	135
72	19	79	138
65	23	79	141
59	26	78	143
49	32	79	142
44	37	80	141
39	45	81	141
36	52	80	141
31	57	79	141
28	64	78	139
25	70	78	138
22	78	78	137
20	85	78	135
17	92	77	133
14	100	77	131
13	105	75	130
11	111	74	128
10	117	72	127
8	123	71	124
7	129	70	121
6	133	69	118
6	137	68	116
6	140	67	114
7	145	66	113
9	149	65	111
11	153	64	111
13	156	62	112
15	160	61	112
16	163	61	111
17	167	61	109
19	171	61	108
20	175	62	107
23	180	63	106
24	186	63	108
27	191	63	109
29	195	63	108
32	198	63	105
34	202	64	104
36	204	65	101
38	206	66	99
39	208	66	98
39	212	66	97
41	215	65	97
43	217	64	98
44	220	64	98
46	223	63	99
48	223	62	101
49	224	62	105
51	225	62	107
53	228	62	106
53	229	62	106
53	232	61	104
55	234	62	102
56	236	61	101
56	238	61	98
57	238	61	97
59	240	61	97
59	239	60	95
61	240	60	95
61	241	59	95
62	242	59	95
64	243	59	95
64	245	58	95
64	245	59	94
65	245	59	93
65	247	59	93
66	247	59	93
65	249	59	92
66	250	59	91
66	252	59	91
67	254	58	92
68	255	56	93
68	256	55	93
70	259	54	93
70	261	52	93
72	264	52	93
71	264	50	92
73	265	51	91
72	266	50	90
74	266	50	90
73	269	49	90
74	268	48	90
73	268	48	90
74	269	48	89
74	272	48	87
76	275	48	86
76	278	47	88
77	280	45	90
80	280	46	90
81	279	48	89
80	279	48	90
81	278	48	91
83	274	48	92
48	198	50	91
45	197	59	85
41	200	64	81
39	200	69	79
38	202	73	76
37	202	76	75
36	203	78	74
35	203	80	73
34	204	81	73
34	204	82	72
33	204	83	72
33	205	83	72
33	205	84	72
33	204	84	72
33	204	85	72
33	204	85	72
32	204	85	73
32	204	85	73
32	204	85	73
32	204	85	73
32	204	84	73
32	204	84	73
32	204	84	73
32	204	83	73
33	204	83	73
33	204	82	73
32	204	81	73
33	204	80	73
33	204	79	73
32	204	79	73
32	204	78	73
32	204	78	72
33	204	78	71
33	204	78	70
59	267	70	82
61	259	63	90
63	253	60	96
62	247	57	100
62	243	56	99
64	242	56	96
63	238	55	94
62	232	56	92
60	224	56	92
59	212	57	94
57	206	59	95
56	198	60	96
57	189	61	98
57	179	61	99
58	173	62	102
59	165	62	105
59	159	63	108
60	152	64	111
63	144	64	113
65	138	64	115
69	133	65	115
73	126	65	114
78	121	65	111
83	119	65	110
88	114	66	110
95	109	66	112
102	105	67	113
115	102	67	113
125	103	67	113
134	101	67	115
146	104	67	118
157	101	65	119
172	104	63	119
184	102	63	117
197	103	64	116
208	105	65	115
220	106	65	115
233	109	64	119
245	110	64	121
255	113	65	122
263	116	65	124
271	118	66	124
280	124	67	125
285	132	67	127
290	136	67	128
293	142	68	128
298	149	68	127
300	155	68	126
301	161	68	124
301	166	68	124
300	170	68	122
297	172	68	121
295	175	68	120
291	179	67	118
288	182	67	117
286	182	66	116
284	184	65	114
279	184	65	112
275	187	65	111
272	187	65	110
271	188	65	108
270	190	64	108
269	191	62	108
268	192	61	107
267	193	61	106
266	196	60	104
265	197	59	101
263	200	58	98
262	202	58	95
261	204	58	93
259	206	58	91
258	207	57	89
257	210	58	87
256	211	58	85
255	212	58	83
254	214	58	82
253	216	57	80
252	219	57	78
252	221	57	76
250	222	56	75
250	223	56	73
249	225	55	71
248	226	55	71
247	227	54	70
247	226	53	69
247	225	53	69
245	225	52	68
246	223	52	69
244	220	52	70
244	214	52	72
244	207	51	76
244	199	51	80
243	188	51	83
245	179	51	88
243	167	51	91
245	158	52	95
245	146	53	98
246	138	54	100
247	131	55	102
249	124	56	103
251	120	58	104
253	116	59	107
256	114	60	110
259	113	61	113
263	110	62	116
267	107	63	118
270	105	65	121
274	104	67	123
279	104	68	127
283	105	69	130
286	107	71	134
288	110	73	139
290	114	75	144
289	118	76	148
289	122	78	153
287	127	80	156
283	133	82	160
278	142	84	163
272	148	85	166
265	161	86	165
257	176	86	162
248	189	86	159
238	198	87	158
227	207	88	155
217	214	89	152
209	223	89	150
203	225	88	151
195	220	90	147
190	217	89	143
179	215	92	140
181	210	90	141
181	200	88	141
181	194	87	142
182	188	86	143
183	178	87	142
185	170	87	143
190	161	87	142
196	155	87	143
199	150	86	145
204	143	85	146
211	137	84	147
218	132	84	147
226	133	84	149
236	131	84	151
244	132	84	154
255	134	84	157
265	133	84	158
275	134	85	159
285	140	86	159
299	147	86	159
314	153	86	158
328	157	86	156
341	164	86	153
354	167	86	150
365	165	84	149
379	169	83	146
391	168	83	143
402	168	82	141
412	168	81	139
419	164	80	136
425	162	80	135
428	158	79	135
429	152	77	135
429	148	77	134
426	143	77	134
420	141	78	134
412	139	78	135
401	132	77	135
388	127	77	137
372	123	78	138
356	121	80	139
335	118	80	141
310	117	82	143
285	114	84	145
261	110	85	144
230	113	87	146
199	113	90	146
172	116	95	143
133	113	97	138
103	119	102	136
76	132	103	141
45	129	105	148
25	127	106	155
6	124	107	162
0	119	102	170
0	114	96	171
0	107	89	173
0	101	83	175
0	94	77	176
0	84	75	174
0	73	76	168
0	64	77	162
5	59	80	158
15	53	83	154
26	48	85	153
37	41	86	152
54	33	87	148
71	28	86	145
86	21	86	143
100	13	86	139
117	12	87	134
134	19	83	136
150	17	79	141
167	16	77	147
183	14	76	155
197	8	76	155
212	16	75	157
224	15	75	158
236	18	75	159
248	23	76	158
257	27	76	156
265	34	77	154
273	42	77	152
279	49	76	150
284	58	74	149
287	66	74	148
289	77	73	148
291	86	72	147
291	97	73	145
290	108	73	143
289	119	73	143
287	126	73	142
284	133	73	140
284	142	72	138
283	148	72	137
282	156	71	137
282	163	71	136
282	174	71	135
281	182	71	133
281	187	71	133
282	192	70	131
284	198	70	129
287	201	70	127
288	202	70	124
290	203	71	123
293	202	71	122
296	200	71	122
298	196	73	122
300	194	73	124
302	190	73	126
303	186	74	127
305	183	75	128
307	180	75	129
308	178	76	131
308	177	77	133
309	176	78	136
307	176	79	139
307	177	81	141
304	179	82	143
302	181	82	146
296	181	84	148
293	182	85	149
287	183	85	151
278	184	87	153
271	184	87	155
261	187	88	157
251	188	88	157
238	189	90	158
224	189	92	159
214	191	93	158
204	191	93	158
188	193	96	158
180	194	97	157
167	194	99	155
159	198	100	153
152	198	100	152
143	203	98	150
141	204	96	148
139	206	93	148
135	210	91	146
133	214	89	146
132	220	87	145
134	227	85	145
134	232	85	146
135	239	85	146
137	245	85	147
142	249	84	149
144	250	84	148
144	258	84	151
147	252	84	147
151	259	85	146
154	259	86	145
158	261	87	145
162	257	88	145
165	260	87	148
167	256	85	148
171	255	85	149
174	255	84	150
179	254	84	149
184	254	85	152
188	253	84	154
193	250	85	154
202	252	86	155
210	251	85	157
218	250	85	159
225	249	86	160
234	246	86	163
243	244	87	166
252	241	89	166
264	239	89	165
276	242	90	163
290	242	90	160
303	245	89	157
319	247	89	153
333	249	89	149
349	248	89	146
364	249	91	145
377	245	92	144
390	240	92	142
405	239	91	138
415	238	90	135
425	235	89	133
436	232	87	131
447	230	86	129
453	229	87	128
460	223	88	128
466	219	89	128
469	215	87	131
470	204	86	132
471	194	84	133
471	184	83	135
466	172	82	137
459	159	83	142
451	145	83	146
440	134	85	149
425	117	88	155
410	97	90	160
389	77	93	166
369	63	95	171
350	51	95	175
326	28	97	179
301	19	101	179
285	15	102	181
260	8	103	184
236	4	103	186
214	5	103	186
194	10	103	190
179	11	102	194
164	20	102	197
147	34	103	197
135	43	103	199
126	52	104	199
118	73	104	197
114	90	102	193
114	105	102	186
115	120	102	179
119	137	101	176
123	153	98	177
130	160	97	175
139	167	95	173
149	173	95	169
155	181	96	164
160	185	99	158
168	190	101	154
175	196	103	150
192	203	101	146
206	203	97	144
218	207	95	141
234	207	92	138
248	205	89	136
265	207	84	136
275	207	83	133
288	207	81	132
298	206	80	131
308	206	80	131
318	206	79	133
326	203	79	134
332	200	79	135
338	196	78	138
342	194	78	139
343	190	77	141
343	187	77	140
342	186	77	139
340	183	75	138
335	181	75	138
330	180	75	136
324	178	75	134
317	177	75	132
309	176	73	130
303	174	73	127
296	172	72	123
290	170	71	122
285	166	69	121
278	160	67	122
271	156	68	123
266	150	67	123
262	147	66	123
256	141	65	122
251	135	66	124
245	134	66	128
240	127	66	129
233	122	67	129
226	115	68	127
220	109	69	125
213	108	70	126
205	105	72	127
197	101	72	128
189	98	73	129
181	95	74	130
172	93	74	134
160	89	75	136
150	88	76	138
139	90	76	142
127	87	80	142
113	93	84	145
103	97	88	144
92	101	89	142
81	106	88	141
67	113	91	141
56	116	94	141
46	120	96	141
40	123	96	144
32	123	96	146
25	125	97	146
19	130	97	146
10	132	99	143
6	136	100	142
2	141	100	140
1	148	99	139
0	154	97	137
0	161	94	136
2	169	92	134
4	180	89	130
9	187	86	126
16	194	83	122
23	199	84	118
24	203	82	115
27	207	80	113
31	211	77	113
33	211	74	112
37	214	73	111
39	214	72	110
42	217	70	108
45	215	68	108
49	216	67	109
50	215	66	109
52	216	65	110
53	215	64	110
53	216	63	111
53	216	63	111
54	222	63	110
51	221	64	108
52	224	64	107
50	226	64	107
49	229	65	106
47	233	65	107
45	235	67	106
43	237	67	105
41	237	66	105
40	237	66	106
39	235	65	107
36	231	64	109
34	231	64	109
32	230	64	109
30	230	64	108
28	228	64	108
26	229	65	108
24	229	65	108
23	227	65	106
21	228	65	106
20	227	65	107
19	226	64	106
17	225	64	104
16	227	63	104
15	224	63	102
12	228	63	102
10	225	63	101
8	228	63	101
6	229	64	102
5	229	64	102
3	229	65	103
2	229	65	103
2	233	66	103
1	234	66	105
1	236	66	108
2	235	66	109
0	238	67	111
1	238	67	111
2	239	69	110
2	241	70	109
1	242	70	109
2	243	72	108
2	246	73	107
4	247	74	108
3	249	74	108
5	250	74	109
6	252	75	108
7	253	75	108
8	256	75	109
8	256	75	111
9	256	75	113
9	256	75	114
10	257	74	116
11	258	75	118
11	259	75	120
12	260	75	121
13	261	76	121
14	262	76	121
14	263	77	120
14	265	77	120
16	266	77	120
17	267	77	121
19	267	77	121
20	268	77	121
21	269	78	121
21	269	78	121
22	269	79	121
23	270	79	122
25	269	79	122
28	268	79	124
30	267	79	124
31	268	79	126
34	267	79	127
36	266	79	129
39	263	79	130
42	262	79	132
44	259	79	133
48	256	80	133
49	253	81	133
55	252	82	134
57	249	82	134
60	248	81	135
62	243	81	134
66	242	82	136
69	238	83	137
72	238	85	138
74	237	86	141
76	235	86	143
79	235	87	146
84	235	88	150
87	234	91	153
92	233	93	153
98	232	94	156
104	231	94	159
110	230	96	159
114	229	96	158
121	231	97	158
128	229	97	158
136	235	96	161
144	227	94	159
148	226	95	154
151	223	97	150
155	220	98	146
157	218	100	142
158	218	102	139
161	217	104	138
171	213	102	139
179	210	100	140
187	204	98	142
192	202	96	142
198	202	95	143
203	202	94	142
209	201	93	142
214	199	91	144
219	196	91	144
225	196	90	144
229	194	89	143
234	197	88	144
238	195	88	144
243	194	86	143
246	192	85	143
249	193	85	142
251	192	84	141
254	191	84	139
255	191	83	138
258	189	83	135
258	190	82	133
259	189	82	131
260	189	81	130
260	188	81	130
259	186	81	130
257	184	82	130
257	183	84	131
255	183	85	132
253	180	87	133
255	177	88	135
253	174	90	137
252	171	92	140
249	166	94	143
250	163	95	146
248	159	98	150
250	157	99	152
247	153	101	155
246	150	103	157
249	147	105	160
249	146	107	161
250	144	108	162
253	141	109	164
254	140	111	165
260	139	110	166
264	137	109	168
269	137	107	169
272	136	107	169
273	136	108	169
274	138	110	168
277	139	112	167
278	139	114	168
278	138	116	168
283	139	116	168
286	136	115	167
285	136	117	166
288	135	117	166
293	135	114	166
293	133	113	165
296	133	112	165
295	131	111	164
296	132	110	165
297	128	109	165
298	126	108	165
298	124	107	166
299	119	106	167
299	119	105	167
298	118	105	166
297	116	105	165
295	117	106	163
298	116	104	163
295	115	104	162
296	116	103	161
298	115	102	159
294	114	102	158
297	115	102	156
293	114	102	154
295	113	102	152
292	114	101	150
293	114	101	148
292	114	102	148
291	113	101	148
292	112	101	147
291	110	101	147
291	110	101	146
291	109	101	146
290	107	101	146
290	106	102	144
291	107	102	143
288	107	103	143
291	107	102	143
289	106	103	143
290	105	103	143
291	107	103	144
289	108	103	144
289	113	103	146
287	116	104	146
288	120	103	146
287	125	102	146
289	128	100	147
294	131	96	148
297	135	92	148
299	139	88	148
301	146	85	148
304	150	82	147
306	154	80	147
308	158	80	147
312	161	79	147
315	165	81	145
317	170	83	144
319	172	85	142
324	174	87	141
326	175	90	141
332	175	93	142
338	176	96	143
344	173	98	145
351	171	101	147
362	172	106	149
369	171	110	151
378	172	112	154
389	170	114	156
400	167	115	157
409	167	115	161
418	165	116	164
425	161	116	169
434	161	116	174
442	152	117	170
443	156	116	172
448	150	116	170
447	150	114	171
446	147	114	171
442	145	113	170
436	141	113	169
428	139	113	168
417	138	115	166
406	137	117	165
399	134	116	164
386	132	117	165
377	129	119	167
364	125	119	170
353	119	119	172
344	116	121	172
333	112	122	172
323	108	122	172
314	106	123	172
311	104	122	172
305	101	121	173
303	101	119	175
302	95	117	176
299	96	116	177
299	95	117	176
299	94	118	177
300	94	118	179
302	93	117	182
305	91	117	184
305	91	118	188
307	93	119	190
306	93	120	191
305	96	121	193
304	97	122	194
303	98	122	194
300	101	120	195
295	108	119	192
291	115	119	189
286	123	118	186
280	133	117	181
273	140	115	177
267	148	111	172
263	151	106	168
259	153	102	164
253	153	99	163
249	153	95	161
246	151	92	161
241	146	91	159
238	140	90	159
236	133	89	160
233	125	90	162
232	118	90	164
231	111	91	168
232	104	93	170
234	97	95	171
234	90	97	173
234	82	100	176
235	73	103	177
231	67	107	177
231	61	111	178
230	56	115	179
229	52	117	179
227	48	120	179
224	48	122	179
223	48	123	178
221	50	123	178
220	51	121	178
217	52	120	179
211	54	120	178
204	57	121	178
197	60	121	176
190	59	120	173
185	60	118	170
180	60	116	167
178	60	112	168
174	61	110	166
169	61	109	164
164	58	108	159
161	57	106	156
157	56	104	154
153	57	102	152
149	56	101	152
147	55	101	152
146	54	100	152
147	53	98	153
146	50	98	152
149	47	98	152
147	46	98	152
149	44	97	151
150	43	97	150
152	42	98	149
151	42	98	147
154	42	99	145
155	43	98	145
155	44	98	144
155	44	99	143
156	44	98	143
156	46	98	143
156	48	99	143
154	50	99	145
152	52	99	145
153	51	99	145
151	51	99	145
150	51	100	144
147	52	101	144
145	51	100	144
142	52	101	144
142	52	100	144
138	54	100	145
136	54	101	145
133	57	100	146
132	61	101	145
131	65	101	145
130	67	100	144
129	68	98	143
131	72	95	143
126	72	96	141
130	78	94	143
126	74	93	143
129	78	91	144
125	77	91	144
127	80	90	146
127	79	88	146
127	79	87	147
127	78	87	148
129	78	86	149
130	78	84	150
131	78	82	151
132	76	81	153
134	77	79	155
132	75	79	155
134	74	78	156
134	73	77	157
134	72	77	158
135	69	77	159
136	68	76	159
137	67	76	157
136	66	75	155
138	67	74	154
139	66	74	152
141	65	74	151
143	67	73	153
145	62	72	152
145	66	71	151
148	61	71	150
147	64	72	148
151	61	73	146
152	60	74	143
155	61	73	142
157	60	73	140
161	59	73	138
164	57	72	137
167	56	71	135
170	57	70	132
173	58	69	131
174	58	69	130
176	58	69	130
178	56	68	130
180	55	67	129
181	54	67	129
182	54	66	130
184	54	66	130
184	54	66	131
184	53	65	131
185	52	65	131
185	50	65	131
185	49	65	130
186	49	65	130
186	47	65	128
186	47	65	127
188	46	64	127
189	44	64	125
191	44	63	124
192	44	64	122
194	44	64	120
195	44	64	119
197	45	64	117
198	46	64	116
199	46	64	115
201	48	64	115
202	48	63	114
204	49	63	114
205	50	63	113
205	51	63	113
207	51	62	113
207	50	62	112
209	51	61	111
209	50	61	111
210	50	61	110
212	50	60	110
213	50	59	110
214	50	59	109
215	50	59	109
215	50	59	109
216	50	59	109
216	50	58	109
216	50	59	109
216	49	58	110
216	49	59	110
215	50	59	110
215	50	58	110
215	50	58	110
214	50	58	110
213	51	58	111
212	51	58	111
212	51	57	111
211	51	57	111
210	51	57	112
209	51	57	112
208	52	57	111
208	51	57	112
208	52	57	111
209	52	57	111
209	51	56	111
210	51	56	111
211	50	56	110
212	51	55	111
213	50	55	111
213	49	55	111
214	49	56	111
215	49	56	112
216	49	56	112
217	48	57	112
218	48	57	114
219	48	58	115
220	48	59	116
222	47	59	118
223	47	60	119
224	46	61	121
225	45	61	123
227	44	61	125
228	44	62	127
230	43	62	128
231	44	63	130
233	44	64	132
234	43	65	133
236	45	65	134
237	48	66	135
239	50	67	136
241	52	68	137
244	54	70	138
247	55	71	138
249	59	72	139
253	61	73	140
257	64	74	139
260	68	75	140
264	71	76	140
270	77	77	141
275	83	77	142
281	89	77	144
283	96	79	145
288	100	80	147
293	108	80	150
298	114	80	150
303	120	81	149
305	126	81	148
309	132	81	148
312	137	81	148
315	140	80	148
315	144	80	147
316	148	81	147
317	153	81	145
317	156	81	144
315	159	81	142
316	164	80	141
316	167	80	140
314	171	79	138
312	173	79	136
311	176	79	135
310	179	78	134
310	183	77	133
309	185	77	133
310	188	76	132
311	190	75	131
311	194	75	131
311	197	75	130
311	200	75	131
314	203	75	131
316	206	75	131
319	206	75	132
321	209	76	133
324	213	76	134
327	212	77	135
330	215	77	135
334	215	77	135
336	217	77	136
338	215	77	137
341	217	77	137
343	218	78	137
344	217	78	138
346	217	78	138
346	217	79	138
347	218	79	137
346	216	79	137
344	215	80	137
344	217	80	137
342	217	81	136
341	217	81	135
