256	152	73	210
254	149	72	210
255	149	71	210
254	149	71	210
255	149	71	210
254	149	71	210
255	148	71	211
256	148	71	211
255	149	71	211
254	149	71	211
255	149	71	210
254	149	71	210
255	149	71	210
254	149	71	210
254	149	71	210
254	149	71	210
254	149	71	210
255	149	71	211
254	149	71	210
254	150	71	210
254	149	71	210
254	148	71	211
254	150	71	211
254	149	71	210
254	149	71	210
255	150	71	211
254	149	71	211
254	149	71	210
254	149	71	210
254	149	71	210
254	149	71	210
255	148	71	211
254	150	71	210
254	150	71	210
254	150	71	210
254	150	71	210
254	150	71	211
254	150	71	210
254	149	71	210
254	149	71	210
255	150	71	210
254	150	71	210
255	149	71	210
254	149	71	210
253	149	71	210
253	149	71	211
254	149	71	211
254	150	71	210
254	149	71	210
255	149	71	211
254	149	71	210
254	149	71	210
255	149	71	211
254	149	71	211
254	149	71	211
254	149	71	211
254	149	71	211
254	150	71	210
254	150	71	210
254	150	71	210
254	149	71	210
254	149	71	211
254	149	71	211
255	150	71	210
255	150	71	210
254	150	71	210
254	149	71	210
254	149	71	210
254	151	71	210
254	150	71	210
255	149	71	210
254	150	71	210
254	150	71	210
253	150	71	210
254	149	71	210
253	149	71	210
254	150	71	211
254	150	71	210
254	150	71	210
254	149	71	211
254	149	71	211
254	149	71	211
254	148	71	211
255	148	71	211
255	148	71	212
255	148	70	212
256	148	70	212
255	148	70	212
255	148	71	212
256	149	70	212
254	147	70	212
255	148	71	212
255	148	71	212
255	149	71	211
255	149	71	211
255	149	71	211
255	150	71	211
255	150	71	210
254	150	71	210
255	149	71	211
254	149	71	211
254	149	71	211
255	149	71	211
254	149	71	211
255	148	71	211
255	149	71	211
255	149	71	211
254	147	70	212
256	149	70	211
256	148	69	211
256	147	69	212
255	148	69	212
254	147	69	212
255	147	69	213
256	147	69	213
255	147	70	213
254	147	70	213
254	148	70	213
254	147	70	212
254	147	70	212
254	147	70	213
254	147	70	213
255	148	69	212
255	147	69	212
255	148	69	212
255	149	69	211
256	149	69	211
255	149	69	211
255	149	69	210
256	148	69	211
255	148	69	211
255	149	69	211
256	149	69	211
256	149	69	211
255	149	69	211
256	149	69	211
256	149	69	210
255	149	69	210
256	149	69	211
256	149	69	211
255	149	69	211
256	149	69	211
256	149	69	210
254	148	70	210
256	148	70	211
256	150	70	210
254	149	70	210
255	149	70	210
255	149	70	210
255	149	70	210
255	149	70	210
255	149	70	210
255	150	70	210
255	149	70	210
254	150	70	210
254	149	70	210
255	149	70	210
255	149	70	210
254	149	70	210
254	149	70	210
256	149	70	210
255	149	70	210
255	149	70	210
256	149	70	210
255	149	70	210
254	149	70	210
255	149	70	210
255	149	70	210
255	149	70	210
255	149	70	210
255	149	70	210
255	149	70	210
255	149	70	210
256	148	70	211
255	148	70	211
256	149	70	211
255	148	70	211
256	148	69	212
256	148	69	212
255	148	69	212
257	149	69	212
255	148	69	212
256	148	69	212
256	149	69	211
256	149	69	211
256	149	69	211
255	149	69	211
255	148	69	211
255	148	69	211
255	149	69	211
255	148	69	211
255	148	69	211
256	148	69	211
256	149	69	212
256	149	69	212
256	149	69	212
255	148	69	211
255	149	69	211
255	148	69	211
255	148	69	211
255	148	69	211
256	149	69	211
256	149	69	210
255	149	69	210
255	149	69	210
256	149	69	210
255	149	69	210
255	149	69	210
256	149	69	211
256	148	69	211
255	149	69	211
256	148	69	211
256	148	69	212
255	149	69	212
255	149	69	212
256	148	68	212
256	148	68	212
257	148	68	212
255	148	68	211
257	149	68	211
255	148	68	211
256	147	68	212
257	149	68	211
257	155	69	206
256	155	70	204
255	154	71	204
255	152	71	205
255	152	72	206
254	150	72	208
255	150	72	208
255	149	72	209
255	150	72	210
255	150	72	210
255	151	72	208
255	150	72	208
255	151	72	208
256	151	72	208
254	151	72	208
256	152	72	208
255	153	72	207
256	156	72	204
255	153	72	205
256	152	72	206
255	151	72	207
256	151	72	207
255	151	72	208
256	151	72	208
255	150	72	208
256	150	72	208
256	149	72	209
256	149	72	209
256	149	72	209
255	150	73	210
256	149	72	209
254	150	73	210
256	151	73	208
255	150	72	208
256	151	72	208
254	150	72	207
255	150	72	208
255	150	72	209
256	149	72	209
256	149	73	209
254	150	73	209
255	149	73	209
255	150	73	209
254	149	73	209
256	150	73	209
254	149	73	208
256	151	73	209
254	149	73	208
256	150	73	209
255	149	73	209
255	152	73	208
255	154	73	205
256	157	73	203
255	153	73	203
255	152	72	206
257	151	72	207
256	151	71	207
257	152	71	206
256	152	71	206
258	151	70	206
257	151	70	206
257	152	70	206
256	152	70	206
258	152	69	206
257	151	69	205
258	152	69	206
257	152	69	205
257	152	69	206
257	150	69	207
258	152	69	207
257	152	69	206
258	151	69	207
257	151	69	207
257	154	69	206
258	152	69	206
257	152	69	205
258	152	69	206
257	152	70	206
257	151	70	206
257	151	70	207
258	152	70	207
257	151	70	206
259	152	70	206
257	152	70	205
257	152	70	204
259	153	70	204
257	152	70	203
257	153	70	204
256	154	70	202
255	154	70	202
255	154	70	202
254	155	70	201
254	154	70	201
254	153	69	201
254	153	69	200
254	151	68	200
254	148	67	200
255	145	67	201
255	144	68	199
255	142	68	196
254	139	67	195
253	135	66	195
253	134	66	193
251	131	66	191
250	128	66	189
249	124	66	188
140	181	70	184
140	179	73	182
139	178	74	182
139	177	76	182
138	178	76	182
138	180	77	181
137	182	77	179
137	184	76	176
138	185	76	174
138	186	76	173
138	184	75	173
138	186	75	172
138	185	75	173
137	186	74	172
138	187	74	172
138	188	74	171
139	191	74	170
138	188	74	171
138	188	74	172
139	188	75	173
139	186	75	174
140	187	76	173
140	188	78	173
139	187	78	172
139	189	78	171
138	193	78	169
137	195	78	167
137	197	78	164
138	197	78	164
138	199	77	162
137	200	77	161
137	201	77	160
138	202	77	159
136	202	77	159
137	203	78	158
137	201	78	159
137	202	78	159
137	200	77	160
137	199	77	161
137	199	77	161
136	197	77	163
136	196	78	164
135	197	78	165
136	194	78	165
137	191	77	169
137	186	76	173
138	182	75	177
138	181	76	179
138	180	76	181
139	177	76	183
138	178	77	184
138	178	77	184
138	177	77	184
138	177	77	185
138	178	77	184
138	177	76	185
138	178	76	185
138	177	76	185
137	179	76	184
138	179	76	184
137	177	77	185
138	179	77	184
137	176	77	185
137	177	77	184
137	179	77	184
137	179	77	183
137	178	77	184
137	180	77	183
137	179	77	183
137	180	77	182
138	179	77	183
137	175	77	184
138	173	76	186
138	174	76	186
139	171	75	187
139	171	76	188
139	171	76	188
138	175	76	186
138	175	76	185
139	172	76	187
139	171	76	188
140	168	76	190
139	167	75	191
140	169	75	193
140	171	75	193
139	172	75	193
142	174	73	194
144	177	72	192
144	182	71	190
76	189	87	189
79	174	91	199
83	155	93	216
98	143	101	230
104	131	105	243
109	125	103	253
119	124	103	257
129	119	102	260
138	119	102	259
142	117	104	257
146	111	108	260
148	102	114	265
147	101	122	267
148	101	130	265
153	104	136	261
152	124	149	246
163	118	151	244
198	113	139	246
206	117	128	243
222	117	115	242
230	122	106	240
234	121	100	240
238	123	96	238
241	124	93	237
244	123	90	234
248	126	87	230
250	130	85	226
252	131	83	222
252	133	82	220
254	135	81	217
255	138	79	213
254	140	79	210
254	142	78	207
253	145	76	204
253	147	75	201
254	149	73	198
254	151	72	195
255	154	70	192
255	156	68	190
256	155	66	189
256	156	65	189
256	155	64	188
257	154	63	190
257	151	62	193
257	150	62	194
258	149	62	196
258	148	62	197
259	146	62	199
259	147	62	200
258	146	63	200
256	146	64	200
256	145	64	201
256	146	65	202
257	145	65	202
256	145	65	202
256	145	65	201
256	146	65	201
255	145	66	201
257	145	65	201
255	146	65	201
256	144	65	202
256	145	65	203
256	144	66	203
255	144	66	203
257	144	66	202
255	145	66	202
255	144	66	202
256	145	66	202
256	144	66	202
257	144	65	203
256	145	65	202
256	144	65	202
256	146	65	201
257	145	65	201
256	146	65	201
255	145	65	201
256	145	65	201
255	144	65	202
255	143	65	204
255	142	66	204
255	143	66	204
257	144	66	205
257	142	67	207
262	141	65	209
258	142	67	210
224	142	82	210
227	138	90	211
239	135	93	215
255	125	94	221
259	136	100	216
262	139	110	211
246	135	104	211
239	142	94	209
246	145	86	207
249	145	80	204
251	145	77	203
251	144	74	202
253	144	72	203
252	145	71	202
254	147	70	201
254	146	70	201
254	147	70	200
254	147	70	200
254	147	70	200
254	148	70	199
254	147	70	199
254	147	70	199
254	148	70	200
253	148	70	199
254	147	70	199
255	147	70	199
254	149	70	198
254	148	70	198
254	148	70	199
254	147	70	199
254	147	70	200
255	147	69	199
254	147	69	200
254	148	69	200
254	147	70	199
253	147	70	200
254	147	70	200
253	147	70	200
254	147	70	200
253	147	70	200
254	147	69	200
254	147	69	200
253	147	69	199
254	146	69	200
254	146	69	200
254	146	69	201
254	146	69	201
253	147	69	200
254	145	69	200
254	146	69	201
254	147	69	200
255	146	68	200
254	146	69	200
255	147	69	200
254	147	69	200
254	146	69	200
254	147	69	199
255	146	68	200
254	147	69	199
255	152	68	196
254	146	69	197
255	145	69	200
255	146	69	200
254	144	69	201
254	145	69	201
254	145	69	201
254	145	69	200
255	145	69	201
253	146	69	200
254	145	69	201
254	146	69	200
255	145	69	201
254	145	69	201
255	145	69	201
255	146	69	201
254	146	69	200
254	146	69	200
254	146	69	200
254	146	69	200
254	145	69	201
254	145	69	201
254	145	69	200
253	145	69	201
255	145	69	201
255	146	69	201
254	146	69	200
255	146	69	201
255	145	69	201
254	146	69	201
254	145	69	201
254	146	69	201
255	146	69	200
254	146	69	200
254	145	69	201
255	145	69	201
253	145	70	201
255	148	69	199
254	146	70	199
254	146	69	200
254	146	70	200
252	157	72	195
255	164	76	187
254	165	76	184
254	159	74	186
255	153	71	190
254	149	70	193
254	146	69	197
253	145	68	199
254	145	68	201
255	145	67	201
256	145	67	200
255	148	67	199
255	149	66	197
256	150	66	197
255	153	67	194
254	147	67	197
254	147	67	199
254	145	67	200
255	145	67	202
255	144	67	202
255	144	67	203
255	144	67	203
255	143	67	203
256	143	67	202
255	143	68	203
256	143	67	204
256	142	68	204
255	141	68	205
255	142	68	205
255	143	68	205
255	148	68	201
255	150	68	199
256	148	67	200
255	146	67	201
255	145	67	202
255	145	68	202
255	145	68	202
255	145	68	202
255	145	68	202
255	145	68	202
255	145	68	203
254	145	68	202
255	145	68	202
255	145	68	202
254	145	68	202
255	145	68	202
255	145	68	202
255	144	68	202
254	144	68	202
254	146	68	202
255	145	68	202
254	146	68	201
256	145	68	202
254	145	68	201
254	145	68	201
255	145	68	202
255	146	68	201
254	146	69	201
255	146	68	201
254	147	69	201
255	146	68	201
254	146	68	201
254	146	68	201
254	146	68	201
254	146	68	201
255	145	68	201
254	145	68	201
254	145	68	201
254	146	68	201
254	146	68	201
254	145	68	202
255	145	68	202
254	146	68	201
255	145	68	201
255	146	68	202
254	146	68	202
255	145	68	202
254	146	68	202
255	144	68	202
254	145	68	203
255	145	68	202
255	145	68	202
254	145	69	202
255	146	69	202
255	145	69	201
253	146	69	201
254	146	69	201
254	146	69	201
255	144	68	202
255	144	68	202
254	145	68	202
254	145	69	202
255	146	68	202
254	146	69	202
255	146	69	202
255	146	68	201
255	146	68	201
255	145	68	202
255	146	68	202
255	145	68	202
254	145	68	201
254	146	68	202
255	145	68	202
255	145	69	202
253	145	69	202
254	146	68	202
255	146	68	202
255	145	68	202
254	145	69	203
254	146	69	202
254	153	69	199
255	152	68	197
255	148	68	198
254	145	67	201
254	143	67	204
255	145	67	204
254	147	66	202
254	149	67	199
253	149	67	199
248	149	67	199
245	154	67	200
175	169	72	199
169	170	77	195
167	167	79	194
164	167	82	195
175	173	95	196
195	169	107	203
225	162	100	218
219	158	98	226
216	152	101	231
214	149	106	234
234	141	99	239
243	134	91	237
249	133	86	229
247	133	84	222
246	137	83	214
247	138	80	210
248	141	77	207
252	141	74	206
254	143	72	204
254	144	70	203
255	143	69	203
255	144	68	203
255	144	68	202
256	143	67	203
255	143	67	203
255	143	67	203
255	143	67	203
255	143	67	203
256	143	67	204
255	144	67	203
256	144	67	203
255	143	67	203
255	144	67	203
255	143	67	203
257	144	66	203
256	144	67	203
254	143	68	203
253	143	68	202
254	144	68	202
254	146	68	200
254	146	68	199
253	145	69	201
256	144	68	204
259	143	67	206
264	147	65	209
263	150	64	212
245	157	72	214
237	160	76	218
248	162	76	218
169	163	82	210
165	160	83	207
172	166	94	202
226	165	109	196
248	158	110	201
237	147	97	207
244	144	91	208
246	145	87	207
247	146	82	204
251	146	77	204
252	145	74	204
253	143	72	205
253	143	70	205
254	143	68	205
255	143	68	205
255	144	67	205
256	144	67	205
255	144	67	205
255	144	67	205
255	144	67	205
255	145	67	205
255	144	68	204
255	144	68	203
256	145	68	203
255	145	68	203
255	145	68	203
255	144	68	203
254	144	68	203
254	144	68	204
255	143	67	204
255	144	68	204
255	144	68	204
255	144	68	203
255	143	67	204
255	142	67	204
255	143	68	204
255	143	67	204
256	143	67	204
255	143	68	204
255	144	68	204
255	144	67	203
255	144	68	203
255	144	67	203
255	144	67	203
256	144	67	203
256	144	67	203
255	144	67	203
256	144	67	204
256	144	67	203
254	144	68	203
256	145	67	203
254	145	68	203
255	144	68	203
255	144	67	203
255	144	68	203
254	145	68	203
254	145	68	204
254	145	68	204
255	145	68	203
255	144	68	203
255	145	68	204
255	145	68	203
255	144	68	204
254	144	68	204
255	143	68	204
254	143	68	204
255	144	68	203
255	144	68	203
255	144	68	203
255	145	68	204
254	144	68	204
255	144	67	204
257	144	67	204
256	145	67	203
256	146	67	202
255	147	68	201
256	150	67	199
256	153	67	195
256	156	67	193
256	158	66	191
257	158	66	190
257	160	66	188
257	162	65	187
256	163	65	185
256	163	64	184
256	163	64	184
256	164	64	183
257	164	64	184
259	167	64	185
260	172	66	185
266	175	69	187
272	173	72	193
282	179	75	196
296	177	75	201
312	174	76	207
332	178	85	210
340	171	87	212
354	166	86	219
367	172	91	217
400	175	105	216
414	171	109	223
422	173	104	227
433	171	100	231
442	169	97	234
448	177	97	230
453	179	95	227
456	187	94	222
456	191	93	218
457	197	93	213
458	197	92	211
458	199	91	208
459	200	90	207
460	191	90	211
460	179	90	219
460	176	92	224
460	174	93	228
460	171	94	231
459	172	96	233
460	168	97	236
460	164	98	240
460	169	100	238
459	170	103	237
461	169	105	236
459	169	107	236
460	169	108	236
459	167	110	237
457	168	110	237
460	171	111	235
456	167	111	237
459	169	110	237
461	166	111	238
464	163	114	240
465	170	118	237
461	171	116	236
462	172	116	234
461	170	115	234
462	175	115	232
459	171	112	233
465	172	113	234
462	171	113	234
464	174	116	233
461	173	117	232
462	172	117	233
461	169	115	234
463	168	115	236
462	169	117	237
462	168	116	237
462	168	115	237
466	170	116	237
463	171	115	237
466	174	117	235
463	175	114	233
465	175	113	231
463	170	111	234
467	169	110	235
464	168	110	237
465	170	110	236
463	170	109	236
464	168	108	236
466	169	108	236
465	169	107	236
466	167	106	237
465	169	105	237
468	166	106	238
467	168	108	237
467	170	108	236
466	171	107	236
465	171	106	235
469	171	106	235
468	172	105	236
467	170	105	236
467	171	105	235
467	170	104	235
467	170	104	235
468	170	104	235
468	169	103	236
467	169	104	236
468	169	105	236
468	168	105	236
468	168	106	237
468	168	106	237
468	170	105	237
468	170	104	237
469	169	102	238
469	169	101	238
468	169	100	238
469	167	100	238
469	167	100	237
469	169	101	237
468	169	100	237
469	168	101	237
469	168	100	238
468	168	100	238
469	168	100	238
469	167	100	238
468	168	101	238
468	168	101	238
468	167	101	238
467	167	100	238
467	168	100	238
469	168	101	238
468	168	100	238
469	167	100	239
468	167	100	239
469	167	100	239
468	169	100	239
468	167	100	238
468	168	100	238
468	167	100	238
468	169	100	239
468	167	100	238
468	167	100	239
469	168	100	239
468	167	100	239
468	167	100	238
468	166	100	238
468	168	101	238
467	167	101	238
468	167	102	238
468	168	102	238
468	168	102	238
468	169	102	238
469	166	101	238
468	166	101	239
467	168	101	238
469	171	103	236
465	168	102	237
468	170	102	237
468	164	102	239
468	162	100	243
469	164	100	243
466	165	99	242
466	164	96	242
466	167	93	240
467	164	91	241
467	171	89	236
467	169	88	236
468	174	87	234
469	173	86	233
468	173	85	232
469	172	84	233
470	172	84	233
470	172	84	234
471	171	84	234
470	172	84	234
471	171	84	234
471	171	84	234
470	171	83	234
470	176	84	232
470	173	84	233
471	171	84	234
471	170	84	235
471	169	84	237
470	170	84	237
470	172	85	236
470	171	85	235
469	171	85	235
469	170	85	235
470	170	85	236
470	170	85	236
469	171	84	235
470	171	85	235
471	170	84	235
470	171	84	235
470	171	85	236
470	171	85	236
470	171	85	235
469	170	85	235
469	170	85	236
470	171	85	236
470	170	85	235
470	169	85	236
470	171	84	236
471	171	84	236
470	171	84	235
471	171	84	236
470	171	84	235
471	171	84	235
471	171	84	235
471	170	83	235
471	170	83	234
472	171	83	235
472	172	82	235
471	171	82	235
471	172	82	235
471	170	82	235
472	169	82	237
471	170	82	237
471	171	82	236
470	171	83	236
470	171	83	236
470	172	84	235
470	171	84	235
471	170	84	235
470	170	84	236
471	171	84	236
471	171	84	236
470	171	84	235
471	173	84	234
470	172	83	233
469	174	82	233
469	173	82	233
470	173	82	233
470	175	81	232
470	184	81	226
470	185	81	223
469	187	82	221
468	193	83	217
470	201	84	212
470	197	85	213
466	193	86	218
462	191	85	223
453	195	88	227
445	197	91	232
438	204	94	236
428	207	96	240
408	205	101	245
372	213	111	243
361	188	109	257
343	199	116	252
318	190	131	248
301	184	146	242
264	173	158	234
227	155	144	238
230	136	131	245
236	136	135	243
282	140	147	242
302	145	156	239
210	127	150	245
227	131	152	246
308	152	160	239
343	151	147	239
348	156	135	237
351	157	125	235
355	163	119	232
356	168	114	227
357	173	111	222
358	174	108	218
359	177	106	215
361	180	105	212
362	181	103	209
362	178	101	209
363	183	100	207
363	177	100	208
364	182	99	206
363	183	99	204
362	181	99	205
362	184	99	204
362	182	100	205
362	184	100	205
362	181	100	206
362	182	100	206
362	185	100	204
362	181	100	205
362	182	100	205
360	181	101	205
363	183	100	204
236	125	98	203
237	130	94	199
242	135	89	195
245	136	84	193
247	136	78	191
248	136	75	189
250	136	71	187
251	140	69	184
253	136	66	185
252	137	65	184
250	137	65	184
251	137	64	185
252	140	64	184
253	139	65	183
254	140	65	182
252	138	64	182
251	137	63	184
251	138	63	185
252	136	63	186
252	139	64	185
253	140	64	184
252	139	64	184
253	138	64	185
252	136	64	186
252	136	64	186
252	136	65	186
252	136	65	187
252	136	65	187
252	136	65	187
252	136	66	187
252	137	66	187
252	137	65	186
252	137	66	186
252	138	66	185
252	140	65	184
252	140	65	183
252	141	65	183
252	141	65	182
252	139	65	183
252	138	65	184
252	139	65	184
252	139	65	184
251	139	65	184
251	139	65	184
251	138	65	184
252	137	65	185
252	137	66	186
252	135	66	188
251	136	66	189
249	139	65	185
248	147	64	180
249	149	64	175
260	200	68	176
243	186	70	181
226	171	73	184
214	159	82	183
237	138	80	185
250	132	72	187
247	135	70	187
249	135	66	188
250	134	64	188
250	134	63	189
251	133	62	189
251	132	62	190
251	134	62	189
251	133	62	189
251	134	62	189
251	134	61	188
252	135	61	188
252	136	61	187
253	136	61	186
253	137	61	186
252	137	61	185
252	137	61	186
252	135	61	187
252	136	61	188
251	137	62	187
252	136	61	186
251	137	61	186
251	137	61	186
251	137	61	185
251	137	61	185
252	138	61	185
251	138	61	184
252	138	60	184
252	138	60	184
253	138	60	184
252	137	60	184
252	137	60	185
252	137	60	185
253	139	60	184
252	138	60	184
253	138	60	184
252	138	60	184
252	137	60	185
252	138	60	185
252	138	60	185
252	138	60	184
252	138	60	185
252	138	60	185
252	137	61	184
252	139	60	185
252	137	60	185
248	136	62	185
252	138	61	185
262	144	59	184
169	154	63	177
172	157	63	172
171	157	69	169
180	153	79	168
243	145	75	172
248	143	69	175
249	141	66	178
250	140	64	181
251	139	62	183
251	138	61	183
252	138	61	184
252	138	60	184
252	139	60	184
252	138	60	184
252	139	60	184
252	139	59	184
253	140	59	183
253	139	59	183
252	139	59	183
253	140	59	183
253	139	60	183
252	139	60	183
253	140	60	183
252	139	60	183
251	139	61	183
252	139	60	182
252	139	60	183
251	140	60	183
252	140	61	181
252	141	60	181
253	141	61	180
252	141	61	180
252	141	61	181
253	140	61	181
253	140	61	182
252	142	61	182
253	141	60	181
252	142	61	181
252	142	61	181
252	143	61	179
252	143	61	178
253	144	61	177
253	145	60	177
253	144	60	177
253	143	60	178
252	144	61	177
254	143	61	177
254	142	62	180
241	153	70	172
171	160	74	168
166	163	73	165
164	175	73	157
246	143	70	164
249	143	67	171
248	141	66	177
248	140	65	180
251	138	64	181
251	139	64	183
251	138	63	183
251	138	62	185
251	137	62	184
252	138	62	185
251	137	62	184
251	138	61	185
252	137	61	186
252	137	61	185
252	138	61	185
252	137	61	185
252	137	61	185
251	136	62	185
251	137	61	186
253	138	61	185
252	138	61	185
253	136	60	185
252	136	61	186
251	136	61	187
252	137	61	187
251	136	62	187
252	136	62	188
251	136	63	188
253	138	62	187
256	138	61	184
305	150	67	181
259	166	75	180
247	139	69	182
249	141	67	182
249	141	65	181
249	140	64	182
250	140	63	182
251	140	63	183
251	139	63	184
250	139	63	184
251	139	63	183
251	140	63	183
250	140	63	183
251	141	63	182
251	143	62	180
251	140	62	181
251	139	62	182
252	142	62	181
252	145	61	179
252	144	61	179
251	142	61	179
251	143	61	179
251	143	62	179
251	144	62	178
251	144	62	178
251	143	63	178
251	142	63	179
251	142	63	179
251	143	63	179
250	142	63	179
251	141	63	181
251	139	63	183
251	139	62	184
250	147	62	180
249	145	63	176
367	149	70	173
383	148	69	170
383	149	68	167
384	150	67	166
384	150	67	166
385	151	67	165
385	150	67	165
385	151	67	165
384	151	67	165
384	151	67	165
385	151	67	165
385	150	67	165
384	155	67	163
384	152	67	163
384	150	67	163
384	150	67	164
384	150	67	164
384	150	67	164
385	150	68	164
384	150	67	165
384	151	67	164
384	151	67	164
385	158	68	163
385	151	67	164
385	150	67	164
385	150	67	164
385	151	66	165
384	150	66	165
385	150	66	165
385	151	66	165
385	153	67	163
385	151	67	164
385	151	67	164
385	150	67	164
385	150	66	164
384	150	66	164
265	144	67	167
272	130	66	179
278	125	65	185
280	123	66	188
284	121	66	191
287	118	66	194
288	117	67	197
290	116	67	200
289	116	68	202
285	120	71	202
282	130	74	198
281	139	77	192
282	139	75	190
279	143	76	188
274	146	78	187
375	144	80	184
379	143	77	181
380	145	74	178
381	145	73	176
382	146	70	173
384	148	68	170
384	148	67	169
384	150	67	167
384	153	67	164
384	151	66	164
385	150	66	164
386	151	65	163
385	151	65	163
385	152	65	162
387	150	65	163
385	154	65	162
386	153	64	162
387	152	64	162
387	151	64	163
385	151	64	163
385	151	65	163
263	127	66	167
267	123	67	177
269	117	68	182
271	113	70	186
378	147	71	179
381	149	70	173
383	147	68	171
384	147	68	169
384	149	67	168
384	150	68	167
384	151	67	165
384	149	67	165
384	154	67	163
382	153	67	163
384	151	66	163
384	151	66	164
384	150	65	165
385	150	65	165
384	149	65	165
385	149	65	166
385	148	65	166
384	150	64	166
384	151	64	165
383	155	65	162
385	153	64	162
387	150	64	163
387	150	64	164
387	151	64	164
387	150	64	164
387	151	64	164
385	155	65	161
384	156	65	160
386	151	64	162
384	151	65	163
385	151	64	164
386	150	64	164
385	150	65	164
385	151	65	164
386	150	65	165
385	149	65	165
385	150	65	165
384	154	65	163
384	154	66	162
385	153	65	163
385	151	65	163
386	150	65	163
386	150	65	164
268	152	65	164
276	149	64	169
283	150	63	171
285	155	62	168
287	157	62	167
287	158	63	164
289	160	63	162
289	156	63	163
290	155	62	165
289	149	62	169
291	146	62	172
289	145	63	175
290	142	62	178
289	140	62	180
288	141	63	181
290	140	63	181
289	139	63	181
289	138	63	181
289	138	62	182
289	138	62	183
290	137	62	184
289	136	62	184
289	137	62	185
289	136	62	184
289	137	63	185
290	137	63	185
289	138	63	184
289	138	63	183
288	140	64	182
291	140	64	181
382	147	66	175
384	153	66	168
383	155	66	164
386	155	67	162
299	153	72	163
283	148	66	169
287	145	63	173
287	144	62	176
288	143	61	178
287	141	60	180
287	139	59	182
287	143	60	181
287	148	62	177
376	144	65	173
383	149	65	170
385	149	65	167
385	149	66	167
291	143	71	170
284	141	71	176
288	142	69	178
288	141	68	180
289	139	67	182
288	138	66	183
288	138	66	184
288	137	67	184
288	137	67	184
288	137	67	184
288	136	67	184
287	136	68	184
288	137	67	184
288	135	67	185
288	136	67	184
288	136	67	184
288	138	67	183
288	138	67	183
287	137	68	183
290	137	67	184
288	136	67	185
287	138	67	184
288	139	67	183
289	142	66	182
288	144	67	180
289	146	67	178
291	147	67	177
295	146	66	178
299	146	67	179
302	148	69	182
303	150	70	185
302	153	72	187
303	162	76	187
324	159	86	186
301	167	93	187
370	147	95	185
371	149	93	186
373	142	87	183
375	145	84	180
376	147	81	176
379	150	78	172
379	149	74	170
381	153	72	167
381	155	70	164
382	157	69	161
382	157	68	159
383	152	67	162
382	149	67	164
383	151	67	164
383	151	67	163
383	150	67	164
383	150	67	164
384	150	67	165
383	150	67	165
383	149	67	166
384	148	67	166
383	154	68	164
383	155	68	161
382	157	67	160
383	156	67	159
384	156	67	159
383	159	67	157
383	162	66	155
383	160	66	155
383	155	66	158
383	151	66	161
384	151	66	163
384	151	66	164
383	150	67	164
383	150	67	164
382	150	67	165
383	150	67	165
383	149	67	166
383	149	67	166
383	151	67	165
382	154	68	163
383	157	67	161
383	158	67	158
383	160	67	157
383	161	67	156
383	162	67	154
383	161	67	154
383	154	66	158
383	151	67	162
383	150	66	164
383	151	66	164
384	151	67	164
384	149	67	165
383	151	67	164
383	150	66	164
384	151	66	164
384	150	66	165
384	152	66	164
383	156	67	161
382	161	68	158
383	163	69	156
383	163	68	154
384	165	68	152
384	165	67	151
386	161	66	153
387	156	65	156
385	154	65	159
385	153	65	160
385	152	65	161
385	152	65	162
385	152	65	162
385	151	65	162
385	150	65	163
385	149	65	165
386	148	65	166
385	152	65	164
385	158	65	160
385	162	66	156
385	163	65	154
384	164	66	152
385	164	65	151
384	165	65	151
385	160	64	153
386	154	63	158
386	152	64	160
384	150	65	162
384	150	65	163
385	149	65	164
385	150	65	165
385	149	65	165
385	147	65	166
386	146	64	167
384	146	66	168
382	148	67	167
382	155	68	163
382	157	68	160
382	158	68	158
381	160	68	157
383	158	68	156
384	158	67	158
384	153	66	160
384	149	66	163
385	147	65	165
384	148	66	166
386	148	65	167
385	147	66	168
385	147	67	168
385	147	67	168
385	148	67	168
385	147	67	168
383	148	68	168
384	149	67	168
382	155	68	165
383	154	68	164
384	156	67	162
383	158	68	160
383	158	68	158
384	154	67	160
385	150	66	163
384	147	67	165
385	147	66	167
385	147	67	167
385	146	67	168
383	148	67	168
385	148	67	168
385	145	66	169
384	146	67	169
385	146	67	170
384	146	67	170
383	148	68	169
383	151	68	167
383	153	68	165
383	155	69	162
383	156	69	160
384	156	68	160
383	157	68	159
383	152	67	161
383	148	67	164
385	148	67	166
385	146	67	168
384	149	67	167
385	148	67	168
385	147	67	168
385	148	67	168
385	147	67	168
384	146	68	169
384	146	68	169
384	148	68	168
383	150	69	166
384	154	69	164
383	155	69	162
384	155	68	161
383	157	68	160
383	157	68	159
384	152	67	161
384	149	67	164
385	146	66	166
384	147	67	167
384	148	67	168
385	147	66	168
386	145	66	169
383	146	67	169
384	148	67	168
386	147	66	169
384	144	67	170
384	147	67	169
383	149	68	168
384	154	68	165
383	156	69	162
383	158	68	160
385	157	68	159
384	158	67	158
384	154	66	159
384	150	67	162
385	147	66	165
384	147	67	166
385	146	66	167
384	149	67	167
385	147	66	168
384	146	67	168
384	148	67	168
385	145	66	169
385	144	67	170
383	147	68	169
384	148	68	168
383	154	69	165
383	155	68	163
