84	53	62	70
86	56	61	68
90	57	60	67
92	57	59	67
93	58	59	66
94	58	58	66
94	58	58	65
93	58	58	65
93	57	58	64
92	57	57	64
91	57	57	64
90	57	57	63
90	57	56	63
88	58	56	63
86	58	56	63
84	59	56	62
84	59	55	63
82	60	55	63
81	60	55	62
80	62	55	62
79	63	56	62
79	64	55	62
78	63	55	62
79	64	56	61
79	63	55	61
81	63	56	61
81	63	55	61
83	63	56	61
84	62	55	61
85	60	55	61
87	60	55	61
89	60	55	62
90	59	54	62
91	60	54	62
91	59	54	62
93	59	54	61
94	60	55	61
95	60	54	61
97	60	54	61
96	59	55	61
97	59	54	61
98	59	54	61
99	59	54	62
100	59	54	62
100	60	54	62
101	60	54	62
101	61	54	61
102	61	54	62
101	60	54	62
102	61	55	62
102	61	55	62
100	61	55	61
101	61	55	61
100	61	55	61
100	62	55	61
100	61	54	61
100	60	54	61
99	60	54	61
99	59	54	62
98	59	54	61
97	60	54	61
96	59	54	61
95	60	54	61
96	60	54	61
94	60	54	61
94	60	54	61
93	60	54	61
92	61	54	61
92	60	54	62
90	60	54	62
90	59	53	62
90	60	53	62
89	61	53	62
89	60	53	62
88	60	53	62
87	60	53	62
87	60	53	62
87	60	53	62
87	60	53	62
87	60	53	62
86	60	53	62
86	60	53	62
85	60	53	62
86	60	53	62
85	59	53	62
86	60	53	62
85	60	53	62
85	60	53	62
85	59	53	62
85	60	54	62
85	59	54	62
85	59	54	61
84	60	54	61
85	59	53	62
83	60	54	62
85	59	54	61
83	60	54	61
84	59	54	62
84	59	54	61
84	60	54	61
84	60	54	61
83	60	54	61
84	60	54	61
85	60	54	61
84	60	54	62
85	60	54	61
85	60	53	61
85	60	53	61
86	60	53	61
86	60	53	61
87	61	54	61
86	61	54	61
87	60	54	61
87	61	54	61
87	61	54	61
88	60	54	62
88	60	54	62
88	60	54	62
89	60	54	62
90	60	54	62
90	60	54	62
89	61	54	62
89	61	54	62
91	61	54	62
90	61	54	62
90	61	54	63
91	60	54	62
90	62	54	63
90	60	55	62
90	61	54	63
89	61	54	62
90	61	54	62
88	61	54	62
88	62	54	61
88	62	54	61
87	62	54	60
87	62	54	60
87	63	53	60
87	62	53	60
87	64	53	60
87	63	53	60
86	63	53	60
86	62	53	60
86	62	53	60
87	62	53	61
87	61	54	61
88	61	54	61
88	61	54	62
88	61	54	63
89	61	54	63
89	61	54	64
90	61	54	64
90	60	54	63
90	59	55	63
89	61	54	63
88	60	55	63
88	60	55	62
88	59	54	62
87	60	54	62
86	60	55	62
87	60	54	62
86	60	54	63
86	59	54	63
85	59	54	63
85	59	54	62
83	59	54	63
83	58	54	63
83	58	54	63
82	58	54	63
82	57	54	63
82	58	54	63
81	58	53	63
81	58	53	63
81	57	53	63
81	57	53	63
80	58	53	63
80	58	53	63
81	57	53	63
80	57	54	63
80	58	54	63
81	58	54	62
82	58	54	62
82	58	54	62
83	58	55	62
84	58	55	62
85	58	55	62
86	58	55	62
87	59	55	62
89	59	55	62
90	60	55	62
92	59	55	62
94	60	55	62
94	60	56	62
95	60	56	63
97	60	56	63
97	60	56	63
97	59	56	63
97	59	56	63
98	59	56	63
98	59	56	63
97	59	57	63
96	59	57	63
95	58	57	64
93	58	57	64
93	57	58	65
91	57	58	65
90	57	58	66
89	57	58	67
86	55	58	67
85	55	57	67
83	54	58	67
80	55	58	66
79	56	58	66
78	56	58	66
77	56	58	67
77	56	59	67
76	54	59	67
75	55	59	68
76	54	59	68
75	53	59	68
76	53	59	69
76	52	59	69
76	52	60	69
77	51	59	69
78	51	59	69
80	50	60	69
80	50	60	68
82	50	60	68
85	50	60	69
87	50	60	69
89	51	60	69
92	50	61	69
95	50	61	69
99	51	61	68
103	51	62	68
108	51	62	68
113	52	62	69
119	52	62	69
125	51	62	70
131	51	62	69
137	50	62	69
143	50	62	69
148	50	62	68
153	50	63	68
158	49	63	68
164	49	62	67
168	49	62	67
172	49	62	66
175	50	62	66
178	49	62	66
181	49	62	65
183	49	62	65
186	49	62	65
188	50	62	65
188	50	62	65
189	49	62	65
190	49	62	65
191	50	62	64
189	51	62	65
190	51	62	64
189	50	62	65
188	51	62	65
187	51	62	65
186	51	61	65
183	50	62	63
181	53	62	64
179	52	61	64
177	52	61	64
174	52	61	64
170	53	61	64
167	54	61	65
163	53	61	66
160	54	60	67
156	54	60	67
151	54	60	68
146	53	60	68
142	53	60	68
137	54	59	68
131	53	59	68
127	54	59	68
122	54	59	67
117	54	59	67
113	54	59	67
108	55	59	67
105	55	58	67
101	56	58	67
98	57	58	66
95	57	58	66
94	57	58	66
91	57	58	66
89	57	57	66
87	57	57	66
86	57	57	65
84	57	57	66
84	57	56	66
83	56	56	66
82	56	56	66
82	56	56	66
82	57	56	66
82	56	56	66
82	56	56	66
83	56	56	66
83	56	56	66
84	56	56	66
86	56	56	66
88	56	56	66
89	57	56	66
91	56	56	65
94	57	56	65
96	58	57	65
99	58	57	64
102	58	57	64
105	59	57	64
109	58	57	64
113	59	56	64
118	59	57	64
123	59	56	64
127	59	56	64
132	59	56	63
136	59	56	63
141	60	56	63
146	59	56	63
151	60	56	62
155	60	56	62
161	60	55	62
165	60	55	62
169	61	54	62
174	61	54	61
177	62	54	61
181	61	55	60
184	62	55	59
188	62	55	59
191	62	55	59
194	63	55	58
196	62	55	58
199	63	55	58
201	63	55	58
202	62	55	58
204	64	55	57
205	63	56	57
205	63	56	57
206	63	56	57
206	63	56	57
206	63	56	57
206	62	57	58
204	63	56	57
204	62	57	58
203	62	56	58
203	62	57	58
201	61	57	58
200	61	57	59
199	61	57	59
197	61	57	59
195	60	57	59
193	59	57	59
191	60	57	59
189	59	57	60
187	59	57	60
184	58	57	60
182	59	57	61
179	57	57	61
176	57	57	62
173	57	57	62
171	56	57	63
167	57	57	63
166	56	57	63
163	55	57	64
160	54	57	64
158	55	57	64
154	53	57	65
152	54	57	65
149	54	58	65
147	53	58	65
143	53	59	65
142	53	58	65
140	52	58	65
139	53	58	65
138	53	58	64
136	53	58	64
135	54	58	65
134	53	58	65
134	52	58	65
133	53	58	66
132	53	58	67
131	51	58	67
132	53	58	66
132	53	58	66
132	53	58	65
133	52	58	65
132	53	58	65
133	53	58	65
134	52	59	65
135	52	59	65
136	54	59	65
138	52	58	66
139	53	59	66
142	52	59	66
144	51	59	66
147	51	59	66
149	50	60	66
152	50	60	67
155	48	60	67
159	48	60	67
163	48	60	68
167	48	59	69
171	47	59	69
175	46	60	70
178	47	60	69
182	46	60	69
185	46	61	69
190	46	61	69
192	46	62	69
196	45	62	69
200	46	62	69
203	46	62	69
206	46	63	69
210	46	63	69
212	45	63	69
214	46	64	69
217	46	64	69
219	45	64	70
222	45	64	70
224	46	65	70
224	45	65	70
226	45	65	70
227	45	65	69
227	45	66	69
227	45	66	69
226	45	66	69
227	45	66	70
226	46	67	70
225	46	67	70
224	45	67	70
222	45	67	71
220	45	67	71
219	44	67	71
216	44	67	72
214	43	67	73
211	43	67	73
207	42	68	73
203	42	68	73
200	42	68	73
197	41	68	73
193	41	68	73
189	41	68	73
184	40	68	73
180	40	68	73
176	39	68	74
172	40	68	74
167	39	68	75
164	39	68	75
160	40	68	75
156	40	68	75
151	40	68	75
148	39	69	75
144	40	69	75
142	40	68	75
139	40	68	75
136	41	68	75
134	41	68	75
132	41	67	75
131	41	66	75
129	41	66	75
129	42	66	75
128	42	65	75
129	42	65	75
128	43	65	75
129	44	65	75
129	44	65	75
129	45	64	75
130	45	65	75
131	46	64	74
133	47	64	74
133	48	64	73
136	48	64	73
138	48	64	73
140	48	64	72
141	49	64	72
143	49	63	72
146	51	63	72
146	52	62	72
149	53	62	72
149	54	62	71
151	53	61	71
151	55	61	70
152	56	61	70
153	57	60	69
154	58	60	69
154	58	60	68
155	58	60	68
155	58	59	68
155	58	59	68
155	59	59	67
154	58	58	66
154	59	58	66
153	58	58	65
152	58	58	65
151	59	58	65
149	59	58	64
148	59	58	64
146	59	58	64
145	60	58	63
142	59	58	63
139	60	58	63
138	60	57	62
135	60	57	62
133	60	57	62
129	60	57	61
126	62	57	61
124	61	57	61
120	62	57	60
116	63	57	60
114	64	56	60
111	64	56	60
108	65	56	60
106	66	55	59
104	66	55	60
101	66	55	59
99	68	55	59
97	68	54	59
95	66	54	59
93	67	54	58
92	68	54	58
92	67	53	58
91	68	53	58
89	68	53	58
90	67	52	58
89	68	52	58
88	68	51	58
88	67	51	58
89	67	51	58
88	67	51	58
89	67	51	58
89	67	51	58
89	67	51	58
90	66	50	58
91	66	51	58
91	66	51	57
92	66	51	57
93	66	51	57
94	66	51	57
96	66	51	57
97	65	51	57
98	65	51	57
100	66	51	56
102	66	51	57
104	65	51	57
106	65	50	57
109	65	50	57
110	65	50	57
113	64	50	57
115	64	50	57
117	64	50	57
120	65	50	57
122	64	50	57
124	65	50	57
127	65	50	57
129	65	50	56
132	65	50	56
135	66	50	56
137	65	50	56
139	66	50	56
141	67	50	56
144	67	50	56
146	68	50	56
148	67	50	56
149	67	50	56
150	67	50	56
152	67	50	56
153	67	50	56
153	67	50	56
155	67	50	56
156	67	50	57
156	67	50	57
156	66	50	57
156	67	50	58
155	66	50	58
155	66	50	58
155	66	51	59
154	66	51	59
153	66	51	59
151	66	51	59
150	65	51	59
150	65	51	59
148	64	51	60
147	64	52	60
145	63	52	60
144	62	52	61
143	61	53	61
141	61	53	61
139	60	53	62
137	60	53	62
136	60	54	62
135	60	54	63
133	60	54	63
131	59	54	63
131	59	54	63
129	60	55	63
128	59	55	63
127	59	55	63
126	58	55	64
125	59	55	64
125	58	56	64
125	58	56	64
124	58	56	65
125	58	56	65
125	58	56	65
125	58	56	65
126	59	57	65
126	58	57	65
128	58	57	65
129	58	57	65
130	58	57	64
132	59	57	65
134	58	57	65
136	58	57	65
138	57	57	65
140	57	58	65
142	56	58	65
145	56	58	65
147	56	59	66
150	54	59	65
153	54	59	66
157	54	60	66
160	53	60	66
164	52	59	66
167	52	59	66
170	52	59	67
174	52	59	67
177	51	60	67
180	51	60	67
183	50	60	68
186	50	60	68
189	50	61	68
192	50	61	68
194	50	61	68
197	50	61	69
200	50	61	69
202	50	61	69
204	51	61	69
206	50	61	69
208	51	61	69
211	50	61	69
213	50	61	70
213	50	61	70
214	50	61	70
214	50	62	69
215	50	61	69
216	50	61	69
215	50	62	69
215	50	62	69
215	50	62	69
214	50	62	69
213	50	62	69
213	50	63	68
212	49	63	69
211	49	63	69
211	49	63	69
209	49	63	69
207	49	63	69
205	48	63	70
203	47	63	70
201	47	63	70
199	47	63	70
196	46	63	70
193	45	63	70
190	46	63	70
186	45	63	70
183	44	64	70
179	43	64	70
176	43	64	70
172	43	64	71
168	42	65	71
164	42	65	71
160	42	65	71
157	42	65	71
153	41	65	71
149	41	66	71
145	41	66	71
142	41	66	71
138	41	66	71
135	41	66	72
131	41	66	72
129	41	66	72
127	41	66	72
123	42	66	72
121	41	66	72
120	41	65	72
117	41	65	73
117	41	65	73
113	42	65	73
113	41	65	73
111	41	65	73
109	41	65	73
108	42	65	73
108	41	65	73
107	41	65	72
108	42	65	72
107	41	65	72
106	41	65	72
108	41	65	72
108	42	65	72
109	42	64	72
111	41	64	72
112	41	64	71
112	41	64	71
113	40	64	70
115	42	63	70
117	42	63	70
118	41	64	69
118	43	64	69
120	43	64	69
122	45	64	69
122	44	64	69
124	44	63	69
126	45	63	69
127	45	63	69
128	46	62	69
129	48	62	68
130	48	62	68
130	49	63	67
131	48	62	67
132	50	62	66
132	49	62	67
132	50	62	66
132	50	62	67
132	49	62	66
132	50	62	66
132	50	62	66
129	49	62	66
131	50	61	65
127	50	62	65
126	49	62	65
124	49	62	65
123	51	61	64
120	50	61	64
117	50	61	64
113	51	61	63
110	52	61	63
106	52	62	63
101	52	62	62
97	52	62	62
94	54	61	62
89	53	61	62
86	55	61	61
81	54	60	61
78	54	60	61
75	55	60	60
69	55	59	60
66	55	59	61
62	56	59	60
58	56	58	61
57	57	57	61
56	56	57	61
53	56	57	61
53	57	56	61
51	57	56	61
50	57	55	61
50	57	55	61
50	57	55	62
49	57	55	61
50	56	55	61
51	57	55	61
51	58	54	61
52	57	54	61
53	58	54	61
54	57	54	61
55	57	54	61
58	58	54	61
60	58	54	61
62	57	54	61
64	58	54	61
66	58	54	60
70	58	54	60
72	59	54	60
75	60	55	59
78	61	55	59
82	61	55	59
86	62	55	58
89	62	55	58
93	64	54	58
96	63	54	57
100	64	54	57
103	65	54	57
106	66	54	57
110	65	53	57
113	66	53	57
115	66	53	57
117	68	52	57
120	67	52	57
122	68	52	57
123	68	52	57
125	68	52	57
125	68	51	56
126	69	51	56
127	68	51	56
128	68	51	56
129	70	51	56
128	69	51	55
128	70	51	55
128	71	51	55
128	70	51	55
128	71	50	55
127	71	50	55
126	70	50	54
126	71	50	54
125	72	50	54
124	72	50	54
124	72	50	54
124	72	50	54
124	73	50	54
123	73	50	54
123	74	50	53
124	75	50	53
124	75	49	53
125	75	49	53
125	75	49	53
126	75	49	53
126	76	49	53
128	76	49	53
129	75	49	53
130	74	50	53
132	75	50	53
133	75	50	53
135	74	50	53
137	75	50	53
140	74	50	53
143	73	50	53
145	73	50	53
148	73	50	54
151	72	50	54
155	73	50	54
159	72	50	54
163	72	50	54
167	72	50	54
170	72	50	54
173	71	50	55
177	72	50	54
180	71	51	55
183	72	51	55
187	72	51	55
189	72	50	55
192	72	50	55
194	72	50	55
197	72	50	55
200	72	50	55
201	72	50	55
203	71	50	55
204	72	50	55
206	72	50	56
206	71	50	56
207	72	50	56
208	72	51	56
208	72	51	57
208	72	51	57
208	71	51	57
208	71	51	57
208	71	51	57
207	71	51	58
205	71	51	58
205	70	52	58
203	70	52	59
201	69	52	60
199	68	52	60
197	68	53	60
196	67	53	60
192	66	53	60
190	66	53	60
188	65	54	61
185	65	54	61
182	64	54	61
179	63	54	61
176	62	55	61
173	60	55	61
170	61	55	62
167	60	55	62
164	60	56	62
162	60	56	62
159	60	56	63
157	60	56	63
154	60	57	63
153	59	57	64
151	60	57	64
149	59	57	64
147	59	58	64
146	59	58	65
145	59	58	64
144	59	58	64
144	59	58	65
143	58	59	65
144	59	59	65
144	59	59	65
144	58	59	66
144	59	60	66
144	58	59	66
146	57	59	67
146	59	60	67
147	57	60	67
148	56	60	68
149	56	61	68
150	55	62	68
151	54	62	69
153	53	62	70
154	52	62	70
156	52	62	71
157	51	63	71
159	50	63	72
162	49	63	72
163	48	64	72
164	47	64	73
166	46	64	73
168	45	65	73
170	45	65	74
172	44	65	74
173	45	66	75
174	44	66	75
175	44	66	76
177	43	66	76
178	42	67	76
179	42	67	77
181	42	67	77
181	41	67	77
181	41	68	77
182	41	68	78
181	40	68	78
182	40	69	78
181	40	69	78
180	39	69	79
180	38	69	80
178	39	70	80
177	38	70	80
175	38	70	81
173	38	70	81
170	38	71	81
167	38	72	81
164	37	72	81
160	38	73	82
157	36	73	83
152	35	74	83
147	35	75	82
142	35	75	83
138	35	75	83
135	35	75	83
132	35	75	84
128	35	75	84
124	35	75	85
122	33	75	85
118	33	75	85
116	33	75	85
114	34	75	84
112	34	75	83
111	35	75	83
110	34	75	83
108	35	74	83
107	36	74	83
106	36	74	83
108	36	74	83
107	38	73	82
109	39	72	82
110	40	72	82
111	41	71	81
111	43	70	81
114	44	70	80
114	46	69	80
116	47	69	80
118	48	68	79
118	49	68	78
118	49	67	78
119	50	66	77
119	50	66	77
119	49	66	76
120	50	65	75
120	50	65	75
119	51	64	74
119	50	64	73
118	50	64	73
117	50	63	72
116	50	63	72
114	51	63	71
112	51	63	71
111	51	62	70
110	53	62	70
107	53	62	70
105	54	62	70
104	55	61	69
101	56	61	69
99	56	61	69
97	56	61	69
94	56	61	68
91	58	61	68
89	58	60	68
86	58	60	68
84	60	60	68
82	60	59	68
79	60	59	67
77	61	59	67
76	61	59	66
74	61	58	66
72	63	58	65
71	61	57	65
71	62	57	65
70	62	56	65
69	62	56	65
69	62	56	65
69	62	56	65
68	62	56	64
68	62	55	64
69	60	55	64
69	61	55	64
70	61	55	64
71	60	55	64
71	61	55	64
73	61	55	63
75	61	55	62
76	61	55	62
79	62	55	62
82	62	55	61
85	62	56	61
88	63	55	61
91	63	56	61
95	63	56	60
98	63	56	61
102	64	56	60
106	64	56	60
110	63	56	60
115	64	55	60
119	64	55	60
123	64	55	60
127	64	55	60
131	64	55	60
135	65	54	60
139	66	54	60
142	66	54	60
146	66	54	59
149	66	53	59
151	67	53	60
154	67	53	59
157	67	53	59
159	67	52	59
162	67	52	59
164	67	52	59
166	67	52	59
168	67	52	59
170	67	52	59
171	68	52	59
172	67	52	59
173	67	52	59
174	68	52	59
175	68	52	59
176	68	52	59
177	68	52	59
177	68	52	60
178	68	52	60
178	68	53	59
179	68	53	60
179	68	53	60
179	68	53	60
179	68	53	60
179	67	53	60
179	67	53	61
179	67	53	61
178	66	53	61
179	66	54	60
177	66	54	61
177	65	54	61
176	64	54	61
174	64	54	61
173	62	54	61
172	61	55	61
169	61	55	61
169	61	55	62
167	60	55	62
166	59	55	62
164	58	56	63
162	58	56	63
161	57	56	63
161	57	56	63
160	57	57	64
159	57	56	64
157	56	57	64
157	56	57	65
157	55	57	65
156	57	57	65
154	55	58	65
154	56	58	65
154	55	58	66
154	55	58	65
154	55	59	65
155	55	59	65
155	54	59	65
155	55	60	65
157	55	60	64
157	55	60	64
159	55	60	65
160	54	60	65
162	54	60	65
163	54	60	65
165	52	61	66
167	52	61	66
170	52	61	66
171	51	61	67
173	49	62	67
176	48	62	67
178	48	62	67
180	47	63	67
183	46	63	68
185	45	64	68
188	44	64	69
191	43	64	69
194	42	65	70
195	42	65	70
198	41	65	71
201	42	65	71
202	41	66	71
204	40	66	71
205	41	67	71
208	40	67	71
209	40	67	71
209	39	68	71
210	39	68	71
211	39	69	72
210	39	69	72
210	39	70	72
208	38	70	72
209	39	70	72
206	39	70	72
206	40	69	72
205	40	69	72
204	41	68	72
202	42	68	72
199	41	68	72
197	42	68	72
195	42	67	72
192	43	67	72
187	42	68	72
183	43	69	72
179	43	69	72
174	43	69	72
169	43	69	72
167	43	69	73
163	43	68	74
157	43	68	74
151	43	69	75
147	42	69	75
142	41	69	76
137	41	70	76
133	40	69	76
129	41	69	77
125	40	68	77
122	41	67	78
117	42	67	79
113	43	67	79
108	44	67	79
104	47	68	79
101	46	67	79
99	49	67	80
97	50	66	81
95	51	66	82
92	52	65	82
91	52	66	83
90	53	65	84
88	53	65	84
87	52	65	84
86	52	65	85
87	51	65	85
85	52	65	85
85	51	65	84
85	50	65	83
86	51	65	82
86	53	65	82
87	52	65	81
88	56	65	79
88	54	66	77
89	58	66	75
90	57	66	73
92	60	65	71
92	62	65	70
94	61	64	69
96	63	64	68
96	64	63	66
96	63	63	64
98	64	62	63
97	64	62	62
98	66	61	62
98	63	61	61
99	64	60	60
99	65	60	60
96	64	60	60
97	64	59	60
97	64	59	59
95	64	59	59
94	63	59	59
92	64	59	58
90	64	59	59
89	65	58	58
85	65	59	58
83	65	59	58
80	65	59	57
77	65	58	57
74	66	59	57
70	66	59	56
67	66	58	56
65	67	57	56
61	67	57	56
58	68	56	56
57	69	55	56
54	69	54	56
53	71	54	56
51	70	54	56
49	71	53	56
49	71	52	56
47	70	52	56
48	71	52	55
48	70	52	55
48	70	51	55
48	70	51	55
49	70	51	55
50	70	51	55
51	69	51	55
52	68	50	56
54	68	50	56
55	67	50	56
58	67	50	56
60	67	49	56
63	67	49	56
66	67	49	57
69	68	49	56
73	68	49	56
76	68	50	56
81	68	50	55
86	69	51	55
90	68	51	54
96	71	51	54
100	70	51	54
105	70	51	54
110	70	50	54
114	70	50	54
118	70	50	54
122	71	49	54
126	72	49	54
129	72	49	54
132	71	49	54
134	70	48	54
136	70	48	54
139	71	48	54
141	71	48	54
142	72	47	54
142	72	47	54
143	72	48	54
143	72	48	54
144	71	48	54
143	71	48	54
143	71	48	54
141	72	48	54
139	71	49	54
138	71	49	54
136	71	49	54
133	71	49	54
131	70	49	54
128	70	50	54
124	69	50	55
120	69	51	55
117	68	51	55
112	67	51	56
109	67	52	56
105	65	52	56
100	65	53	56
95	64	53	57
90	63	53	57
86	63	54	57
81	61	53	58
78	62	54	58
73	61	54	58
69	60	54	58
67	60	53	58
63	60	53	58
60	58	53	59
57	59	53	59
55	58	52	59
52	58	53	59
50	58	52	58
50	58	52	58
47	58	53	58
47	58	53	58
46	58	53	59
47	58	53	59
46	58	53	59
46	58	53	60
47	58	53	60
46	58	53	60
48	58	53	61
49	57	54	61
50	57	54	61
51	57	54	62
53	57	55	62
55	56	55	62
58	55	55	62
61	55	56	62
63	54	56	62
65	53	57	62
68	53	58	63
71	52	57	63
75	51	58	63
78	51	58	63
81	50	59	63
84	50	59	64
88	49	59	64
91	50	59	64
95	49	59	64
97	49	60	65
100	49	60	65
104	49	60	65
106	50	61	65
109	49	61	65
113	49	61	65
114	49	61	65
116	49	61	66
120	50	61	66
120	49	62	65
122	49	62	66
123	49	63	66
124	49	63	67
123	49	64	67
125	48	64	68
125	48	63	69
126	48	63	70
126	48	63	70
126	47	62	71
126	46	62	71
126	46	62	71
125	46	61	72
125	45	61	72
124	44	60	73
124	44	60	73
123	44	60	74
122	44	59	74
122	43	60	75
121	43	60	75
121	43	60	75
119	43	59	75
119	43	59	76
118	43	59	76
118	43	59	76
118	43	59	76
119	42	59	76
118	41	59	77
119	42	60	76
119	41	60	77
121	40	61	77
121	40	61	77
123	40	62	78
124	38	63	78
125	38	64	78
128	39	64	77
131	38	66	78
133	39	66	78
135	38	68	78
139	39	69	77
143	39	69	77
146	40	70	77
151	40	70	77
155	41	70	77
161	40	70	77
165	39	69	77
170	38	69	76
174	39	70	75
177	40	70	74
178	42	70	73
180	41	69	73
183	42	69	73
184	43	67	74
186	43	65	74
188	42	64	75
189	42	62	75
190	40	60	76
192	40	58	76
193	39	56	77
194	40	55	77
195	41	54	77
195	41	54	76
195	41	53	77
196	43	52	77
196	43	52	76
196	43	51	77
196	44	50	76
197	46	50	76
196	46	50	75
197	47	49	75
198	48	49	75
198	50	48	74
197	52	48	73
198	53	49	72
198	57	49	71
199	58	49	70
199	58	50	69
199	58	49	69
200	59	49	68
201	58	49	68
202	58	48	67
204	59	48	67
205	59	48	67
207	60	48	66
209	60	47	66
210	59	46	66
213	60	46	66
215	61	45	67
216	62	44	67
219	62	44	67
223	63	45	66
223	63	44	66
226	62	43	66
228	64	43	66
229	64	42	66
230	65	42	66
231	67	42	66
232	68	42	65
232	68	42	64
231	69	42	63
232	70	43	62
230	70	43	62
228	70	43	61
226	70	42	62
225	70	42	61
222	71	42	61
219	71	42	61
216	71	42	61
212	71	42	61
208	72	42	61
204	71	43	61
200	71	43	62
194	72	44	62
189	72	44	62
184	71	45	62
178	71	45	62
174	71	46	62
168	71	47	62
164	70	47	62
160	68	48	62
154	67	48	63
151	67	48	63
147	66	49	63
142	67	49	63
138	67	49	63
135	66	49	62
131	67	48	62
129	66	48	62
125	67	48	62
121	66	49	61
118	66	49	61
115	65	48	61
113	66	48	61
110	66	48	61
108	66	48	61
106	63	48	62
105	63	48	62
102	62	48	62
100	62	48	62
98	61	49	62
96	60	49	62
94	60	49	62
92	60	50	62
91	60	50	63
88	60	50	63
86	58	50	63
84	57	50	64
83	56	51	64
80	54	51	65
78	54	51	65
75	54	51	66
72	53	51	66
70	52	50	66
68	51	51	66
66	52	51	66
63	52	52	65
59	51	52	65
58	53	53	65
56	53	53	65
54	53	53	65
51	54	53	65
49	56	53	64
45	56	53	64
42	59	52	63
40	60	52	63
37	61	51	63
35	62	50	62
33	63	50	62
31	64	50	62
29	65	50	62
26	65	49	61
24	65	49	61
