197	87	38	18
198	88	37	18
198	87	36	18
197	88	36	18
197	87	36	18
198	88	36	18
200	86	35	18
199	87	36	18
199	87	36	18
200	87	36	18
198	87	37	19
197	87	37	19
196	87	38	18
196	87	39	18
196	87	39	18
196	87	38	18
196	87	37	18
195	87	37	18
195	87	36	18
195	87	36	18
193	87	37	18
193	86	37	18
194	87	37	18
193	88	37	18
193	87	36	19
194	87	35	19
193	87	35	20
193	86	35	20
192	87	35	20
192	87	36	20
192	87	36	19
193	88	37	19
193	86	37	19
193	87	36	19
193	86	36	19
194	86	35	19
194	85	35	19
193	86	35	20
193	86	34	20
193	87	35	20
192	87	36	20
191	86	36	20
190	87	37	19
190	86	37	19
190	85	36	19
192	85	37	20
191	86	37	19
190	87	37	19
190	87	37	19
189	88	37	19
188	87	37	19
188	87	37	20
187	87	37	20
187	87	37	20
187	88	37	19
186	89	37	19
186	88	37	19
187	89	37	19
188	89	36	19
187	89	36	19
187	89	35	19
187	89	35	19
185	88	36	19
185	89	36	19
184	90	36	18
184	89	36	18
184	90	37	18
184	90	37	18
182	90	38	18
182	92	39	18
182	91	38	18
183	91	39	18
182	90	38	18
183	90	37	18
182	90	38	19
183	89	37	19
183	89	38	19
182	89	38	19
182	91	39	19
183	90	38	20
183	91	38	20
184	91	37	20
185	92	38	20
184	93	39	20
184	94	39	20
183	94	39	20
183	94	39	20
183	94	39	19
183	94	39	19
183	94	38	19
183	94	38	19
185	94	37	19
187	93	37	19
187	93	37	19
187	94	37	20
188	93	37	19
187	93	38	20
185	94	38	20
185	94	39	20
185	94	39	19
185	95	39	19
187	95	39	19
185	95	39	19
185	94	39	19
186	93	37	20
188	92	37	20
186	91	37	20
187	91	38	20
185	91	38	20
186	90	38	20
186	90	38	20
186	90	38	20
186	90	38	21
186	89	38	21
186	89	38	21
186	89	38	20
187	90	39	20
186	90	38	20
187	89	39	20
185	89	39	20
185	89	38	20
186	88	39	20
186	90	38	20
186	89	38	20
184	91	38	20
185	90	38	20
185	90	37	20
184	92	37	20
184	91	37	20
184	92	38	20
183	93	38	19
184	92	38	19
184	93	38	19
183	92	38	19
182	91	39	19
181	92	40	19
181	91	40	19
182	90	39	19
182	91	38	19
183	90	39	19
183	89	39	19
184	89	38	19
184	90	39	19
185	90	39	19
184	90	39	20
181	90	40	20
182	89	40	20
182	89	40	19
182	88	39	19
184	88	39	20
184	88	39	19
183	89	39	19
182	88	39	20
181	89	39	20
182	89	40	20
182	88	40	20
182	88	39	20
181	88	39	20
181	87	40	20
181	87	40	20
182	88	40	19
181	88	40	19
179	88	41	19
180	88	41	19
179	86	41	20
180	87	40	20
180	87	40	20
181	86	39	20
181	87	39	20
182	86	40	20
184	87	40	20
184	86	40	20
185	88	39	20
185	86	39	20
187	87	39	20
187	86	38	20
187	87	38	19
185	88	39	19
186	86	40	19
186	87	39	19
186	86	39	19
186	85	39	18
185	86	40	18
186	86	40	19
185	86	40	19
185	85	41	19
187	86	40	20
187	86	40	20
188	86	40	20
187	86	40	20
187	86	40	20
187	87	40	20
188	87	41	20
186	86	41	19
188	86	40	19
189	86	39	19
189	85	39	19
189	85	40	19
188	85	41	19
189	84	41	20
189	85	40	20
189	85	40	20
188	83	39	20
189	84	39	21
188	84	38	21
188	85	39	21
189	84	40	21
187	85	40	20
187	85	41	20
187	85	40	20
187	84	40	20
188	85	39	21
188	84	39	21
187	84	39	21
186	84	39	21
187	84	39	21
185	83	39	21
185	83	40	21
185	83	40	21
185	83	41	21
184	82	41	21
185	82	41	21
186	81	41	21
186	83	41	21
186	82	40	21
187	81	40	21
186	81	40	21
187	80	40	21
187	81	41	21
186	81	42	22
185	82	41	22
187	82	42	21
188	84	41	21
189	83	41	21
189	83	41	22
189	82	43	21
188	83	44	21
189	82	43	21
189	81	44	21
189	81	44	22
190	80	44	21
190	81	44	21
191	80	45	21
192	81	45	20
193	81	45	20
192	81	46	20
192	81	46	21
191	82	46	21
191	83	46	21
190	83	45	21
190	83	45	21
188	83	46	21
188	82	46	21
186	83	46	21
186	84	46	22
187	83	46	21
187	84	47	21
187	83	47	21
190	83	47	21
191	83	47	22
191	83	47	22
193	83	47	22
193	82	47	22
195	82	47	23
196	80	46	23
198	80	46	23
199	79	47	23
199	78	48	22
201	78	49	23
202	76	49	23
204	76	49	22
205	76	49	23
206	76	49	23
206	76	50	23
206	75	49	23
207	76	49	23
206	76	49	23
206	76	50	23
207	77	50	24
206	77	49	23
208	78	49	23
207	78	49	23
206	78	49	23
206	78	50	22
205	79	50	22
206	78	50	22
204	79	51	22
204	78	51	22
205	75	51	23
204	76	51	23
203	76	52	23
203	76	52	23
202	76	53	23
201	76	53	23
202	76	53	24
201	75	52	25
201	76	52	25
200	76	52	25
199	76	52	25
200	76	52	25
199	77	51	24
200	77	51	24
199	76	51	24
200	76	51	24
198	76	52	23
200	75	52	23
198	75	51	23
199	75	51	23
199	75	52	23
199	75	52	23
200	75	52	23
199	76	52	23
199	76	52	23
201	75	51	23
200	75	52	23
202	75	51	23
201	74	52	23
200	73	52	25
200	73	53	25
199	72	54	25
200	73	55	25
201	72	55	25
202	72	54	25
202	73	54	25
202	73	54	25
202	74	54	25
201	75	53	25
203	75	54	25
202	75	54	25
202	75	55	25
200	74	56	26
199	75	55	26
199	74	56	26
199	75	56	26
200	75	56	25
200	75	55	25
201	74	56	25
201	75	55	25
201	75	55	25
200	75	55	25
199	76	56	25
200	76	56	25
198	77	56	26
198	76	57	26
199	76	57	26
199	76	57	26
198	77	57	26
198	76	57	26
197	76	57	25
196	76	57	26
195	74	57	26
194	74	57	26
193	74	58	26
193	74	59	26
192	73	59	26
193	74	58	27
192	74	57	27
193	74	56	26
193	75	56	27
191	75	57	26
192	75	57	26
189	75	57	27
188	75	57	27
188	76	57	27
189	76	57	27
187	77	57	28
187	76	58	27
187	77	58	27
186	78	58	26
186	79	59	26
186	79	58	26
187	80	58	26
185	81	59	26
185	81	59	26
186	81	60	27
186	80	60	27
184	80	60	27
184	80	60	27
184	81	60	27
182	83	60	28
181	82	60	28
182	83	60	28
181	83	61	28
181	85	62	28
180	84	62	28
180	86	63	28
179	85	63	28
178	85	63	28
178	86	64	29
178	85	64	28
178	85	63	28
178	85	63	28
178	85	64	28
179	86	64	28
178	86	64	29
180	85	64	29
182	85	64	29
183	87	64	30
182	87	65	29
183	87	65	29
183	86	65	29
185	86	64	29
185	86	64	29
186	85	64	29
186	84	64	30
187	82	65	30
188	82	64	30
188	82	65	30
187	81	65	30
187	81	65	30
186	82	65	30
185	82	66	31
184	82	67	31
184	83	68	31
186	81	68	31
186	82	68	31
185	82	69	31
184	81	70	30
185	82	70	30
185	80	70	31
185	79	70	30
184	80	70	30
183	79	69	30
184	79	69	31
185	79	69	30
186	80	69	31
186	81	70	32
186	82	70	32
185	83	71	32
186	83	71	32
185	84	71	32
183	83	72	32
184	83	72	32
183	83	72	32
181	83	73	32
181	83	72	32
178	83	73	33
179	82	73	33
178	82	73	33
177	82	73	32
177	83	72	33
174	82	73	33
177	83	71	34
174	80	72	34
175	80	72	34
174	81	72	34
173	78	72	34
174	78	72	34
175	79	72	34
176	79	72	34
175	79	73	33
175	80	74	33
176	80	75	33
177	81	75	33
178	81	75	33
178	81	75	33
181	81	73	34
184	81	71	35
182	81	72	35
183	82	72	35
179	81	73	35
182	80	74	34
185	80	73	35
183	80	73	34
180	80	76	34
180	79	76	34
181	79	75	35
179	78	77	36
177	78	77	36
177	77	78	36
177	76	78	36
176	76	78	37
175	75	78	38
176	75	78	38
176	75	79	38
174	75	78	39
174	75	78	38
172	76	78	37
173	75	78	37
172	75	79	37
171	76	79	37
170	77	80	37
168	76	80	36
167	75	81	36
167	75	81	37
167	75	81	37
167	75	81	36
166	75	81	37
165	75	80	37
166	73	79	37
167	73	79	37
168	73	79	37
170	72	78	37
169	72	78	37
171	72	77	38
174	72	77	38
175	72	76	38
175	72	77	38
175	70	77	37
177	71	77	37
176	70	76	37
174	71	76	36
173	71	76	36
170	72	77	36
171	71	76	36
170	73	75	36
168	73	75	36
169	73	74	36
167	72	75	36
167	73	75	36
167	72	75	35
165	73	76	35
166	70	75	36
165	70	76	36
166	71	76	36
166	71	77	37
165	71	77	37
165	71	77	37
165	71	77	37
167	70	77	37
166	71	77	37
165	72	77	36
166	71	76	36
166	72	76	36
166	72	76	36
168	72	76	35
168	71	76	36
170	69	76	36
170	69	75	36
171	68	75	36
171	69	74	37
171	68	73	37
170	67	73	37
171	67	73	37
171	66	73	37
171	66	73	37
172	64	74	37
174	65	74	37
174	65	75	36
174	65	75	36
172	64	74	35
174	62	74	35
174	63	75	35
172	63	75	34
173	62	75	34
174	63	75	34
173	64	76	34
173	65	76	34
174	64	76	34
173	64	76	34
175	62	76	34
177	63	76	35
178	62	75	35
179	62	75	35
181	62	75	35
181	62	74	35
182	63	74	35
181	64	74	34
182	65	73	34
182	64	74	34
182	65	74	34
183	67	73	34
181	67	74	34
182	69	75	34
181	68	76	34
182	67	76	35
182	68	75	35
180	67	76	34
179	67	76	35
181	66	74	35
178	66	74	35
180	67	74	35
179	67	74	35
179	67	73	36
181	67	73	36
179	68	73	36
180	68	73	36
179	69	73	36
179	70	73	36
178	68	72	36
178	70	72	37
177	69	72	37
178	67	71	37
177	67	71	36
176	68	72	36
172	69	73	36
170	70	73	36
168	71	73	36
167	71	73	35
165	69	71	35
166	70	70	35
166	70	70	35
166	70	70	35
167	69	70	35
168	70	69	35
168	70	69	34
168	70	69	35
169	68	69	34
167	68	70	34
167	68	70	34
167	68	70	34
169	68	69	34
169	69	69	34
170	70	68	34
169	68	68	33
168	71	68	33
169	69	69	32
169	71	70	32
171	70	69	32
171	71	69	32
172	71	68	32
175	70	67	32
174	69	66	31
173	69	66	31
174	68	66	31
174	68	65	31
173	67	65	31
173	69	65	32
173	71	65	31
172	71	65	32
173	71	64	32
173	72	63	32
172	72	63	32
172	74	62	32
172	72	61	32
172	74	62	32
171	75	61	32
170	75	61	31
168	75	61	31
167	75	60	31
165	76	61	31
166	76	61	30
166	78	61	30
167	78	60	30
167	80	61	30
166	81	60	29
164	81	60	29
164	83	60	29
164	83	59	29
165	83	58	29
165	83	58	29
164	84	58	29
165	85	58	29
164	86	58	28
164	87	58	28
165	89	58	27
164	89	59	27
163	91	58	27
163	91	58	27
163	94	59	28
161	94	59	27
161	96	57	27
161	97	57	27
159	98	55	27
160	98	54	27
158	100	53	27
159	100	53	27
160	101	52	27
159	101	51	27
158	102	51	27
159	103	51	27
161	104	51	26
161	105	51	26
161	105	52	26
161	107	51	26
161	107	51	25
162	109	51	25
161	109	51	25
160	110	50	25
161	112	50	24
160	112	50	24
161	113	50	24
160	114	49	24
160	115	49	24
160	116	49	24
159	117	48	24
158	116	49	24
158	117	49	24
158	117	49	24
159	118	49	23
159	119	49	23
158	119	49	23
159	120	48	23
159	121	47	24
159	121	48	23
159	121	47	23
159	123	47	23
159	123	47	22
159	123	46	22
159	124	46	22
160	124	45	22
160	125	45	22
161	125	45	22
162	125	44	22
162	125	44	21
163	125	44	21
164	125	44	21
164	125	43	21
165	125	43	21
165	126	42	21
166	126	42	21
167	127	41	21
167	128	42	21
167	129	42	21
167	130	42	21
167	131	41	21
168	133	41	21
167	133	42	21
167	133	41	20
167	134	41	20
167	134	40	20
166	135	40	20
167	134	39	20
166	134	40	20
167	135	40	20
166	136	40	19
165	135	39	19
166	135	39	19
167	136	39	19
166	136	39	19
166	136	38	19
167	136	38	19
167	136	38	19
166	136	36	19
167	136	36	19
168	136	36	19
169	136	35	19
169	136	35	19
170	135	36	18
169	136	35	18
169	136	36	18
170	135	35	19
172	136	34	18
172	137	34	18
173	137	33	18
173	138	33	18
173	138	33	17
173	138	34	17
174	137	33	17
175	137	33	17
176	138	33	17
177	139	32	18
177	138	32	17
179	138	32	17
180	139	32	17
182	138	32	17
181	138	32	17
181	138	32	17
182	138	31	17
184	138	31	17
184	138	31	17
184	138	30	17
185	138	30	17
186	139	30	17
185	138	30	17
187	139	29	17
187	138	29	17
188	138	28	17
189	138	27	17
189	138	27	17
190	138	26	17
191	136	27	17
191	136	26	17
193	136	27	16
194	137	26	16
195	136	27	16
194	136	28	16
194	135	28	16
195	136	28	16
195	134	28	15
196	134	28	15
197	135	28	15
198	136	27	15
199	136	27	15
199	136	26	15
201	135	26	15
202	136	26	15
201	136	26	15
202	136	25	15
203	137	25	15
205	136	25	15
206	138	25	16
205	137	25	15
206	138	25	15
206	139	25	15
206	140	25	15
206	139	25	15
207	140	25	15
208	141	24	16
207	140	24	16
206	141	25	16
206	142	25	16
206	144	25	16
207	144	25	16
207	143	26	16
208	144	26	15
209	144	26	15
209	145	26	14
210	144	26	15
212	145	26	15
213	144	26	15
213	145	27	15
213	145	27	15
215	145	27	16
215	145	26	16
215	145	27	16
216	145	27	15
216	147	27	15
217	147	26	15
218	149	26	15
218	150	26	15
219	149	26	15
219	150	26	15
220	150	26	15
219	151	26	15
218	151	27	15
220	151	26	15
219	150	27	15
220	150	27	15
221	149	27	15
221	150	26	15
221	150	26	15
221	149	26	15
221	149	26	15
221	148	27	15
222	148	27	15
223	147	27	15
223	147	27	15
223	148	27	15
224	147	27	15
224	147	27	15
225	146	27	15
225	147	28	14
225	146	28	15
225	146	28	15
225	145	28	15
225	145	29	15
225	145	29	15
226	145	29	15
226	144	30	15
227	145	30	15
229	144	29	15
230	143	28	15
231	143	28	16
232	143	27	15
234	142	27	15
234	142	27	15
235	142	28	15
235	143	28	15
236	143	28	15
237	142	28	15
238	141	28	15
238	142	28	15
240	142	28	16
240	140	27	16
241	139	28	15
242	139	29	15
242	139	29	15
243	139	29	15
244	138	28	15
246	138	28	15
247	139	28	14
247	137	28	14
247	138	28	15
247	137	28	15
247	136	28	15
247	135	27	15
248	135	27	15
248	136	27	15
249	135	27	15
248	136	27	15
249	135	27	15
250	135	27	15
250	135	28	14
249	135	29	14
249	135	30	14
249	134	30	14
250	135	31	14
250	134	30	14
251	134	30	14
251	134	30	14
251	135	30	14
252	134	29	14
251	134	29	14
251	134	29	15
250	133	29	15
249	134	29	15
250	134	29	15
249	133	29	15
249	134	29	15
249	133	29	14
249	135	30	14
248	134	29	14
247	134	29	14
248	135	29	14
248	134	28	14
247	134	28	14
248	135	28	15
248	135	28	15
247	135	28	15
246	135	28	15
246	135	28	14
246	135	29	14
246	136	29	14
245	136	29	14
246	135	29	14
245	133	29	14
245	134	28	15
244	133	28	14
243	133	28	14
244	132	28	14
245	131	28	14
243	132	28	14
243	132	28	14
242	131	29	14
241	130	29	14
240	131	30	14
241	131	30	14
240	131	30	14
241	132	30	14
241	131	30	14
240	131	30	14
241	131	29	14
241	131	28	14
241	132	28	14
241	132	28	14
240	132	28	15
241	132	27	15
240	132	28	14
239	133	27	15
239	132	27	15
238	134	27	15
237	133	27	15
239	134	27	15
236	134	28	15
236	135	28	14
237	134	27	14
235	135	28	14
233	135	29	14
234	134	29	14
232	135	29	14
233	136	30	14
232	135	30	15
232	134	29	15
232	134	28	16
232	134	27	16
232	133	27	16
232	134	27	16
231	133	26	16
232	133	26	17
232	133	25	17
231	133	26	17
231	133	25	17
232	133	25	16
232	133	25	16
233	133	25	16
233	132	25	16
232	132	26	15
230	133	27	14
231	133	27	14
231	133	27	14
231	132	27	14
230	133	28	14
232	133	27	14
232	133	27	14
230	134	27	15
232	134	26	15
231	134	26	15
232	133	26	15
233	135	26	14
233	135	26	15
234	136	27	14
232	135	27	14
232	137	27	15
234	136	27	15
233	137	28	14
233	138	27	15
234	137	27	15
234	139	27	15
234	139	27	16
234	141	27	15
235	141	28	14
234	142	28	14
233	144	28	14
234	143	28	14
233	143	27	14
233	143	28	14
233	144	28	14
232	144	28	15
234	143	27	15
233	143	28	14
234	143	28	14
232	144	29	14
232	144	30	14
231	144	30	14
233	144	29	14
233	144	29	14
234	144	28	14
234	143	29	14
234	143	29	15
233	144	29	15
234	145	29	15
234	145	29	14
235	145	29	14
236	145	29	14
237	145	28	14
238	145	28	14
238	145	28	14
238	145	28	14
239	145	27	14
238	146	28	15
239	145	28	15
239	146	27	15
238	147	27	15
239	146	27	14
239	148	28	14
240	148	27	14
240	147	26	15
241	147	26	14
239	148	26	14
241	149	26	14
240	149	26	13
240	150	26	13
240	150	26	13
241	150	26	14
240	150	26	14
241	149	26	14
240	148	26	14
240	149	26	14
239	150	27	13
240	149	27	13
240	149	27	13
239	150	27	13
239	150	27	13
240	149	27	13
239	148	27	13
239	149	27	13
239	149	26	14
239	148	26	14
239	148	26	14
239	149	26	14
239	148	26	14
239	149	26	14
239	149	27	14
239	150	26	14
239	150	26	14
239	151	26	14
239	151	26	14
241	151	26	15
240	151	26	15
239	152	26	15
239	151	26	15
239	151	26	16
239	152	26	15
239	151	26	15
240	151	26	16
240	152	25	16
240	152	26	15
239	152	26	15
240	153	26	14
239	153	26	14
240	152	26	14
241	153	26	14
239	152	27	14
240	152	26	15
240	151	26	15
241	152	26	15
242	151	26	15
241	152	25	15
240	152	26	15
242	151	26	15
241	152	26	15
242	152	26	15
241	153	27	14
242	153	27	14
242	153	28	14
243	152	28	14
242	153	28	14
243	152	28	14
243	152	28	14
243	152	28	14
243	153	28	14
244	153	28	14
245	153	28	14
243	154	28	14
247	152	27	14
246	153	27	15
247	153	26	15
247	153	26	15
247	153	26	15
248	154	26	16
247	154	26	15
247	154	26	15
248	154	26	14
248	155	26	14
249	155	26	14
248	154	26	14
249	155	27	14
250	155	27	14
250	155	27	14
251	155	27	14
250	156	27	15
252	154	27	15
252	156	26	15
253	157	26	14
253	156	26	14
254	157	26	14
253	157	26	14
254	158	26	14
254	157	26	14
253	158	26	14
255	158	26	14
255	159	27	14
256	160	26	15
257	160	26	15
257	160	27	14
257	161	27	14
257	161	27	14
258	161	27	14
258	162	27	14
258	162	27	14
259	162	27	15
259	162	27	15
259	162	27	15
259	163	28	14
261	163	27	14
262	164	27	13
262	163	27	13
262	164	27	13
262	163	27	13
263	164	27	13
264	163	26	13
264	164	26	13
264	163	27	13
266	163	27	13
266	164	27	13
267	164	26	13
268	165	26	14
268	165	26	14
269	166	27	13
270	165	26	13
270	166	26	13
270	166	26	13
270	166	26	13
271	166	26	13
270	166	26	13
270	167	27	13
272	166	26	14
272	166	26	14
272	166	26	14
272	168	26	14
273	168	27	14
272	168	28	14
273	167	28	14
273	167	28	15
273	168	27	15
274	168	27	15
274	167	27	15
275	168	27	16
276	167	27	16
277	167	27	16
278	168	27	16
278	167	26	15
278	167	27	15
279	168	27	15
279	168	26	15
280	168	26	15
281	168	26	15
281	169	26	14
282	169	26	14
282	169	26	14
283	168	26	14
284	168	26	14
286	168	25	15
286	167	26	14
288	167	26	14
287	167	26	14
288	167	25	14
289	168	26	14
289	167	26	15
290	168	26	14
290	167	27	14
291	168	27	14
290	168	28	14
292	168	28	14
292	169	28	14
293	168	28	14
293	169	28	14
294	168	28	14
295	168	27	15
295	168	27	15
296	168	27	15
296	168	27	15
297	168	27	15
298	168	26	16
300	168	26	16
300	168	26	15
300	169	26	15
301	169	26	15
300	169	26	14
302	169	26	14
300	170	26	13
300	168	26	14
301	170	26	14
301	169	25	14
302	169	25	14
302	169	24	15
302	169	24	15
304	168	25	14
303	167	25	14
302	168	26	14
302	167	26	14
303	165	26	14
302	166	27	13
302	164	26	14
302	164	26	14
302	164	26	14
301	164	25	14
301	163	26	14
302	163	25	15
302	161	25	15
301	161	25	15
302	161	24	15
301	161	25	15
302	160	24	15
301	159	24	15
301	160	24	15
300	160	24	14
298	158	24	15
297	158	24	15
297	157	24	14
296	157	25	14
295	156	25	14
294	156	25	14
294	156	26	13
292	155	26	14
292	155	26	13
291	154	26	14
290	154	26	14
289	153	26	14
288	153	26	14
287	154	26	14
286	153	26	14
286	153	25	14
284	152	25	14
281	152	26	13
281	152	26	13
280	151	26	14
280	151	26	14
278	152	26	13
277	152	26	13
277	151	26	13
276	150	26	14
274	149	26	14
273	149	26	14
271	149	26	14
270	149	26	13
268	150	26	13
267	150	26	13
266	149	25	13
264	149	24	13
263	149	24	13
262	148	24	13
260	148	24	13
259	148	24	13
257	147	24	13
255	146	24	13
254	145	24	13
253	146	24	13
252	145	24	14
250	144	24	14
247	144	24	14
246	144	24	14
245	143	25	14
243	144	25	14
240	143	25	14
240	143	25	14
238	143	24	14
238	142	24	14
237	142	24	14
237	141	24	14
235	140	23	14
233	140	24	14
231	140	25	13
230	139	25	13
229	140	25	13
228	140	25	13
228	141	25	13
227	139	24	13
226	140	24	13
226	141	24	13
225	140	23	14
224	141	23	14
224	141	23	14
224	142	24	13
224	143	23	13
223	144	23	13
223	144	23	13
222	143	23	12
221	143	23	13
220	143	22	13
219	142	22	13
218	142	22	13
218	142	22	13
217	142	23	13
217	140	23	13
216	140	23	13
216	140	23	13
214	140	23	13
215	139	23	13
214	138	23	13
213	138	24	13
213	137	23	13
213	136	23	13
211	135	23	13
211	135	23	13
212	134	23	14
212	133	23	14
212	133	23	13
212	131	23	14
211	133	23	14
210	132	23	14
210	131	23	14
209	131	24	13
208	131	24	13
208	131	24	13
207	132	24	13
208	132	24	13
207	132	24	13
207	131	23	13
206	132	23	13
206	132	23	13
206	130	22	13
204	131	22	13
205	130	22	13
204	129	23	13
204	130	22	13
205	128	22	14
205	130	22	14
205	129	22	14
205	129	23	13
205	129	23	13
205	129	23	13
205	130	22	13
205	129	22	13
204	130	22	13
205	129	22	13
205	128	22	14
204	128	22	14
204	128	21	14
205	127	21	14
204	128	21	14
204	127	21	14
204	126	20	14
204	127	21	14
206	126	20	14
205	126	20	14
206	125	20	14
207	126	19	14
207	126	20	14
207	125	21	14
207	125	21	13
208	125	21	13
207	125	22	13
207	125	22	14
208	124	22	14
208	123	22	14
208	123	23	14
208	122	23	14
207	122	24	14
208	121	24	13
207	121	24	13
208	121	24	13
208	122	24	14
208	121	24	14
209	120	24	14
209	119	24	14
209	119	24	14
210	117	24	15
210	117	24	14
211	116	24	14
211	116	24	14
213	115	23	14
212	114	23	14
213	113	23	14
214	112	24	14
214	111	24	13
216	111	24	13
217	110	24	13
218	109	24	14
220	108	24	14
219	108	25	14
220	107	25	14
221	107	25	13
221	107	25	14
221	108	25	14
222	108	25	14
222	108	25	14
222	108	25	14
222	108	25	14
222	108	25	14
222	107	25	14
222	107	25	14
222	107	25	14
222	106	25	14
222	106	24	15
222	106	24	15
220	105	25	15
219	105	25	15
218	103	25	15
216	105	25	15
217	105	25	15
216	104	25	15
217	105	25	15
217	105	25	15
217	105	26	14
217	106	26	14
216	106	25	15
216	106	25	15
216	107	25	14
215	106	25	15
215	107	26	15
214	107	26	15
214	109	26	15
213	110	26	15
212	111	26	14
212	112	26	14
210	114	27	14
210	114	27	14
208	114	27	14
208	115	28	14
209	114	28	14
209	114	28	14
209	113	28	15
208	114	28	15
208	113	28	15
208	113	29	15
208	113	29	15
209	114	29	15
208	114	29	15
208	114	28	15
208	113	28	15
208	114	29	15
208	114	28	15
207	114	29	15
208	112	28	16
208	112	28	16
207	111	29	15
207	112	30	15
206	112	30	16
207	111	30	16
207	112	30	16
205	112	30	16
205	111	31	16
205	112	30	16
205	112	31	16
205	111	30	16
204	112	30	16
205	112	30	16
205	111	30	16
205	110	29	17
205	109	29	17
205	110	29	17
206	109	28	17
206	108	28	17
206	108	28	17
207	107	28	17
206	108	29	17
205	108	29	17
206	108	29	17
204	107	30	17
205	108	30	17
204	108	30	17
205	107	30	16
205	106	30	17
205	105	30	17
205	105	30	16
204	105	31	17
205	105	31	17
204	106	31	17
204	105	31	17
202	105	32	17
203	106	32	16
204	106	32	16
203	106	32	17
202	107	31	17
203	108	31	17
203	109	30	18
203	109	30	18
203	109	30	18
202	110	31	18
201	110	31	18
200	111	32	18
199	111	32	17
199	112	33	17
197	112	34	17
197	113	35	17
196	113	35	17
196	111	35	18
196	113	35	18
196	112	35	17
197	113	35	17
198	113	34	17
197	114	34	17
197	114	34	18
196	114	34	18
197	114	34	17
196	114	34	18
197	114	35	18
197	115	35	18
198	113	35	18
198	113	35	18
197	113	36	18
198	112	36	18
198	111	36	18
198	110	37	18
198	111	37	18
199	110	36	18
199	110	36	18
199	109	36	18
199	107	36	19
201	107	34	19
204	107	33	20
199	107	34	20
198	108	36	20
198	109	37	20
199	109	36	21
200	111	38	20
201	111	38	19
202	111	38	20
203	111	38	20
204	111	38	20
206	111	38	20
206	112	38	20
208	111	38	20
209	113	40	20
210	112	40	20
210	113	41	20
212	113	41	20
213	114	40	21
212	114	40	22
211	116	41	22
211	116	42	21
213	116	41	22
210	114	42	21
210	114	42	22
209	113	42	21
208	114	42	22
207	113	43	22
208	114	42	22
209	111	42	22
208	112	42	22
208	111	42	22
210	111	42	22
210	109	43	22
210	111	43	22
209	113	44	22
209	112	45	22
209	113	46	22
209	113	46	22
209	112	46	22
209	114	46	23
210	114	46	23
210	114	45	23
210	116	46	23
211	118	46	23
209	118	46	23
209	119	46	23
209	119	47	23
208	119	47	24
208	120	48	24
207	120	48	24
207	119	49	24
208	119	49	25
208	121	49	25
209	121	49	25
210	121	48	25
210	120	49	25
210	118	48	25
209	119	49	25
208	118	49	25
208	119	49	25
207	118	49	25
208	117	49	26
207	118	49	26
208	115	50	26
209	115	49	26
208	113	50	26
207	114	51	26
206	114	51	26
205	114	51	26
207	112	51	27
207	114	51	27
207	115	51	27
206	115	52	27
208	116	52	28
208	115	52	28
209	115	53	28
209	115	53	28
209	116	53	28
211	115	54	28
210	115	55	28
210	115	55	28
211	117	55	28
211	115	56	28
211	114	56	29
211	114	57	29
212	112	56	29
212	112	57	29
211	111	57	30
212	112	58	29
212	113	59	29
212	112	59	30
212	111	60	30
213	111	60	30
214	110	60	30
216	108	60	30
217	109	60	30
218	109	61	30
221	108	60	30
221	107	60	31
222	107	61	31
223	107	61	31
224	107	62	31
225	105	62	32
226	105	62	33
224	104	63	33
223	105	64	33
222	103	65	34
223	102	65	34
222	102	65	35
224	103	64	35
224	101	65	36
226	100	65	35
225	100	65	34
226	99	66	35
226	100	67	35
224	100	67	34
224	101	68	34
225	101	68	34
225	101	67	34
226	101	67	33
226	101	67	33
224	101	67	34
225	103	68	34
223	103	66	35
225	103	66	35
225	104	66	34
227	103	66	35
226	104	66	35
226	104	65	35
228	100	64	36
227	100	64	36
228	101	65	36
226	101	64	37
226	99	64	37
225	101	64	37
226	99	64	37
225	101	64	37
227	101	65	36
226	101	65	36
226	101	65	37
227	102	66	36
226	104	66	36
225	106	66	36
222	107	66	36
219	108	66	35
214	108	65	36
211	108	65	35
209	108	66	36
207	108	66	36
207	107	66	35
205	106	66	35
204	107	66	35
204	108	65	34
204	108	64	35
202	108	65	34
202	108	64	34
200	108	64	34
199	109	65	34
197	108	66	34
197	108	66	34
194	108	66	33
195	111	65	33
192	110	65	33
189	109	64	34
189	112	64	34
187	111	64	34
189	114	64	34
188	112	63	34
190	112	63	33
190	109	62	34
191	107	61	34
191	101	61	34
190	96	60	35
189	94	60	34
188	90	60	34
186	90	61	34
185	85	60	34
184	83	61	33
182	82	62	32
183	82	62	32
183	81	63	32
184	79	64	32
186	79	64	32
186	81	64	32
188	82	64	33
190	84	63	33
192	85	64	34
193	86	64	34
194	87	63	35
196	90	64	35
197	91	64	36
197	89	64	36
198	85	63	37
199	85	62	37
198	84	63	36
198	81	62	35
199	79	62	34
199	80	62	33
202	79	62	33
204	78	62	33
206	77	62	33
208	79	62	33
208	81	62	33
205	83	61	34
203	85	60	34
200	88	61	34
197	89	60	34
197	92	60	34
195	94	60	34
195	96	60	33
195	95	61	33
197	95	61	33
199	93	61	34
200	91	61	34
201	89	61	34
202	86	60	34
201	84	60	34
198	85	60	34
197	84	60	33
197	85	60	33
195	86	60	32
195	85	60	33
195	86	61	32
195	86	60	33
194	85	60	33
194	87	60	33
195	87	59	33
196	89	60	32
197	90	60	32
199	91	59	32
200	91	58	32
200	91	58	32
202	91	57	32
202	92	56	33
203	91	56	33
205	89	56	33
206	92	56	33
207	93	56	33
206	95	56	33
207	96	55	32
206	96	54	32
206	97	54	32
206	97	53	32
205	98	53	32
206	97	52	32
205	97	52	32
206	96	51	32
208	95	51	32
211	93	51	32
214	93	51	32
218	91	50	32
223	90	50	32
226	89	50	32
230	89	50	32
233	90	50	32
235	89	49	31
237	89	49	32
237	89	47	32
239	88	47	32
240	90	47	32
239	94	47	31
239	96	46	31
240	96	46	31
241	96	46	31
241	97	46	31
242	97	45	31
243	96	45	31
245	96	45	31
246	94	44	31
247	95	44	31
246	96	43	31
245	95	43	31
245	95	43	30
245	95	42	31
244	96	42	31
242	97	42	31
242	98	42	31
242	98	42	31
241	98	42	31
241	97	42	31
240	97	41	31
241	96	41	31
241	93	41	31
243	93	41	31
245	91	40	31
247	90	39	31
249	89	39	31
250	89	39	31
251	88	38	31
252	88	37	31
252	88	37	30
252	88	37	30
251	86	36	30
252	87	36	30
252	86	36	29
253	85	36	29
254	86	35	29
254	85	35	29
254	86	35	28
255	85	35	28
256	86	35	28
258	84	35	28
261	83	34	28
261	84	33	28
262	84	33	27
262	84	33	27
261	84	32	26
260	83	32	26
258	83	32	27
258	83	32	26
258	83	31	26
257	85	31	26
256	87	31	25
255	87	31	25
255	86	31	25
255	87	30	25
256	86	30	25
256	87	29	25
257	87	29	24
260	88	28	24
263	89	28	23
265	89	28	23
268	89	27	23
272	90	27	23
274	89	27	23
277	89	27	23
279	89	26	23
280	89	26	22
283	87	26	22
285	86	26	22
287	85	26	21
288	83	25	21
289	82	25	21
289	83	25	21
291	83	25	21
291	84	25	21
291	84	25	20
292	83	24	20
292	83	23	21
293	83	23	21
294	83	23	20
295	84	23	19
296	84	23	18
297	84	23	19
297	85	23	18
296	86	22	18
294	88	21	18
292	87	21	18
289	87	20	18
287	87	20	18
286	88	19	18
284	89	19	17
282	90	19	17
282	91	19	16
282	92	19	15
282	94	19	15
282	94	18	15
283	95	18	15
284	96	18	15
285	97	18	15
286	98	18	15
286	99	18	14
287	101	18	14
287	102	18	14
288	105	17	14
287	105	17	14
288	107	17	13
287	107	17	13
288	107	17	13
289	106	16	14
290	104	15	14
289	104	15	14
289	103	15	14
288	102	15	14
288	101	15	13
288	98	15	13
287	97	15	14
287	97	15	14
287	96	14	14
287	93	14	14
287	92	14	13
288	90	14	13
288	89	14	13
289	88	14	12
288	88	14	12
288	87	14	12
288	86	14	12
288	86	13	12
289	87	13	11
288	87	13	11
288	87	13	11
288	87	13	11
288	85	12	12
287	85	12	12
287	84	12	12
287	85	12	12
