276	161	73	74
278	160	74	74
280	160	75	74
284	160	75	74
286	159	76	75
289	158	76	74
292	159	76	75
296	159	77	75
300	159	77	74
302	160	77	74
305	161	76	74
308	159	77	74
307	156	77	75
308	152	77	76
310	146	77	78
312	144	77	79
312	141	77	79
313	142	75	79
313	145	75	79
312	148	74	79
312	151	74	79
311	152	73	79
311	153	73	79
310	154	73	79
311	154	73	78
309	155	73	78
308	156	73	78
308	158	73	78
308	159	73	77
307	160	74	77
307	163	74	76
306	162	74	76
305	163	74	76
306	164	74	76
304	163	74	76
304	164	74	76
303	162	73	77
303	163	74	77
301	163	74	77
301	166	74	77
299	167	73	77
300	170	73	77
298	170	74	77
300	172	74	78
300	172	74	79
301	173	74	80
300	172	74	80
301	173	74	81
301	173	74	81
301	172	74	81
301	173	74	81
300	174	74	81
300	173	73	80
301	176	73	80
300	174	73	80
301	176	74	80
299	176	73	81
299	176	74	80
299	176	74	80
299	178	74	79
299	179	75	78
299	179	75	77
299	179	75	76
301	178	76	76
302	177	76	75
304	174	76	75
304	172	76	74
305	172	77	74
303	172	76	74
305	174	76	75
304	179	75	76
304	186	75	77
305	191	75	77
304	195	75	77
304	197	76	77
301	196	77	76
300	195	78	76
297	196	78	76
297	198	78	76
295	201	78	76
294	203	79	77
292	205	79	77
291	207	80	78
290	209	81	78
288	211	82	79
288	212	83	80
287	211	83	80
287	208	84	80
286	205	84	80
286	203	84	81
285	201	84	81
284	198	85	82
284	198	85	81
284	196	84	81
283	195	84	81
283	194	85	82
284	193	84	82
284	191	84	83
285	191	85	83
285	191	84	82
287	192	84	83
287	192	84	83
289	192	84	83
288	192	84	83
290	192	84	83
288	191	84	83
291	190	84	84
289	189	84	83
292	189	84	84
290	188	84	83
291	189	83	84
292	189	83	84
290	187	83	84
292	188	83	84
290	186	84	83
292	187	84	84
290	186	84	84
292	187	83	84
290	187	83	83
293	187	83	83
291	188	83	83
292	187	83	83
293	186	83	83
293	187	83	84
292	185	83	84
292	185	83	84
293	186	83	84
290	186	83	83
293	187	83	83
291	186	83	83
292	186	83	83
291	185	83	82
294	186	83	83
291	185	83	82
293	184	83	82
291	184	83	82
292	182	84	82
290	182	84	82
292	181	84	82
292	180	84	82
292	180	84	82
290	180	84	82
292	177	85	83
289	178	85	83
289	176	85	83
288	176	86	82
288	175	86	83
289	173	86	83
288	173	86	82
288	172	86	82
288	172	87	82
288	171	87	82
287	171	87	82
287	170	87	81
288	171	88	82
287	170	88	82
287	171	88	83
288	171	87	84
289	170	87	85
289	171	87	85
288	170	88	85
289	170	87	86
287	169	87	87
288	169	87	88
287	168	87	89
288	166	87	90
288	164	87	92
287	161	87	93
287	160	87	94
287	158	87	94
286	157	87	94
285	155	87	95
284	156	87	96
284	154	87	96
284	155	87	97
283	154	87	98
284	154	87	98
284	157	86	99
283	156	86	99
284	157	85	99
285	158	85	100
285	159	85	100
284	159	84	100
285	160	84	101
284	160	84	101
285	161	84	101
284	159	84	101
285	160	85	101
284	159	84	101
284	159	84	102
284	158	84	102
284	158	84	102
285	156	84	102
286	155	84	101
286	155	84	102
288	153	84	102
288	154	84	102
289	154	84	103
290	155	84	104
290	155	84	103
291	157	85	104
292	158	85	105
293	158	85	105
294	159	85	105
295	159	86	105
295	161	86	105
295	162	86	105
295	161	85	104
295	162	86	105
294	161	85	105
293	160	86	105
291	159	87	106
289	156	87	107
288	157	88	107
287	155	89	108
285	154	89	108
285	152	89	109
284	150	89	110
284	148	90	110
282	145	90	110
283	142	91	110
281	139	91	111
280	137	92	111
281	135	93	111
280	133	95	112
280	131	96	113
278	130	97	113
278	129	98	114
279	129	100	116
278	127	101	118
279	127	101	120
278	126	103	122
278	122	104	122
279	121	105	124
278	119	105	125
278	117	106	126
277	114	106	127
277	111	107	127
275	109	108	126
272	108	110	126
274	107	109	126
272	107	109	126
272	107	109	126
270	106	109	127
270	108	109	127
268	107	108	126
270	107	107	126
270	107	107	125
272	107	106	125
272	109	106	124
272	109	106	123
273	110	105	123
274	111	105	122
275	112	104	121
277	113	104	119
277	116	103	118
278	116	103	117
279	119	102	116
280	120	101	114
280	123	100	112
281	126	99	110
282	130	97	107
284	133	95	104
284	136	93	102
285	140	92	99
288	143	91	96
287	147	90	94
288	150	90	94
289	153	90	93
290	156	88	91
292	159	87	90
293	161	86	89
293	162	85	89
291	162	83	88
292	162	84	88
292	165	82	90
292	166	81	90
292	165	80	90
292	168	79	91
292	169	78	92
291	168	78	94
291	168	78	95
290	169	78	96
290	168	79	97
289	168	79	97
288	167	79	99
288	167	80	99
289	168	80	100
289	166	80	100
289	165	80	101
289	165	81	101
289	165	81	102
288	162	81	102
287	163	82	102
287	162	82	103
287	160	83	103
286	159	84	103
286	157	84	104
286	157	84	104
286	156	85	105
285	155	86	105
284	154	87	105
283	152	88	105
282	151	89	105
282	149	90	105
281	148	91	104
279	148	92	105
278	146	93	105
277	146	95	105
276	144	96	106
275	143	97	106
274	142	98	107
274	142	99	108
272	139	101	108
271	137	102	108
269	136	103	110
267	132	104	108
266	130	105	107
265	128	105	107
265	125	104	106
263	123	104	105
263	123	103	104
263	121	102	104
262	122	101	104
265	120	100	102
264	120	98	101
268	118	98	100
268	118	97	99
270	118	95	98
272	120	94	97
271	121	92	96
274	122	91	95
275	123	89	94
276	124	88	93
278	127	87	92
278	129	86	92
280	131	86	91
280	134	85	90
281	136	86	89
280	138	86	89
280	141	87	88
280	141	88	88
278	142	90	88
280	142	90	89
279	141	91	90
279	142	92	91
279	142	92	92
280	141	92	93
279	141	92	94
280	139	92	95
280	141	93	97
279	141	94	98
279	140	94	100
281	140	94	102
282	140	94	104
281	139	94	105
281	140	94	106
282	138	93	107
283	139	93	106
282	137	92	107
284	137	93	106
282	137	92	107
284	138	92	106
284	138	92	106
285	137	91	105
285	139	90	105
285	138	90	105
285	139	90	106
285	141	90	107
285	142	89	107
285	143	89	107
285	145	89	107
285	146	89	107
284	148	89	107
285	151	89	107
284	154	88	107
285	156	88	108
286	158	88	107
285	161	87	107
287	162	88	107
286	165	87	107
286	166	87	107
285	166	87	107
285	169	87	107
285	168	87	108
285	170	87	108
285	168	87	109
284	169	87	109
284	168	86	110
284	168	86	111
283	167	87	111
284	166	87	111
283	167	87	111
283	167	88	111
284	167	88	112
285	167	88	112
285	167	88	113
286	167	87	113
287	167	86	114
287	167	86	114
288	167	85	114
286	167	85	114
285	167	85	114
283	166	87	113
281	164	88	114
277	163	90	114
275	164	93	113
272	166	96	113
270	166	99	113
268	163	100	113
267	164	102	113
266	163	103	113
267	162	104	114
265	159	104	115
264	155	105	117
263	152	106	119
261	149	106	120
262	145	107	121
263	141	107	120
261	139	108	120
261	136	109	120
259	133	109	119
260	130	108	119
259	127	107	118
259	124	105	116
259	121	104	115
261	118	103	114
261	118	103	113
259	117	102	111
259	114	102	109
259	114	101	108
259	113	99	106
259	114	98	104
258	115	97	102
260	116	96	101
260	118	95	100
261	120	95	99
260	122	95	99
261	125	94	97
264	129	93	97
263	132	93	96
265	135	92	96
265	138	92	94
267	141	92	93
267	145	91	92
270	146	90	90
270	150	89	89
272	152	88	88
275	155	88	86
274	158	87	86
277	163	86	85
278	167	86	85
276	171	87	84
280	175	86	85
281	179	86	85
281	181	85	85
283	183	84	86
284	185	83	87
284	185	82	89
286	187	81	90
287	188	80	92
287	188	79	94
288	188	79	96
288	188	79	97
289	188	80	99
288	186	79	101
289	186	80	103
289	186	80	105
290	185	80	106
292	184	81	106
290	184	82	107
292	184	83	108
291	184	84	108
291	184	85	110
292	183	86	111
292	182	87	112
291	182	89	113
291	182	90	114
289	182	92	114
290	183	93	115
288	181	94	115
286	181	95	114
285	182	96	114
286	184	97	114
286	184	98	113
283	186	99	114
286	184	100	114
284	184	102	114
286	183	103	115
286	182	104	116
286	178	106	117
286	177	107	118
284	176	109	119
282	174	111	119
281	175	114	118
279	174	115	117
276	172	116	118
275	170	117	117
273	169	116	119
275	168	115	119
275	167	114	118
275	167	113	118
275	165	111	118
277	163	111	118
276	163	110	117
276	161	108	117
279	161	106	116
280	164	105	115
279	164	104	115
280	165	104	115
279	166	104	116
280	165	103	116
280	164	103	117
279	162	103	118
280	160	103	119
282	156	102	120
282	155	102	121
282	154	102	122
281	153	103	123
280	151	104	123
281	151	105	124
278	149	105	124
278	149	106	124
278	147	105	124
275	145	104	125
276	144	105	124
271	143	104	124
274	142	105	122
271	141	104	122
273	138	104	121
271	137	103	120
273	134	103	120
272	133	103	119
271	132	102	119
271	131	102	118
272	130	102	118
271	130	102	118
272	129	101	118
270	129	102	118
270	129	102	118
269	128	103	118
270	127	104	119
269	125	105	119
269	125	106	120
271	124	106	120
271	123	107	120
272	122	107	119
273	122	106	118
272	124	105	117
273	125	104	115
273	127	102	113
274	129	101	112
274	130	100	111
274	133	98	110
274	134	98	109
274	135	97	109
275	137	96	109
274	136	96	109
273	137	96	109
274	137	96	109
272	137	96	109
272	134	97	110
271	134	97	110
269	134	99	111
269	133	100	111
267	133	101	112
267	132	102	113
263	130	105	114
265	130	106	115
259	130	109	115
263	128	109	117
260	131	110	116
262	128	110	117
262	129	111	117
263	129	111	117
265	130	111	117
267	130	111	116
268	132	111	116
270	132	112	116
272	130	112	116
273	131	113	116
275	131	114	116
278	131	114	115
283	132	113	114
284	132	114	115
286	134	114	115
286	134	115	115
287	134	116	114
289	134	115	114
289	134	116	113
291	134	116	113
292	134	115	113
294	134	114	113
297	134	112	112
297	135	112	111
298	135	111	110
297	136	111	110
298	135	111	110
299	135	111	110
300	136	110	109
301	135	109	110
303	135	108	109
304	133	107	109
304	134	107	109
307	133	107	109
304	132	106	109
302	131	107	109
305	131	107	110
305	128	106	110
306	126	106	111
306	127	105	112
304	128	104	111
304	127	103	111
301	127	103	111
302	127	102	111
295	127	104	110
297	129	103	110
291	130	104	109
293	130	104	109
284	133	106	108
284	134	104	108
280	135	104	108
274	136	104	108
271	137	104	108
268	137	104	108
267	139	103	108
264	139	102	108
263	141	102	108
263	141	101	108
260	141	100	108
261	143	100	108
261	142	98	109
260	143	98	109
258	142	97	109
258	143	97	109
256	142	96	110
257	141	96	110
257	141	96	111
255	140	96	111
256	140	96	112
254	139	96	113
254	139	97	114
254	138	97	114
254	137	98	115
254	136	98	116
253	136	99	116
253	136	100	116
253	134	100	117
255	132	100	118
255	131	101	119
258	129	102	120
258	130	104	121
259	130	107	121
261	133	109	120
264	134	112	120
266	137	114	120
269	139	116	120
270	140	117	120
274	142	117	121
277	144	118	121
277	144	118	121
281	146	119	121
283	147	119	120
284	148	120	120
286	148	120	120
285	148	121	120
286	148	121	119
283	148	122	119
287	146	122	119
285	146	123	119
284	144	123	119
285	144	122	119
286	143	122	119
284	141	122	120
290	142	119	120
286	142	119	120
290	142	117	120
291	142	115	120
289	141	114	121
291	140	112	122
288	138	110	122
289	137	111	122
284	134	110	121
285	134	109	120
284	132	108	119
285	131	107	116
284	128	107	114
285	127	107	111
286	125	107	107
285	124	106	104
285	124	106	102
286	124	105	101
286	124	103	100
287	124	103	100
288	124	102	99
289	123	102	99
289	124	102	99
287	124	103	98
287	124	103	98
287	123	104	98
285	124	105	98
286	125	104	99
285	125	105	99
286	125	104	99
286	126	103	99
287	126	102	99
290	127	101	99
289	126	101	99
292	128	99	100
294	129	99	101
296	131	99	102
297	133	99	103
297	134	99	104
297	135	99	105
298	137	99	105
299	139	99	106
296	139	99	107
293	138	101	107
295	137	100	108
297	135	99	109
296	135	98	109
296	135	97	109
295	135	97	109
297	135	97	110
296	135	97	110
298	137	97	111
299	137	97	112
299	137	97	114
300	136	97	116
298	135	99	118
295	135	102	119
295	134	105	119
291	132	108	120
289	132	110	120
288	133	112	122
287	133	115	122
286	133	117	122
282	135	117	123
283	132	118	123
282	133	119	123
281	130	119	123
280	128	120	124
280	127	121	124
280	126	120	124
276	123	119	125
276	124	118	125
275	122	117	125
274	120	115	126
276	119	113	126
274	119	112	126
275	119	110	125
276	118	109	126
276	117	108	126
275	118	107	126
276	117	106	126
275	116	106	126
276	117	106	125
276	118	106	123
275	117	107	122
276	119	108	121
276	119	109	120
277	119	110	121
277	120	112	120
276	122	113	119
278	123	114	118
275	124	115	118
279	124	115	118
276	126	114	117
278	128	114	117
278	128	113	117
279	130	111	117
279	131	110	116
279	133	109	115
279	133	107	114
280	136	104	113
277	137	103	111
279	139	101	110
277	141	101	109
280	141	99	106
278	140	99	103
277	142	98	100
276	145	96	99
276	146	95	97
277	149	94	95
276	150	94	94
275	152	95	93
273	154	95	93
276	156	94	92
273	158	94	92
275	158	93	92
274	159	92	93
276	159	90	94
276	159	89	96
278	160	88	98
277	159	87	100
277	158	86	101
278	156	86	102
277	155	86	103
277	154	86	104
277	152	86	105
276	151	87	106
277	148	88	107
276	147	89	108
277	145	90	109
276	142	91	110
276	140	92	111
275	137	93	111
275	135	94	112
274	134	95	112
274	133	96	113
276	131	98	113
276	131	100	113
274	130	102	114
274	131	104	114
272	131	105	116
272	130	106	116
270	128	107	116
269	129	109	116
270	127	110	117
269	127	110	117
269	125	110	118
270	125	110	118
271	124	109	119
270	123	108	120
272	120	107	120
269	118	106	121
272	116	107	121
271	115	106	122
270	114	107	121
269	113	107	122
268	114	107	122
265	113	108	122
264	114	111	122
262	114	113	122
264	115	113	121
261	115	115	121
262	115	116	121
262	115	116	121
263	116	117	121
261	116	117	121
263	116	117	121
261	115	118	121
263	116	118	120
261	115	118	120
262	115	119	120
260	114	119	121
261	112	118	121
260	109	118	122
263	107	115	123
259	104	116	125
262	98	115	127
260	95	113	128
260	90	112	129
259	86	112	130
260	84	113	130
258	82	112	130
259	82	113	129
259	82	113	129
260	82	112	128
262	82	113	127
261	84	112	126
262	84	112	125
263	85	112	124
261	86	111	123
264	87	111	121
264	91	110	119
265	91	109	118
264	95	109	115
264	97	109	113
263	100	109	111
262	101	109	110
263	103	109	109
263	106	108	108
263	107	108	107
261	109	108	106
261	111	109	105
260	113	110	105
260	114	111	106
260	116	113	108
260	117	114	109
260	119	115	111
258	118	115	114
258	116	117	116
258	115	117	118
254	117	119	119
253	118	120	120
253	118	122	122
251	118	124	123
249	119	125	124
247	120	126	124
247	119	126	124
246	118	125	125
246	117	123	126
249	120	122	124
251	121	121	123
251	121	119	123
251	120	117	122
254	122	115	121
255	124	112	120
258	120	108	122
260	119	105	122
263	116	103	123
266	118	101	123
267	117	98	124
267	122	97	122
269	125	96	120
269	126	94	119
268	131	94	118
269	133	92	116
269	136	91	115
268	140	90	114
269	143	90	112
269	145	89	111
270	147	89	109
271	150	89	108
270	152	88	106
271	154	88	105
270	156	88	104
271	158	89	103
272	160	89	103
270	161	88	102
271	163	88	101
271	162	88	101
270	162	88	101
272	162	89	100
272	164	89	100
274	162	89	100
274	164	89	100
275	165	89	100
276	165	88	101
277	164	89	101
278	164	88	102
280	164	89	103
279	164	89	104
280	165	89	104
280	166	90	105
281	168	92	106
281	170	92	107
281	172	93	107
282	173	94	107
284	174	94	107
285	176	94	106
286	175	94	107
288	174	94	107
288	172	95	107
288	172	96	108
289	170	96	109
291	169	96	109
292	167	95	110
292	165	94	110
293	163	94	111
292	160	93	112
290	158	94	112
290	156	94	112
289	153	94	112
290	151	94	112
291	148	93	112
289	147	94	111
291	146	94	111
290	145	95	111
287	145	96	111
289	144	98	111
286	143	99	111
287	141	100	111
288	141	100	112
285	141	101	113
287	141	101	115
286	139	102	116
285	139	102	116
287	140	103	118
285	138	103	118
285	138	104	118
285	139	103	118
284	139	103	118
284	138	104	117
285	138	104	117
285	139	103	118
286	139	102	118
284	140	101	119
286	143	101	121
284	140	100	121
284	143	100	121
282	141	101	120
282	139	101	118
282	144	101	120
281	141	100	120
281	139	100	120
280	138	99	120
279	138	98	120
279	138	98	119
277	138	98	117
277	141	97	119
276	140	96	121
275	143	95	121
275	144	94	120
274	144	94	117
272	146	94	115
272	146	93	114
271	146	93	113
271	146	93	113
271	145	92	112
272	143	92	111
272	141	93	112
274	138	93	113
275	137	95	114
275	134	96	115
273	132	97	115
273	129	98	116
273	126	98	116
273	123	99	115
274	121	100	114
274	120	100	113
275	118	101	112
275	117	102	111
276	115	104	111
278	113	104	112
276	112	105	111
279	110	106	111
278	110	108	110
279	109	110	109
277	107	113	108
277	108	115	108
277	105	117	109
276	106	120	109
275	105	121	110
276	102	122	111
275	104	122	112
277	102	121	111
275	102	122	111
277	102	121	111
279	99	120	111
277	104	120	109
278	102	118	110
280	103	117	111
279	104	115	113
277	105	113	113
276	103	112	114
277	102	108	115
277	100	104	117
277	98	101	117
278	98	99	118
278	96	98	119
278	96	97	119
278	96	95	120
278	96	95	120
277	96	95	121
277	96	95	121
275	98	95	122
275	99	95	122
273	99	96	122
273	100	97	122
272	102	97	123
271	101	98	123
268	102	100	124
266	103	101	124
265	103	102	124
265	103	103	125
263	104	104	125
263	105	104	126
262	105	105	126
259	107	107	127
259	107	108	126
259	108	108	127
258	107	109	127
258	108	109	128
257	105	111	128
257	105	112	129
257	104	113	129
256	106	114	129
256	106	115	129
256	107	116	130
257	108	116	131
257	108	118	131
259	110	119	131
258	111	120	131
260	111	120	132
262	112	120	132
263	111	121	133
265	111	120	133
268	112	120	133
271	111	119	134
272	111	119	133
273	112	118	133
277	113	117	133
279	115	116	132
281	116	114	131
282	117	112	129
284	119	110	128
287	122	109	127
288	124	106	124
290	128	104	121
292	130	100	118
294	133	97	115
297	134	95	113
298	137	93	111
298	138	92	109
299	139	91	106
299	141	90	105
300	141	90	104
301	142	90	104
301	143	90	104
301	143	90	105
302	144	92	105
299	145	94	105
300	145	94	107
301	145	95	108
300	145	96	109
301	146	96	110
301	147	96	111
300	146	97	111
302	147	97	112
300	146	97	113
300	146	98	113
299	147	98	113
299	148	99	113
299	148	99	113
298	148	100	113
299	149	101	114
296	148	101	114
299	148	102	115
296	146	102	116
296	146	103	117
295	144	105	118
293	143	106	120
294	142	108	121
290	140	110	122
293	142	111	123
290	139	113	124
291	140	114	124
290	138	115	126
290	138	116	126
288	136	119	127
288	132	121	127
286	130	123	128
286	128	125	129
283	126	126	129
282	124	127	130
280	122	127	130
283	119	126	129
280	116	126	130
283	115	126	129
282	112	125	130
283	111	124	129
283	111	124	128
282	110	123	128
280	109	121	127
283	108	119	127
279	108	118	127
280	107	117	126
279	106	116	126
278	106	116	125
277	105	115	124
277	105	115	124
275	103	114	123
272	101	115	123
271	98	115	122
270	96	115	121
268	91	116	121
264	89	116	120
264	88	117	119
264	88	116	119
266	88	116	119
266	88	116	119
267	88	116	120
268	88	116	120
269	88	115	119
268	87	116	118
267	87	116	117
268	87	117	117
268	86	116	117
270	86	115	116
271	86	115	115
274	85	115	114
271	83	115	113
275	84	113	112
272	85	113	112
275	84	113	112
275	85	112	112
275	84	112	111
276	84	111	111
274	83	111	111
274	82	111	111
274	83	111	111
276	82	111	111
275	81	111	111
276	81	110	111
277	82	110	110
278	83	109	110
277	84	109	110
278	85	109	110
277	85	108	110
276	84	108	110
275	84	108	110
274	80	109	111
275	79	109	110
275	78	108	111
275	77	108	111
276	77	108	110
276	78	108	110
276	78	107	110
278	79	105	111
279	79	104	111
280	80	103	111
280	79	103	111
280	80	102	111
280	78	102	111
279	79	103	111
281	77	104	111
281	76	104	110
283	74	105	110
284	73	105	110
287	72	105	110
290	72	104	111
294	70	103	111
295	71	102	111
297	70	101	111
298	68	99	111
300	68	99	111
299	68	98	111
301	68	97	111
301	67	97	112
300	68	96	112
299	66	95	112
299	69	95	112
299	71	95	112
297	70	95	113
299	72	96	112
300	71	96	112
300	72	97	112
302	72	98	112
304	73	99	112
302	73	101	112
304	74	102	111
304	74	103	112
306	72	103	112
307	71	104	113
306	70	104	114
308	68	105	114
308	69	106	114
307	67	106	113
310	68	106	114
308	68	106	113
309	66	106	113
309	68	107	112
308	66	107	111
308	66	106	110
307	65	106	110
308	66	105	108
305	63	105	108
306	66	104	106
306	64	103	106
304	67	103	104
303	67	102	105
302	70	102	104
303	72	102	103
300	74	102	103
300	75	102	103
298	76	103	103
298	79	103	102
299	79	104	103
298	82	105	103
297	82	106	104
297	82	106	104
298	83	107	105
297	84	107	105
297	83	106	105
297	83	106	106
299	84	106	107
300	85	107	108
300	84	107	109
299	84	108	110
299	84	108	110
300	84	109	111
297	84	110	112
298	85	111	113
298	85	111	115
296	86	113	115
298	86	114	116
295	85	114	116
297	86	113	117
293	85	113	117
297	89	115	117
287	86	112	118
294	89	114	119
292	88	115	120
290	90	114	121
293	91	115	122
285	92	112	123
291	93	111	123
288	94	110	123
288	97	109	123
289	98	109	123
290	99	110	122
289	100	110	122
289	100	111	121
288	101	111	120
287	101	111	120
286	100	111	120
287	100	112	120
287	99	113	119
286	99	113	119
285	98	112	119
286	96	112	118
285	97	110	118
285	97	109	118
285	97	108	118
286	96	108	118
284	98	108	118
286	99	109	118
283	101	110	117
284	100	109	118
284	103	109	117
282	101	110	117
282	99	111	118
280	97	111	118
280	97	113	118
277	95	113	118
274	94	114	118
275	95	115	117
273	92	114	117
273	91	114	117
273	92	113	117
273	91	113	117
273	91	114	117
272	90	113	118
273	89	111	118
272	88	110	118
274	88	110	118
272	87	109	118
273	86	108	118
274	84	108	118
273	83	107	117
274	81	107	117
274	82	107	118
274	82	106	118
275	81	107	118
274	81	107	119
274	82	107	120
274	82	108	121
274	84	109	123
274	84	109	124
273	84	110	125
274	84	111	126
272	83	112	126
273	82	114	127
272	81	114	127
273	80	116	127
272	79	116	128
270	78	116	128
271	76	118	128
267	75	119	128
266	76	122	127
266	75	124	127
265	77	126	126
261	74	127	127
265	76	129	127
261	73	128	127
265	73	129	128
262	70	128	128
265	69	129	129
262	67	128	129
264	67	129	129
262	66	127	129
264	64	128	129
263	63	127	129
263	61	126	129
265	61	125	129
266	61	123	128
266	62	122	127
269	62	122	127
267	63	121	126
270	64	119	125
271	66	117	123
273	67	115	122
275	67	112	120
277	68	110	118
277	67	109	117
279	69	108	115
280	70	107	113
280	70	107	111
282	72	105	109
282	72	105	106
283	74	104	104
284	76	103	101
284	79	102	98
287	82	101	95
287	85	100	93
289	87	99	91
290	87	99	90
290	89	99	89
290	91	100	89
290	92	101	88
290	94	102	89
291	95	102	89
290	95	102	90
290	98	103	91
290	96	103	91
289	98	103	92
291	97	103	92
289	96	104	93
288	96	104	93
287	96	105	95
284	96	106	96
282	95	107	97
283	95	107	98
280	94	108	99
281	94	109	100
279	94	110	100
280	93	110	101
279	90	110	103
281	90	109	103
276	90	110	105
281	87	108	106
275	87	108	108
279	87	108	108
277	84	108	109
280	84	108	110
277	85	108	112
278	84	109	112
280	84	109	114
278	87	109	114
277	85	110	115
277	86	110	116
276	88	110	116
275	90	110	115
274	88	110	115
277	89	110	115
277	90	110	115
277	88	110	114
280	90	110	113
279	92	110	114
279	92	110	113
278	94	110	113
279	94	109	113
279	96	110	113
276	96	109	112
278	95	109	111
279	96	108	111
280	95	108	110
278	97	109	111
279	97	109	110
280	97	108	111
280	97	109	111
282	98	109	112
280	99	109	111
282	97	109	111
281	100	109	112
280	99	110	111
282	98	110	112
280	100	110	111
282	99	109	113
280	100	109	112
282	99	109	112
280	101	109	112
281	100	109	111
282	100	109	111
282	100	109	112
280	101	109	112
282	100	109	111
281	101	109	111
282	101	108	111
281	102	108	112
282	100	109	111
282	100	109	112
283	101	110	112
282	100	110	112
282	100	111	113
282	99	112	114
280	100	113	115
277	99	114	116
278	99	116	117
275	99	117	118
276	99	118	119
277	99	118	120
275	98	118	121
276	99	119	122
276	99	119	122
277	99	118	123
277	99	117	124
276	99	116	125
274	100	116	125
274	99	116	125
274	100	116	125
273	101	116	125
272	101	117	125
273	101	117	125
275	102	118	124
274	101	116	125
275	104	116	124
276	104	115	124
277	105	116	124
276	106	116	123
278	108	117	123
278	110	117	124
278	112	117	123
278	114	116	122
280	116	116	121
281	116	116	121
281	117	115	120
284	119	114	119
284	120	113	118
287	121	112	116
285	122	112	115
287	123	111	114
285	123	112	113
283	124	111	112
285	124	109	111
282	125	108	110
283	126	108	109
283	126	108	109
282	129	107	108
285	133	106	107
285	135	104	107
287	138	104	106
285	140	104	106
286	142	105	106
286	142	105	107
287	142	105	107
288	143	106	107
287	143	105	108
287	144	105	107
287	143	105	108
286	142	105	108
287	140	105	109
287	139	105	109
288	138	106	109
288	137	105	110
288	136	106	110
289	134	106	110
289	132	107	111
289	129	107	111
289	126	107	112
289	124	108	112
289	120	108	112
289	117	109	113
289	114	110	114
290	111	111	115
286	108	112	116
286	105	113	117
282	102	113	117
278	101	113	118
278	100	114	118
274	98	114	118
272	98	115	118
270	99	115	118
268	98	116	118
267	99	115	118
267	100	116	118
266	99	117	119
266	101	117	118
265	101	117	118
263	101	117	119
263	103	117	118
264	103	117	118
262	103	117	118
263	103	117	118
263	102	118	118
263	102	118	118
263	103	118	118
264	103	119	118
263	103	119	118
264	101	120	118
264	101	120	118
265	101	121	118
264	101	121	118
264	99	123	118
265	100	123	118
265	100	124	118
264	99	124	117
264	100	124	117
263	100	123	117
265	99	124	117
263	101	124	116
265	100	124	117
265	100	125	116
264	100	124	116
266	99	124	116
265	98	124	116
266	98	124	116
265	97	124	116
267	98	124	116
266	98	124	116
267	99	124	116
265	99	124	117
267	100	124	116
265	101	124	116
265	101	123	117
266	103	123	116
265	104	123	116
265	105	123	117
265	107	124	117
264	107	124	117
264	110	124	116
264	110	124	117
264	110	124	118
264	111	124	118
265	111	124	118
265	110	124	119
265	110	124	119
267	111	124	119
267	110	124	119
267	109	123	119
268	109	124	119
268	109	123	119
270	108	123	118
271	108	124	119
275	108	124	119
274	107	125	119
273	106	125	120
272	110	126	118
274	106	125	120
273	106	124	120
275	108	124	119
275	106	124	119
274	107	124	118
275	107	123	118
276	107	124	118
277	107	124	118
279	107	124	119
280	108	124	118
281	109	125	119
284	109	125	119
285	110	125	120
286	111	126	119
287	111	125	120
290	111	125	120
290	111	125	120
292	110	125	121
293	110	125	121
294	108	125	121
292	107	125	121
293	106	125	121
291	105	125	120
291	104	125	120
289	104	125	120
287	103	125	119
287	101	125	119
285	100	124	119
284	98	125	118
282	97	124	118
281	96	124	117
280	94	124	117
278	93	124	117
278	92	124	116
276	92	124	115
276	94	124	115
274	94	124	115
272	95	124	115
272	96	124	115
271	97	123	115
271	99	123	115
271	99	123	116
270	100	123	116
269	101	122	116
269	102	122	117
268	102	121	117
268	101	121	115
268	105	120	115
269	104	121	114
270	103	121	113
270	105	119	114
271	106	119	114
276	108	118	114
278	109	118	114
280	110	118	114
280	110	118	115
281	111	119	115
282	113	120	115
283	113	120	116
283	113	121	116
282	113	122	116
282	114	122	116
281	114	122	116
283	113	121	117
282	112	121	117
283	111	121	117
283	112	122	117
284	112	122	117
284	112	122	117
284	112	122	117
284	112	122	117
284	113	123	117
283	113	123	117
282	113	123	118
281	114	124	117
279	113	124	118
277	112	124	118
276	114	124	117
275	112	124	118
274	112	124	118
275	113	124	118
274	112	124	117
276	112	124	118
275	112	123	118
278	113	123	118
276	113	123	118
278	114	123	118
277	114	123	118
278	114	122	118
277	114	122	119
279	115	122	118
277	115	122	119
279	115	123	119
276	115	123	119
277	116	123	119
276	115	123	119
276	116	123	119
276	115	123	120
277	116	124	120
276	115	125	120
276	115	124	120
277	115	125	120
275	115	124	120
275	116	124	120
276	116	124	120
275	116	125	120
275	115	125	120
276	115	125	120
275	115	125	120
275	115	126	121
274	115	125	121
274	115	125	121
274	116	126	121
272	118	127	121
271	119	129	121
269	121	129	121
268	123	128	121
265	125	128	121
265	127	128	121
266	129	127	120
262	131	127	121
270	131	125	121
271	132	122	121
272	132	120	121
273	133	119	122
273	134	118	122
275	134	117	123
274	134	116	122
274	134	116	122
275	135	116	122
272	134	115	122
270	133	115	122
269	135	114	122
270	133	115	122
268	132	114	122
267	131	113	123
265	130	112	123
263	131	112	123
263	132	112	123
263	133	111	123
263	133	110	122
264	134	109	122
265	134	108	121
263	137	108	120
266	136	108	119
265	136	107	119
268	135	107	118
267	136	107	116
269	136	106	115
271	134	104	113
272	133	103	112
273	134	101	110
275	134	99	109
277	136	97	108
277	137	96	107
280	138	95	106
281	139	95	105
283	138	94	106
284	137	94	108
283	135	96	109
283	133	98	111
279	129	101	113
278	130	104	116
275	129	105	119
274	124	106	122
271	123	108	123
270	122	110	124
269	122	111	125
270	120	112	126
268	120	112	126
268	121	113	126
269	119	114	127
268	118	114	127
268	118	115	128
268	117	115	128
268	116	116	128
268	117	117	128
267	119	117	128
265	120	118	129
265	122	119	129
267	123	119	129
271	125	119	129
271	128	121	128
273	126	121	129
273	127	121	130
274	124	121	131
274	124	121	132
275	121	121	133
275	119	119	133
276	118	119	133
277	115	118	133
277	112	118	134
276	109	118	134
275	108	119	134
274	108	119	132
271	107	120	132
272	106	120	131
272	107	121	131
267	107	122	132
267	106	124	132
263	106	126	132
267	107	127	132
260	108	127	131
268	107	128	132
262	108	129	131
266	108	127	131
264	109	126	131
263	110	126	130
262	113	125	129
259	115	125	128
260	116	124	127
253	116	122	126
253	117	122	126
249	118	122	125
250	118	120	125
249	117	121	125
248	117	122	124
248	117	123	124
249	118	125	124
249	118	126	124
250	119	127	124
254	119	127	125
259	120	126	125
259	121	124	125
266	122	122	125
269	124	121	125
273	123	118	126
276	124	117	126
277	123	116	126
279	124	117	126
281	123	116	126
285	124	116	126
286	125	116	125
289	127	116	124
291	128	115	122
292	129	114	121
295	130	113	120
296	129	111	119
298	130	110	119
299	130	108	118
298	131	108	118
297	132	108	117
297	132	108	117
297	133	107	117
297	134	106	115
295	136	106	113
293	138	105	112
295	137	102	111
294	139	100	110
296	139	98	110
296	140	97	109
295	140	97	109
296	142	96	108
295	142	95	108
296	142	94	108
297	143	94	108
297	144	93	106
298	145	93	104
298	144	93	102
298	144	93	101
296	144	94	100
296	142	94	100
294	141	96	99
294	141	97	98
289	140	99	97
292	139	100	97
287	137	100	97
292	136	100	97
288	135	101	98
290	133	100	98
289	132	100	98
288	131	99	98
287	128	100	98
288	127	99	99
285	124	99	100
285	122	99	101
283	119	99	101
284	117	97	102
283	116	97	102
282	116	97	103
282	116	98	103
281	116	98	103
280	116	99	103
281	116	99	103
279	116	100	104
278	115	100	104
278	114	102	104
276	113	103	105
275	112	105	105
273	111	106	106
273	108	107	106
275	108	107	106
272	106	107	107
272	105	108	107
273	105	108	108
271	104	108	108
272	104	108	108
272	107	108	109
273	108	107	109
274	110	107	110
274	110	107	110
275	113	107	109
274	115	107	108
277	118	105	108
281	119	103	108
282	119	101	108
284	119	99	107
284	121	97	107
286	120	95	106
286	120	92	106
286	120	90	104
287	121	89	102
287	122	88	101
287	121	89	100
287	122	90	97
285	124	92	96
287	127	94	96
287	129	95	95
287	130	96	96
286	131	97	97
285	130	97	98
284	128	97	99
283	127	99	100
280	124	98	101
279	121	99	102
277	118	100	103
274	117	102	103
272	115	104	104
270	113	105	106
269	111	106	107
268	110	108	108
266	109	110	109
263	107	111	111
261	105	113	112
256	104	113	113
254	102	114	116
246	101	115	118
242	99	116	120
233	95	118	123
228	92	121	126
221	88	122	128
220	84	124	130
211	79	125	131
210	74	126	133
208	68	126	133
206	63	128	134
204	59	131	134
205	56	133	134
206	54	135	134
206	51	136	134
207	48	137	134
207	45	138	134
208	43	138	134
209	43	138	133
208	48	139	131
208	55	140	130
210	61	140	128
213	68	140	128
214	73	141	129
210	75	144	130
211	74	146	133
209	71	147	136
208	68	148	138
208	62	148	140
208	55	149	142
212	48	151	143
216	41	152	145
220	36	152	146
226	32	152	148
234	28	149	149
235	25	150	148
241	22	150	148
243	19	151	148
248	17	151	149
252	17	151	150
255	16	150	151
257	17	150	152
258	17	151	154
261	16	150	155
260	15	151	157
260	13	152	159
258	10	154	160
256	8	157	163
260	6	157	165
260	4	157	166
261	3	158	167
263	3	158	168
