51	53	87	290
52	55	89	289
53	56	91	288
59	56	91	287
57	57	92	286
65	56	90	286
63	56	91	285
66	57	91	285
69	56	91	284
75	58	89	285
77	58	90	283
80	60	90	282
84	59	90	281
89	59	88	281
91	60	88	280
96	60	86	279
94	62	87	279
99	61	87	278
104	62	87	277
105	64	86	277
110	66	87	276
111	66	85	274
114	67	86	273
117	67	87	272
122	67	86	271
124	69	86	270
126	70	85	268
131	70	84	266
131	72	84	266
134	71	85	265
137	72	85	265
140	71	85	265
142	72	85	265
142	73	87	264
146	71	86	264
148	72	86	265
154	72	85	264
158	70	85	264
158	70	86	264
160	71	85	265
163	68	84	263
163	71	84	261
166	74	82	261
170	73	80	262
174	72	77	262
174	72	76	263
177	73	75	263
179	74	74	262
182	74	73	261
184	74	73	260
187	73	73	258
188	72	72	256
190	73	72	254
192	76	72	252
194	74	72	251
195	75	73	248
198	76	72	248
200	76	73	248
199	75	75	247
199	75	77	245
197	77	79	242
201	79	78	241
202	78	78	239
205	81	76	239
211	80	74	236
211	82	73	239
212	78	73	237
214	81	71	236
216	81	70	236
216	80	70	236
218	81	70	233
217	80	71	231
220	82	69	228
220	81	69	227
221	80	69	225
224	82	66	223
227	86	65	220
227	91	65	219
226	88	65	221
225	92	65	221
227	90	65	221
230	95	65	219
230	94	64	216
232	104	65	212
233	105	64	211
235	107	65	209
235	104	65	208
237	101	66	206
237	97	66	206
238	103	66	204
238	105	67	202
238	111	67	201
238	114	67	201
239	111	67	201
240	106	65	204
243	109	64	204
246	104	63	206
247	99	62	208
248	98	63	208
250	97	63	206
251	98	63	205
252	103	64	202
252	103	64	201
253	106	65	199
255	102	65	196
255	109	67	189
257	110	68	186
256	114	68	188
259	107	66	191
260	108	65	190
262	113	65	187
264	114	65	187
265	116	64	189
266	112	61	191
266	109	59	192
268	103	59	193
268	100	59	192
271	100	59	192
268	99	59	191
268	94	59	191
271	92	59	191
272	96	59	191
270	94	60	190
271	97	60	190
271	92	60	190
273	99	60	189
273	95	59	187
271	94	60	185
270	95	60	186
269	96	60	186
272	95	60	186
270	95	60	185
271	93	60	185
270	94	60	185
269	92	62	184
268	92	63	183
270	93	63	182
271	92	62	180
270	92	62	179
270	93	62	178
272	92	60	178
272	92	60	178
275	92	60	178
278	92	58	177
280	92	58	176
280	92	57	175
283	94	57	174
286	95	57	173
287	97	57	171
289	94	56	171
288	97	57	170
291	98	56	169
292	97	55	168
294	95	55	169
295	95	55	169
296	96	55	167
296	95	55	166
297	98	54	165
298	98	55	164
299	100	56	164
299	99	58	162
301	98	62	161
300	94	67	158
299	99	66	160
298	99	64	159
299	99	63	159
299	98	64	160
301	99	64	160
301	100	62	160
302	99	60	161
303	97	58	162
304	97	55	162
306	95	54	161
307	95	52	160
308	96	51	159
309	96	51	159
309	96	51	158
310	95	50	158
310	94	50	160
312	95	49	159
312	94	49	159
313	96	49	157
314	97	49	157
316	95	48	156
316	96	48	156
318	95	47	155
318	94	47	155
318	95	47	155
320	97	47	154
320	95	47	153
320	99	48	151
319	98	47	149
320	99	48	148
321	99	47	147
323	101	46	146
323	98	45	146
324	100	46	145
325	103	46	143
325	102	45	142
325	103	45	141
325	102	45	141
326	104	45	140
326	102	45	141
327	103	45	139
327	105	45	139
328	102	46	138
327	105	47	137
327	104	47	136
327	103	48	136
326	104	49	134
328	106	49	133
328	104	48	134
329	106	48	133
330	105	48	133
331	105	47	132
331	105	46	131
330	106	46	130
331	105	45	129
331	106	45	129
332	105	45	128
332	106	46	128
332	106	47	128
333	105	47	128
334	106	46	127
334	107	45	126
334	106	44	126
335	107	43	126
335	107	43	125
335	107	43	125
334	107	44	125
336	105	44	124
335	107	44	124
336	105	44	123
337	107	43	123
336	107	43	122
337	109	42	121
336	108	42	120
337	109	42	119
337	108	43	118
338	109	44	119
336	108	45	118
337	109	45	118
336	110	45	117
337	109	45	116
336	110	45	115
337	111	45	115
338	111	44	114
336	111	44	114
338	112	43	113
337	111	43	114
337	112	42	114
338	112	41	113
337	113	41	113
338	112	41	112
339	112	40	112
338	112	39	113
338	113	39	112
338	112	39	112
339	112	39	112
338	112	39	111
338	113	39	111
339	113	39	111
338	114	39	110
339	113	39	109
338	114	40	108
339	114	39	107
339	115	39	107
339	115	39	106
339	115	39	106
341	114	39	106
340	115	39	105
340	115	39	105
340	114	39	105
342	115	38	104
342	115	38	104
342	114	37	103
341	115	36	102
343	115	35	101
343	115	36	101
342	114	36	101
342	114	36	101
342	114	36	101
342	115	36	101
342	115	36	101
342	115	37	101
342	115	37	101
343	114	37	100
342	115	37	99
342	115	37	98
342	115	37	98
343	116	37	96
342	116	37	96
342	116	37	96
343	116	36	95
344	116	36	95
343	116	36	96
344	117	36	96
343	118	37	95
343	117	36	94
344	118	35	95
345	116	35	95
345	117	35	95
345	116	36	94
344	116	36	94
345	116	35	95
345	117	36	94
345	116	36	93
345	117	35	93
344	117	35	93
344	116	35	91
344	117	35	91
344	117	35	91
344	118	35	90
345	118	35	89
344	117	35	88
343	118	35	88
343	118	34	88
345	117	34	88
344	117	34	88
343	118	34	88
343	117	34	88
343	117	33	88
344	118	33	88
342	117	33	88
342	118	33	88
343	116	33	88
343	116	33	88
342	118	33	88
343	117	33	87
343	117	33	87
343	117	33	87
343	117	33	87
343	116	32	86
343	118	32	86
343	117	33	86
343	118	32	85
343	117	32	84
343	118	32	84
343	118	32	83
343	118	32	83
343	119	31	82
343	119	31	82
343	119	31	82
343	120	31	81
343	119	32	81
343	119	32	81
344	120	31	80
344	120	31	80
345	119	31	80
345	120	31	79
346	120	30	79
