289	67	64	236
287	67	67	232
282	68	69	229
276	69	71	227
273	71	73	225
268	73	76	223
264	76	78	221
256	78	80	221
251	78	82	222
245	76	87	222
239	81	91	219
236	81	95	217
233	90	97	212
230	95	99	209
217	105	104	202
216	103	111	199
210	106	121	200
210	98	132	204
200	95	137	207
205	90	146	211
201	90	151	213
204	87	152	214
223	84	149	219
226	84	150	220
228	86	156	222
225	84	162	224
220	87	172	223
220	85	183	223
214	87	201	222
207	78	216	226
203	67	226	231
201	61	234	234
206	63	235	235
209	64	232	234
222	60	222	236
229	60	210	237
227	65	199	236
240	70	187	233
254	74	178	230
255	79	177	225
251	84	178	219
248	88	183	214
239	90	199	209
229	89	214	209
210	82	221	210
205	79	231	210
196	74	232	212
194	75	235	213
189	77	238	214
191	76	236	216
186	70	232	219
188	67	228	222
211	69	222	223
224	68	213	225
242	69	199	226
255	69	181	226
278	70	168	224
290	71	158	221
281	75	149	216
284	77	138	215
288	76	126	215
296	72	117	217
300	70	112	219
304	66	107	220
301	66	102	221
299	62	98	224
299	55	99	228
297	51	105	232
289	41	107	240
282	41	109	245
276	45	107	245
274	42	105	246
247	49	108	242
239	57	114	237
225	63	128	232
213	64	138	229
215	67	149	224
209	71	156	220
203	72	158	216
201	71	159	214
211	73	154	216
243	72	141	218
248	67	135	222
256	74	131	222
271	68	128	224
284	62	125	226
294	58	127	230
280	59	138	232
287	68	144	229
286	69	148	226
278	75	155	222
280	78	160	219
280	84	169	215
275	87	177	212
277	93	185	209
273	95	192	206
271	96	197	204
268	97	199	204
264	99	199	203
263	98	200	202
259	95	199	203
257	92	198	204
249	88	195	205
245	84	192	207
236	79	184	210
234	75	172	212
235	70	159	215
239	67	149	218
234	59	138	223
239	60	129	226
239	60	122	226
240	61	115	226
237	59	109	225
236	61	103	223
234	63	98	220
234	62	97	219
227	70	94	214
227	71	91	211
229	76	90	206
232	76	89	205
236	74	88	206
242	72	87	208
249	66	85	213
252	62	83	217
263	60	82	220
255	60	86	222
262	61	86	225
269	62	86	226
278	67	85	222
267	70	88	218
272	80	89	214
277	77	88	216
280	83	86	215
282	83	86	215
290	75	85	218
289	81	86	218
288	73	83	222
287	68	82	225
282	69	81	225
283	68	81	226
276	64	83	228
270	64	87	230
262	62	87	230
257	64	86	228
270	65	86	228
272	59	87	233
273	52	89	237
273	46	91	240
271	42	91	241
272	42	93	242
275	43	99	241
275	42	99	239
281	43	98	236
285	48	97	232
287	56	95	228
288	60	94	224
293	60	92	218
295	64	91	215
302	62	93	212
300	59	90	211
303	55	87	211
305	51	85	213
308	47	83	217
312	42	82	220
313	38	82	223
313	41	83	222
317	39	85	219
319	43	89	216
323	49	101	211
320	54	109	206
317	52	106	206
319	48	101	206
318	44	99	206
319	42	98	206
319	42	99	205
317	48	100	203
305	52	98	203
306	57	99	200
313	56	96	196
316	57	92	193
320	59	91	190
323	56	91	189
327	58	92	188
323	55	88	190
324	55	87	192
320	57	86	189
309	61	89	184
289	69	94	179
286	72	100	173
276	76	106	167
272	80	112	162
262	81	118	158
255	82	122	159
246	79	124	161
245	75	126	165
242	75	123	168
243	75	121	168
249	73	117	168
251	70	111	169
262	69	103	170
268	68	93	172
269	68	84	172
266	69	77	172
266	68	71	171
267	69	68	171
269	72	66	169
269	73	65	168
272	71	65	168
274	70	65	168
272	68	63	168
272	65	61	170
273	61	57	172
274	59	55	173
273	59	57	174
273	59	60	175
273	63	63	174
273	66	65	173
275	71	66	171
273	74	66	170
273	76	67	168
274	79	68	166
278	81	73	165
278	84	75	164
276	86	77	162
273	87	78	160
275	87	82	157
275	88	84	154
278	87	86	153
279	87	88	153
288	88	86	154
292	89	83	154
298	88	79	152
300	89	74	150
300	86	69	148
300	87	63	148
299	84	60	151
294	84	59	151
284	76	59	156
284	75	59	158
289	75	59	159
285	84	62	155
284	78	62	159
283	75	63	161
276	78	63	160
274	79	66	160
268	84	69	158
263	84	73	156
259	84	76	156
263	85	78	157
270	83	77	158
275	82	75	160
287	86	74	161
291	83	74	161
290	84	75	162
289	85	76	163
290	86	80	165
292	88	82	164
295	88	82	164
295	85	81	166
302	86	81	165
307	87	84	164
319	93	85	166
318	94	86	169
322	98	84	169
332	101	81	169
335	106	82	166
328	101	86	162
321	101	87	160
323	104	86	158
328	108	86	156
327	110	85	153
325	113	85	150
319	114	85	147
310	113	87	142
308	115	90	141
302	114	92	141
303	116	94	142
297	111	98	143
298	108	98	146
298	103	95	151
300	104	90	152
295	103	85	156
291	103	82	157
291	106	83	156
292	107	85	155
268	111	94	155
261	109	102	153
247	110	106	151
243	109	107	149
253	108	109	150
258	109	109	149
258	107	101	150
255	105	91	152
257	100	83	155
259	96	78	158
261	91	73	160
264	88	70	161
267	88	68	162
271	90	68	163
276	91	68	165
281	92	71	165
286	99	73	163
289	104	76	161
290	113	82	157
283	115	87	153
274	120	98	150
269	120	105	148
260	121	112	148
249	123	120	147
247	126	131	144
242	126	140	142
235	120	149	141
235	111	155	145
238	113	156	150
241	112	158	155
244	111	155	158
240	111	152	159
244	104	152	163
230	106	148	163
231	103	153	164
229	105	156	164
229	105	157	163
230	103	156	164
236	101	150	164
240	100	142	165
244	95	128	170
253	93	116	173
259	86	103	178
262	84	94	181
269	81	85	185
275	83	81	185
281	86	80	184
286	89	78	181
292	92	80	179
297	89	84	180
301	98	90	176
301	84	94	183
300	86	96	185
299	91	97	184
303	101	102	179
300	108	107	175
299	116	114	170
294	121	120	164
273	106	109	171
265	105	105	175
263	105	96	179
267	99	89	183
265	98	85	187
248	100	90	190
240	105	97	188
228	111	108	186
222	110	119	187
211	115	132	184
203	116	141	182
196	117	145	181
196	120	147	180
204	120	154	177
206	117	158	176
223	106	145	183
225	104	134	188
240	90	120	198
244	84	111	206
257	79	107	212
263	76	99	215
266	76	92	219
269	76	88	220
279	76	87	221
269	82	90	219
264	82	98	218
258	83	104	216
233	82	107	216
236	81	112	216
241	91	119	213
245	93	126	210
245	109	133	202
235	94	135	206
235	85	128	210
242	77	118	217
247	73	110	222
241	72	109	227
262	70	102	230
259	75	101	230
259	79	98	229
262	81	96	226
258	84	94	223
254	86	95	221
246	81	97	220
252	80	98	219
263	74	97	221
266	71	95	223
287	64	95	226
296	56	95	233
291	61	97	232
299	56	99	235
297	72	104	229
298	53	108	230
322	60	107	230
316	50	103	235
337	52	101	236
332	48	96	240
351	49	95	239
352	48	93	239
362	53	94	238
368	53	97	237
375	54	100	236
373	54	103	236
391	56	102	235
388	60	104	231
396	69	108	225
393	73	115	218
396	80	122	212
391	84	135	209
387	84	145	206
383	84	150	203
378	83	152	201
378	84	150	200
376	79	140	202
372	77	125	207
372	71	110	213
374	66	97	217
381	65	87	218
383	66	82	218
384	72	79	215
387	72	78	213
387	76	79	210
386	76	80	209
385	75	79	210
382	73	78	211
377	66	71	215
377	65	68	217
377	63	69	222
377	63	71	224
376	66	73	224
372	77	76	219
370	76	78	215
369	78	79	211
365	75	77	212
365	80	74	210
362	71	74	214
359	81	74	211
357	70	73	215
358	69	74	217
358	68	76	217
358	71	78	214
356	86	84	205
351	92	86	199
342	99	87	192
334	99	88	186
332	108	86	180
327	106	83	175
312	112	85	171
316	113	83	170
305	117	85	169
307	119	85	169
302	120	89	170
302	119	91	172
303	119	92	174
300	118	93	175
289	115	87	178
283	114	84	181
287	109	81	185
294	100	80	191
289	96	77	198
291	94	75	202
303	90	74	205
302	90	74	208
304	90	73	210
303	90	76	213
307	96	76	212
305	97	77	211
311	99	79	211
306	101	82	211
304	96	85	215
