122	51	51	61
122	51	51	60
122	51	51	60
122	53	51	61
122	53	51	61
122	55	51	61
121	56	51	60
121	56	51	60
122	57	51	60
121	57	51	60
122	58	51	60
121	58	50	60
121	59	50	60
121	59	50	60
121	59	50	60
121	59	50	60
121	59	50	60
121	60	50	60
121	60	49	60
121	60	49	60
120	61	49	60
121	60	49	60
120	61	49	60
121	61	49	61
121	62	49	61
121	61	49	61
121	62	49	61
120	63	49	61
120	62	49	61
119	62	49	61
119	61	49	60
117	60	49	60
115	60	50	59
114	60	50	59
111	60	51	59
110	58	52	59
109	59	52	60
107	57	52	60
107	57	53	61
107	57	53	61
107	58	53	61
107	57	53	61
108	56	53	61
108	55	53	60
109	55	53	60
110	53	53	59
112	53	53	59
112	52	53	59
113	52	53	59
113	53	53	59
114	54	53	59
114	55	53	59
114	56	52	59
113	58	52	60
115	61	51	61
115	63	50	62
116	64	50	62
117	66	49	62
116	68	49	61
116	71	49	61
116	73	49	61
115	76	49	62
115	78	49	62
116	81	49	63
115	81	50	62
117	83	49	62
118	84	49	62
119	83	49	61
120	85	48	60
122	85	49	60
123	86	49	60
125	87	49	59
126	87	50	59
128	85	50	59
127	84	51	59
127	83	51	59
126	81	51	60
126	78	51	61
125	75	51	62
125	74	50	63
125	71	50	63
123	70	51	63
124	68	51	62
123	68	50	62
124	66	50	61
124	67	50	61
124	66	50	61
123	66	50	60
123	65	50	60
122	64	50	60
121	63	50	60
121	62	50	60
120	60	50	60
118	59	50	60
116	58	51	59
113	57	51	59
112	56	52	58
110	56	52	58
108	56	53	58
107	56	53	58
106	56	52	59
106	56	52	59
105	57	52	59
105	57	52	59
104	56	52	59
104	55	52	60
103	54	52	60
104	54	52	60
104	54	52	60
105	53	52	60
106	53	51	60
106	55	51	60
107	55	51	60
107	55	51	60
108	56	51	60
108	57	51	61
109	58	51	61
109	59	51	61
111	61	51	61
110	62	51	62
111	63	51	62
111	64	51	61
112	64	51	61
112	65	51	61
113	66	51	61
113	67	51	61
115	67	51	60
114	67	50	60
114	67	50	60
114	67	50	60
114	67	50	60
114	66	50	61
114	66	50	60
114	65	50	60
114	66	50	60
114	66	50	60
114	66	50	60
113	66	50	61
113	66	51	60
112	66	51	60
110	66	51	60
110	66	51	60
108	65	52	60
107	66	51	61
106	65	51	60
105	66	51	60
104	66	51	60
104	66	51	60
104	66	51	61
104	65	51	61
105	65	51	61
105	65	51	61
105	65	51	61
106	67	51	61
106	67	51	61
105	67	51	61
105	67	51	60
105	67	52	60
105	67	52	60
106	66	52	60
105	66	52	60
105	66	52	60
105	66	52	60
104	66	52	60
105	66	53	60
105	66	53	60
105	66	53	60
104	66	53	60
104	66	53	60
105	66	53	60
104	66	53	60
104	66	53	60
103	66	53	60
103	65	53	60
104	65	53	60
104	65	53	60
103	64	52	60
103	64	52	60
103	64	52	60
103	64	51	60
103	64	51	60
102	64	51	60
102	64	51	59
103	64	50	59
103	64	50	59
104	64	49	59
103	65	49	59
103	65	48	58
104	66	48	58
104	66	48	58
104	65	47	57
105	66	47	57
105	66	47	57
105	67	47	56
106	67	46	56
106	67	46	56
107	68	46	55
107	68	46	55
108	68	46	55
108	69	46	55
108	69	46	54
108	70	46	54
108	71	46	54
109	71	46	53
109	72	46	53
110	73	46	53
109	73	46	53
110	74	46	52
109	75	45	53
110	74	45	52
109	75	45	52
109	75	45	52
109	75	45	52
108	75	45	52
108	75	45	52
109	75	45	52
109	76	45	52
108	75	45	51
108	75	44	51
108	75	44	51
108	74	44	51
108	75	44	51
107	74	44	51
107	74	44	50
107	75	43	50
106	74	43	50
106	73	43	51
106	73	42	50
106	73	42	50
106	73	42	49
105	73	42	49
106	73	42	49
106	73	42	49
105	74	42	49
106	74	42	49
105	75	42	49
106	75	43	49
105	75	43	49
106	76	43	49
105	75	43	50
105	76	44	50
104	75	44	50
105	75	44	50
105	75	44	50
105	75	44	50
105	75	44	51
105	74	44	51
105	75	44	51
105	75	45	51
105	75	45	52
105	74	45	52
104	74	45	52
104	73	45	53
104	71	45	53
103	70	46	54
104	68	46	53
103	66	47	53
103	65	47	54
103	62	47	54
102	62	47	54
102	59	47	54
102	57	47	55
102	56	48	55
102	53	48	55
102	51	48	56
101	50	47	55
102	50	47	55
102	49	47	55
102	47	47	55
101	46	47	56
102	45	47	56
102	45	47	57
102	46	47	57
104	46	47	57
104	46	47	57
105	46	47	57
106	48	47	57
107	48	47	57
108	50	47	57
109	50	47	57
110	51	47	56
111	51	47	56
112	52	47	56
113	53	47	56
113	54	48	56
113	55	48	56
113	55	49	56
113	54	49	57
113	55	49	57
114	56	49	57
113	57	49	57
113	59	50	58
114	59	51	58
114	60	51	58
115	62	51	58
115	64	51	58
115	65	52	58
115	67	52	58
114	68	52	58
115	70	52	58
115	71	52	58
114	73	52	58
114	74	52	58
113	76	52	58
112	76	52	58
112	77	53	57
112	77	52	58
112	78	52	58
112	77	51	58
112	77	51	58
113	77	51	59
113	77	50	59
112	77	50	59
113	77	50	60
111	76	50	60
110	75	50	60
109	75	50	60
107	74	51	60
106	74	51	60
105	73	51	59
103	73	52	58
101	73	52	58
99	72	52	58
98	71	53	58
96	70	53	57
94	70	53	58
93	69	53	58
91	68	53	58
90	67	53	58
89	67	53	58
88	66	53	58
86	66	53	59
85	66	54	59
84	65	54	59
83	65	54	59
81	65	55	59
80	65	55	59
79	66	55	59
78	66	55	59
76	66	55	59
75	66	56	59
74	67	56	59
73	66	56	59
71	67	56	59
70	67	56	59
67	67	57	59
67	66	57	59
65	67	57	59
64	67	57	59
62	67	57	59
60	67	57	59
59	66	57	59
56	66	58	59
56	66	58	59
54	66	58	59
54	67	57	60
52	66	57	60
52	66	57	60
52	65	57	61
51	65	56	61
51	65	56	62
51	66	56	62
52	65	56	62
52	65	56	62
52	63	56	62
55	62	57	62
56	61	56	61
58	60	56	60
59	59	56	60
60	58	56	60
61	57	56	59
62	55	56	60
63	53	56	60
64	51	56	60
65	49	55	61
67	48	55	61
68	46	55	62
69	44	55	63
71	43	55	62
73	42	55	62
74	42	54	62
76	40	54	62
78	40	55	61
81	39	54	61
82	39	54	60
84	39	54	60
86	39	54	60
88	40	54	60
89	40	54	60
91	41	55	60
91	42	55	60
93	43	55	60
94	45	55	60
96	46	55	60
96	48	55	61
98	49	55	61
99	51	55	61
99	52	55	62
100	55	55	62
101	57	55	63
101	58	54	63
101	61	54	63
101	63	53	63
102	65	53	63
102	68	53	62
102	69	52	62
103	73	52	62
103	75	52	62
104	77	52	62
104	79	52	62
104	81	53	61
105	83	53	61
105	86	53	61
105	89	53	60
105	92	53	60
106	94	53	60
106	98	53	60
106	100	52	61
106	101	52	60
105	104	52	61
105	107	52	63
105	112	52	64
106	117	53	66
105	117	53	67
105	118	54	68
104	118	54	68
103	120	55	68
103	121	55	67
102	122	56	66
102	124	56	65
102	126	56	64
101	128	57	63
102	130	56	63
100	133	56	62
101	135	56	61
99	138	56	60
99	139	55	59
100	141	54	59
98	142	54	59
99	144	54	58
98	144	54	58
98	146	54	58
97	149	54	57
96	150	54	56
97	151	54	56
95	154	55	55
94	155	55	55
94	156	55	54
93	156	55	54
92	157	55	53
91	158	56	53
91	158	56	53
90	158	56	53
88	159	56	52
86	159	56	52
86	159	56	52
84	155	56	52
82	153	56	53
81	151	57	54
81	148	57	54
81	145	58	55
81	142	60	55
81	139	61	55
81	137	62	55
80	132	63	56
80	127	64	58
80	124	65	60
79	120	64	61
81	117	64	63
80	112	64	65
82	105	64	66
82	101	62	67
84	98	62	66
85	98	62	66
87	95	63	65
87	95	62	64
90	92	62	63
91	93	61	63
94	91	61	63
95	90	61	62
97	89	61	61
99	89	61	61
101	90	61	61
103	90	61	60
105	91	61	61
106	91	61	60
108	91	61	61
110	91	60	61
112	90	60	60
114	90	60	60
115	90	60	60
118	89	58	59
119	89	58	59
123	89	57	59
123	89	56	58
125	88	56	58
127	88	55	58
129	87	55	58
130	87	54	58
132	87	54	58
134	86	54	57
135	87	53	57
137	87	52	56
140	86	51	56
142	87	50	56
145	88	50	56
148	89	50	57
149	90	50	57
151	91	50	58
151	93	50	58
153	95	49	59
154	97	49	59
155	98	49	59
156	99	49	60
156	100	49	60
157	103	49	60
159	104	49	61
160	107	48	60
162	108	48	59
163	108	48	59
163	108	48	58
165	108	49	58
166	107	49	57
166	105	50	57
166	101	50	58
166	100	51	60
166	96	51	62
167	91	51	64
166	87	51	65
166	84	51	65
166	82	50	65
165	79	50	66
165	77	50	67
165	74	50	66
165	72	50	66
166	69	50	65
166	66	50	65
167	62	50	65
167	60	50	65
168	57	50	65
170	55	51	65
168	52	51	65
167	51	52	65
167	50	52	64
165	49	53	64
164	48	54	63
163	49	54	63
161	51	53	64
160	52	54	64
158	52	54	63
156	56	54	64
155	56	54	63
154	58	54	63
153	60	53	63
152	61	53	63
150	63	52	62
148	64	51	60
147	65	50	59
147	65	49	59
145	65	49	58
143	65	49	58
141	65	49	57
140	66	50	57
137	65	51	57
134	66	52	57
131	68	52	58
127	69	52	58
125	72	51	59
124	74	50	60
124	73	51	60
125	73	51	60
127	71	51	59
130	70	52	59
132	69	52	59
135	69	52	59
137	70	52	60
137	71	52	61
138	72	53	61
137	70	53	61
138	70	54	62
139	68	54	62
138	68	55	62
137	67	55	62
136	67	55	63
134	68	55	64
133	69	55	64
132	72	54	66
131	73	54	66
130	75	54	65
130	76	54	64
128	78	54	64
125	79	55	63
122	81	55	62
119	82	55	62
117	83	55	61
115	85	56	61
113	87	56	60
112	89	57	59
111	92	57	59
112	96	57	58
112	98	56	57
113	101	56	56
113	103	55	56
113	104	55	56
112	108	55	57
112	107	55	58
110	111	56	60
108	115	53	65
109	114	54	67
108	113	53	70
107	113	53	72
107	112	54	74
106	111	54	75
105	110	54	75
106	109	55	76
105	108	56	76
103	109	56	76
103	106	58	76
101	107	58	76
100	107	59	77
99	108	59	77
97	108	58	77
98	104	59	74
97	104	59	71
97	103	59	69
97	102	59	67
97	101	59	65
97	99	58	63
96	97	58	62
97	95	58	61
97	92	58	61
97	91	58	60
96	90	58	60
96	87	58	60
96	86	58	60
98	84	58	60
96	82	58	60
96	78	58	61
96	76	58	62
96	74	58	62
96	71	58	63
96	68	59	63
95	67	59	64
95	65	59	64
95	63	59	64
93	61	59	65
92	59	59	64
91	59	59	64
89	57	59	64
88	57	59	64
86	56	58	64
84	56	58	63
83	56	57	63
82	55	56	63
81	54	56	63
81	53	56	63
80	53	56	63
79	54	55	63
80	54	55	63
79	53	55	63
78	54	55	63
77	55	56	63
76	57	56	64
75	60	57	66
75	60	56	66
75	60	57	67
74	62	57	67
73	63	57	67
71	65	57	67
70	66	58	67
70	68	58	67
69	70	58	67
69	71	59	68
68	72	59	67
69	73	60	65
70	74	61	62
70	76	62	60
70	78	62	58
70	81	61	57
70	81	61	56
72	81	61	55
73	80	60	55
75	77	60	55
78	74	60	56
79	72	60	57
81	69	60	58
83	67	60	59
85	65	60	60
87	64	60	60
90	61	60	61
93	59	60	62
95	58	60	63
97	57	60	64
98	55	59	65
98	55	59	66
98	53	59	66
99	52	59	66
99	52	59	66
99	51	59	65
98	50	59	64
98	50	59	64
97	49	59	64
96	48	59	63
96	46	59	63
96	44	58	62
96	42	58	62
96	42	57	62
94	41	57	62
94	41	57	62
93	40	56	62
91	40	56	62
90	41	56	62
89	41	55	61
87	41	55	61
86	41	55	61
84	40	55	61
83	39	55	61
82	38	55	62
80	37	55	62
79	34	55	63
77	32	55	64
76	29	55	65
75	27	55	65
73	26	56	65
72	26	56	65
71	25	56	64
69	24	57	64
68	24	57	63
67	24	57	63
68	26	57	62
67	25	57	62
68	26	57	62
68	27	57	63
69	27	57	63
70	27	57	65
71	27	56	67
72	29	57	68
73	31	56	68
74	36	56	67
76	41	56	65
77	45	55	63
79	45	55	62
80	47	54	61
82	48	54	60
83	49	54	59
84	50	54	59
86	51	54	58
88	50	54	58
90	50	54	58
92	48	54	58
95	47	54	58
97	45	54	58
100	44	54	58
102	42	53	59
104	41	53	59
106	39	52	59
110	38	52	60
111	37	51	60
114	36	51	60
117	35	51	59
119	34	51	59
121	34	51	59
123	33	51	59
125	32	50	59
127	32	50	59
129	31	49	58
131	31	49	58
134	31	49	58
135	30	48	58
138	31	48	58
139	30	47	59
141	30	46	60
144	30	45	60
145	28	45	60
146	28	45	61
148	29	45	61
151	30	45	61
152	32	46	60
154	32	48	60
154	34	48	60
155	35	48	59
156	37	49	59
157	38	49	58
157	40	49	58
159	41	49	57
161	43	49	56
162	46	48	56
164	48	48	56
163	48	47	56
164	51	47	55
164	53	47	56
164	55	47	56
165	57	48	57
165	58	48	58
166	59	48	59
165	59	48	59
164	60	48	59
163	61	48	60
160	61	49	60
159	61	49	60
157	61	49	60
155	60	49	60
155	59	50	60
154	58	51	60
152	57	51	60
151	57	51	60
148	58	52	61
144	57	53	61
141	58	53	61
139	58	52	61
136	58	52	61
134	59	52	62
132	59	52	62
130	60	52	63
128	60	52	63
126	60	52	63
122	61	53	62
119	62	54	62
115	63	54	62
111	64	55	61
109	65	55	62
107	65	55	62
105	67	54	62
103	66	54	62
101	68	54	63
98	70	54	63
97	71	54	63
94	72	54	63
93	73	55	62
90	74	55	61
90	74	55	60
88	74	54	60
87	75	54	60
88	77	54	60
88	78	54	61
89	80	54	62
89	83	54	62
90	88	54	62
90	91	54	63
90	96	54	63
91	99	54	63
91	103	54	62
91	105	54	63
92	109	54	64
94	116	54	66
95	118	54	67
95	119	54	67
96	123	55	65
96	125	55	63
97	128	55	61
97	128	55	60
97	128	54	59
98	127	53	59
98	123	53	61
99	121	52	63
93	111	53	65
91	107	53	67
90	99	53	67
89	93	53	67
89	88	53	66
89	83	53	66
89	80	53	65
89	76	53	64
88	73	54	63
88	71	54	63
89	68	55	62
90	67	56	62
91	65	57	61
93	64	57	61
94	64	58	60
96	64	59	60
99	63	60	60
101	64	61	60
103	64	62	60
105	64	62	60
107	65	63	59
110	65	62	60
113	66	62	60
112	67	62	60
119	66	59	60
116	67	59	60
119	67	57	60
117	66	57	60
118	66	57	60
116	65	56	60
115	66	56	60
112	66	57	60
110	66	57	60
107	67	57	60
106	67	57	60
104	66	58	60
102	67	58	61
100	67	57	61
97	67	57	61
96	68	57	61
94	69	56	62
93	70	56	62
90	71	56	62
90	72	56	62
88	74	56	62
87	75	56	62
86	76	56	62
85	78	56	62
85	80	55	62
85	82	54	62
85	86	55	63
86	89	54	62
86	91	54	62
86	96	54	61
86	99	54	60
87	103	54	59
88	104	54	57
86	109	55	56
87	109	55	56
87	110	54	56
89	111	54	56
90	111	54	56
91	113	54	57
93	116	53	61
95	113	52	64
98	111	52	68
100	110	52	71
103	108	53	74
104	105	54	72
105	106	54	73
107	102	55	73
108	99	55	74
109	93	56	71
109	89	57	69
109	87	58	66
109	84	58	66
108	84	59	65
107	82	58	65
105	80	57	66
104	76	56	66
103	75	57	65
101	74	57	65
98	73	57	64
97	72	57	63
95	71	57	62
93	70	57	62
92	69	57	62
90	67	57	63
89	66	57	63
90	65	57	63
90	62	57	63
90	61	57	64
92	60	57	64
92	59	57	64
94	60	57	64
95	60	57	64
97	61	57	64
98	60	57	64
100	60	57	64
102	59	57	65
102	59	57	65
104	59	57	65
105	58	57	65
106	58	57	66
107	58	58	66
107	58	58	66
108	57	59	66
108	57	59	66
109	57	59	66
110	57	59	65
111	58	57	65
112	59	56	65
112	59	56	64
119	58	54	64
120	58	53	64
123	58	51	64
125	57	50	64
126	57	49	64
127	57	48	64
128	57	47	64
129	56	46	64
130	56	46	64
131	56	45	63
132	57	44	63
133	57	44	62
134	56	44	62
136	58	43	62
136	59	43	61
136	60	42	62
137	62	42	61
137	65	41	61
138	67	40	62
135	73	40	63
136	74	40	64
136	79	39	64
135	80	39	63
136	83	38	63
136	83	38	62
136	87	38	62
135	89	38	61
135	91	39	60
134	93	39	60
131	95	40	59
132	98	41	58
132	97	41	58
131	99	42	57
131	96	41	58
130	95	41	58
130	94	41	58
130	90	40	59
130	88	40	60
130	86	39	60
130	82	39	60
128	80	39	61
129	76	40	61
127	73	40	61
127	71	41	62
127	67	41	62
126	64	42	62
123	61	43	62
124	59	44	61
120	59	45	60
118	56	45	60
115	56	46	59
113	56	46	59
110	56	46	58
108	54	47	57
105	55	47	57
101	54	48	57
98	53	48	57
95	53	49	58
91	53	49	58
87	52	49	58
84	52	50	58
75	54	53	58
73	53	53	57
71	54	53	57
72	54	52	57
69	55	51	57
67	55	52	57
68	55	51	57
68	56	50	56
66	56	49	56
67	55	48	56
67	55	48	56
66	56	48	56
65	56	48	56
67	58	48	56
69	58	48	56
72	58	48	55
74	59	48	55
78	59	48	55
80	61	48	56
84	62	48	56
88	62	49	56
92	64	49	56
96	65	49	56
100	66	49	57
105	67	50	57
108	68	49	57
112	68	48	57
116	68	48	56
121	68	49	56
124	68	48	56
128	69	47	56
132	69	45	56
136	69	45	56
142	69	46	55
145	70	46	55
146	70	47	54
149	70	47	54
151	73	48	53
155	74	48	52
160	76	47	52
164	78	46	52
165	81	46	53
166	85	46	53
167	86	46	53
168	89	46	54
167	98	47	53
168	99	47	53
168	103	47	53
167	111	47	51
167	113	48	51
166	114	47	52
164	118	47	53
159	125	48	53
162	120	46	56
148	135	49	54
132	142	53	50
128	145	55	48
128	143	54	49
126	143	53	50
124	142	51	52
125	144	50	52
125	138	48	55
124	131	45	59
125	127	44	62
128	127	45	62
129	129	48	61
126	127	49	61
152	137	52	59
144	134	56	57
128	132	58	57
126	129	60	58
126	129	63	58
127	127	66	58
124	119	68	57
125	115	70	55
134	112	72	54
144	104	69	55
143	99	67	57
146	95	63	58
145	91	58	61
146	88	55	62
144	86	54	63
144	86	52	62
143	84	51	62
140	82	51	61
139	82	50	61
136	82	50	62
135	82	50	61
126	83	52	61
122	83	54	61
120	83	56	61
113	83	58	62
115	82	59	61
110	84	60	61
106	85	61	60
103	87	62	59
100	90	62	58
99	92	63	55
98	96	64	53
94	95	63	52
92	97	62	53
90	95	61	53
89	95	59	55
89	94	57	55
88	95	56	57
89	95	55	57
90	94	54	58
89	95	53	58
90	95	53	58
90	95	53	58
90	95	52	59
91	95	52	59
90	95	52	59
90	94	53	58
90	93	53	57
89	90	55	54
87	93	54	54
88	90	55	53
87	91	55	52
86	90	56	51
85	91	56	50
85	89	57	49
82	90	56	49
82	89	57	49
82	89	57	49
79	89	56	51
79	90	56	55
79	89	55	58
79	86	56	60
77	85	57	60
77	83	59	59
76	81	61	57
76	82	62	56
77	81	64	54
78	81	66	51
78	80	67	50
78	77	66	51
81	74	65	52
83	73	64	53
88	71	64	55
88	68	62	57
90	66	61	58
92	64	60	60
95	61	60	61
96	60	59	62
97	59	59	63
99	55	59	65
100	52	58	66
102	51	57	68
103	49	57	68
104	46	57	68
104	45	57	68
106	45	56	68
105	44	57	68
107	43	57	68
108	42	57	68
109	42	58	69
110	42	58	69
109	42	58	70
110	41	57	70
110	41	56	70
112	41	56	69
113	42	55	69
113	42	55	68
115	41	55	68
116	41	55	67
117	42	55	67
118	43	55	67
119	44	55	66
120	45	55	66
122	47	56	65
123	47	56	65
124	47	57	65
124	48	57	65
123	48	58	65
121	48	58	65
119	49	58	65
118	50	57	65
117	50	55	65
117	51	54	66
116	51	53	66
114	51	53	66
113	51	54	65
112	51	55	64
109	52	56	64
106	52	56	63
103	55	56	62
99	56	57	62
95	59	58	63
93	60	58	64
91	61	59	65
90	63	59	65
88	64	59	65
87	64	59	65
85	66	58	64
84	67	58	64
83	69	58	64
82	70	59	64
80	72	59	64
81	73	59	63
79	75	59	63
80	76	59	63
80	79	59	63
80	81	59	62
81	82	59	62
81	82	59	62
82	84	59	61
84	84	58	61
85	84	58	60
87	85	58	60
88	85	58	59
89	86	57	59
89	85	57	58
91	85	57	58
91	86	56	58
93	85	56	57
93	85	55	57
94	84	55	57
95	84	55	57
96	83	55	57
97	82	55	57
96	78	55	58
98	77	56	58
97	76	56	59
98	74	56	59
98	71	56	60
100	70	56	61
102	68	56	61
103	67	56	61
106	68	55	61
108	69	55	62
110	70	55	62
112	71	55	62
115	72	55	62
117	72	54	62
118	74	55	62
120	74	54	62
121	74	54	62
120	74	54	62
122	73	54	62
121	74	54	62
122	73	54	62
124	74	54	62
125	75	55	62
128	77	56	62
130	81	57	61
133	82	57	61
139	86	56	62
146	88	57	62
150	91	56	63
155	93	58	64
161	94	60	64
164	97	62	63
168	97	63	62
170	97	63	62
174	99	63	61
175	100	62	60
177	100	62	60
179	100	61	60
178	101	61	60
181	100	61	61
180	100	61	61
180	100	61	61
179	100	61	61
178	100	61	61
179	100	61	61
178	99	61	61
178	99	61	61
177	99	60	61
177	99	60	61
177	100	60	61
177	100	60	60
177	100	60	60
176	101	60	60
177	101	59	59
177	101	59	59
176	102	59	59
177	102	59	59
177	102	59	59
177	103	60	59
178	103	60	59
178	103	60	59
178	103	60	59
178	103	60	59
178	103	59	59
178	103	59	59
177	103	59	59
177	103	59	59
177	103	59	58
178	103	59	58
177	104	59	58
178	103	59	58
178	104	58	59
178	104	58	58
178	104	58	58
178	104	58	58
179	104	59	58
178	105	59	57
179	105	59	57
179	105	59	57
179	104	59	58
179	104	59	58
179	104	59	58
179	104	59	58
179	104	58	58
179	105	58	58
178	104	58	58
178	105	58	58
178	105	58	58
179	105	58	58
179	104	58	58
179	104	58	58
179	105	58	58
179	105	58	58
179	105	57	58
179	105	57	58
