146	54	68	101
145	60	71	93
143	62	73	88
143	65	74	85
146	65	75	84
148	65	74	83
150	65	74	83
153	65	73	83
156	65	73	82
156	65	73	82
157	66	73	81
158	68	73	79
159	71	72	78
159	71	72	76
165	71	70	76
168	73	69	74
170	75	68	73
172	77	67	71
179	77	65	70
184	77	65	69
183	74	63	67
187	72	62	66
190	70	61	66
191	71	60	64
194	75	59	63
194	78	58	62
193	82	58	60
192	83	58	60
191	85	57	59
189	87	56	58
186	86	56	58
182	86	55	58
180	85	54	57
177	83	54	57
173	83	53	57
168	83	52	57
164	81	52	58
159	80	53	59
155	79	54	59
153	78	55	59
153	79	56	60
151	78	56	60
151	79	57	60
150	80	57	60
150	80	57	60
147	81	57	60
144	81	57	59
143	81	56	58
143	82	55	59
143	82	53	59
142	80	53	58
142	80	53	57
145	80	54	56
145	81	53	55
146	83	54	54
147	85	53	53
147	89	52	52
148	92	51	52
149	93	51	52
149	94	50	52
151	92	50	52
153	91	49	52
157	89	48	52
160	85	48	53
165	82	49	53
165	80	51	53
169	78	52	53
169	77	53	54
170	78	54	55
173	79	55	57
174	80	55	58
177	81	55	59
178	81	55	59
178	82	54	60
180	82	54	59
184	82	54	58
181	81	53	58
181	79	53	57
181	79	53	56
178	79	53	56
176	80	52	55
174	83	52	55
173	84	52	55
172	83	51	55
171	82	51	55
170	81	52	55
168	81	52	55
168	80	52	55
167	80	52	56
165	78	53	56
163	76	54	56
159	75	53	57
155	74	52	57
153	72	53	57
153	73	54	57
155	78	54	57
153	81	55	56
154	82	55	56
152	86	54	55
153	86	54	54
153	86	54	54
155	87	53	54
155	86	53	53
157	85	53	52
158	84	53	51
159	85	53	51
160	84	52	51
166	84	52	52
168	85	52	52
169	86	52	52
173	87	52	53
173	87	53	53
173	87	52	53
174	88	51	53
179	86	49	53
181	87	48	53
184	87	49	53
184	86	49	53
184	86	49	53
187	84	49	53
187	83	50	53
188	85	51	54
187	87	51	54
188	90	51	54
189	93	52	54
189	93	52	54
190	91	50	54
189	90	49	53
186	88	48	54
184	86	48	53
180	84	49	53
178	79	50	52
176	78	51	53
175	78	51	53
172	79	51	54
167	80	51	55
163	81	51	55
160	80	51	55
157	80	51	55
157	80	51	54
157	79	51	53
158	81	50	53
158	81	49	52
160	83	49	52
162	84	48	52
165	84	47	52
166	87	47	51
168	89	47	51
171	90	47	51
172	90	47	51
175	90	47	51
178	89	48	50
180	87	48	51
182	85	48	51
183	85	48	51
184	84	49	51
185	86	48	52
185	87	48	52
185	88	48	52
184	90	49	52
185	92	49	51
184	93	49	52
181	94	49	52
180	94	49	52
180	95	50	51
179	94	50	52
179	93	50	52
179	87	50	52
179	86	50	52
176	86	50	52
173	86	50	52
171	86	49	53
168	87	49	53
168	89	49	53
165	91	49	53
163	91	49	53
158	90	48	52
155	87	49	52
153	86	49	52
152	85	49	52
152	86	49	51
153	86	48	51
156	87	47	51
159	89	47	51
162	91	47	50
163	93	47	50
165	96	48	50
168	99	49	49
170	99	49	48
172	101	50	48
175	102	49	48
180	103	49	48
184	100	48	50
189	96	47	52
191	94	47	52
193	90	48	53
195	89	48	53
199	89	49	53
202	91	50	53
204	92	51	53
209	93	50	53
213	94	50	54
214	95	49	54
215	93	49	55
215	93	50	54
217	92	50	54
214	91	50	54
212	92	49	54
213	92	49	54
213	93	49	53
212	94	49	52
212	92	49	52
209	92	50	52
208	92	50	51
207	91	50	52
205	90	49	53
205	90	49	53
203	92	50	53
201	96	49	52
199	96	49	52
199	95	50	52
197	92	49	53
197	93	48	53
197	91	49	53
196	92	48	52
199	94	47	53
202	96	47	52
205	97	47	52
207	97	46	52
206	98	47	51
208	97	47	52
207	94	48	52
211	94	47	52
214	94	47	52
216	94	47	52
223	91	46	52
227	91	47	52
230	93	48	52
233	97	48	52
236	99	48	53
236	106	49	51
235	106	48	52
234	106	48	51
234	106	48	52
239	104	48	52
241	106	47	52
240	107	47	52
239	107	47	51
235	108	47	50
235	105	47	50
235	107	47	51
233	110	48	51
232	111	48	51
227	111	48	52
225	110	49	51
222	109	49	51
217	107	51	51
217	100	51	51
217	95	51	51
218	90	51	51
224	86	50	52
228	86	50	52
232	89	49	53
236	98	49	53
241	100	49	53
244	102	49	53
249	108	49	52
254	107	50	52
260	103	51	53
257	97	51	52
263	91	50	53
268	88	49	53
271	81	48	54
273	78	47	55
273	78	46	55
271	84	46	53
268	86	47	52
265	88	47	51
265	88	48	50
267	87	48	51
264	86	47	51
265	86	46	50
267	85	47	50
266	85	46	51
266	85	46	50
266	83	46	50
265	81	47	51
266	82	48	51
264	83	49	51
264	83	49	51
265	82	49	53
265	81	49	53
264	81	50	53
265	83	50	54
265	84	51	55
264	87	52	55
259	88	52	55
252	89	53	54
245	93	53	54
239	94	52	54
235	93	51	53
227	92	50	52
224	93	50	51
218	92	50	51
216	90	50	52
213	90	50	52
211	89	50	52
208	93	49	52
204	95	48	53
204	97	49	53
200	96	49	54
194	92	48	55
191	91	48	55
186	89	48	55
177	87	48	55
168	84	48	55
158	78	49	55
151	79	49	55
146	75	50	54
142	74	51	54
138	76	52	55
136	77	53	53
133	77	53	52
135	78	53	52
135	81	52	53
134	85	51	53
131	84	50	53
137	85	50	54
140	86	50	53
143	85	50	52
141	87	49	51
143	88	48	52
148	88	48	53
152	87	48	54
156	89	48	54
162	91	48	55
167	92	48	56
168	90	48	56
170	89	48	55
171	83	47	56
171	77	47	57
169	74	47	57
171	72	47	57
170	67	48	58
169	73	48	57
169	77	50	56
173	89	50	56
177	98	50	58
181	104	53	57
185	114	54	57
190	121	55	59
195	123	55	62
197	123	56	64
198	126	57	66
203	122	57	67
206	120	58	67
202	118	58	68
199	116	58	68
196	114	58	68
196	110	59	68
191	104	59	68
187	97	59	68
183	92	59	68
178	92	59	68
177	87	56	69
173	88	55	70
170	87	55	71
170	87	54	71
170	92	54	71
170	96	53	70
168	96	53	70
166	97	53	70
165	97	52	69
164	96	52	69
165	93	52	69
164	89	52	69
166	82	52	68
167	82	52	69
168	82	52	70
169	76	53	69
174	70	52	69
184	84	52	69
187	81	52	71
193	72	53	72
197	83	54	75
202	74	55	76
207	78	55	77
211	66	55	78
216	63	55	78
214	62	56	78
212	57	57	78
207	62	57	79
207	60	57	79
206	58	57	79
206	63	57	80
203	62	58	80
207	67	58	81
206	68	58	81
203	71	58	82
201	70	58	82
198	71	59	83
192	72	59	83
191	72	59	84
192	73	59	83
191	70	59	83
193	72	59	83
195	71	60	83
191	81	60	83
189	96	60	83
189	102	60	83
188	103	60	83
191	95	60	83
190	94	60	83
190	82	60	83
193	78	61	83
197	79	61	84
193	73	61	84
190	66	61	84
198	66	61	84
201	64	61	84
204	78	61	82
206	81	60	82
211	88	60	81
215	92	61	79
215	95	61	79
216	96	61	78
216	92	61	78
207	95	61	78
197	90	61	78
199	88	61	77
183	83	61	77
180	76	61	77
234	64	61	77
186	62	61	77
180	60	62	77
183	60	63	75
189	71	63	76
192	73	63	78
198	78	61	81
201	80	60	82
198	79	60	82
195	79	59	82
193	74	58	83
190	70	57	85
185	71	56	85
176	69	57	86
176	79	58	85
173	80	58	83
171	85	59	81
168	87	60	79
165	81	60	79
162	75	59	80
161	73	57	80
165	70	55	82
163	70	54	81
170	57	51	83
176	55	51	81
178	60	50	80
175	60	49	77
174	64	50	75
172	69	50	72
169	74	51	67
161	75	51	64
154	76	51	61
149	74	51	58
144	72	50	56
138	68	48	55
133	63	48	55
132	61	47	54
131	60	47	54
129	61	47	53
133	62	46	53
135	64	46	52
138	66	46	52
142	65	45	53
146	65	45	54
149	68	46	54
152	70	47	53
157	70	48	52
156	69	48	52
159	70	48	52
158	71	48	53
160	75	48	54
158	77	48	54
163	78	48	55
162	79	49	55
164	82	49	55
166	81	50	54
170	82	51	54
170	79	51	53
170	75	50	52
172	72	50	52
170	69	49	52
167	70	49	52
165	72	48	53
162	77	47	53
164	79	46	54
164	78	46	54
164	77	46	55
165	76	46	55
168	75	46	54
178	74	47	53
181	69	46	53
187	70	47	51
187	75	46	52
192	75	46	51
195	79	46	52
190	77	47	51
187	76	46	51
184	72	46	52
184	71	46	53
187	68	46	54
187	66	46	54
190	64	45	55
191	63	46	55
198	61	46	57
197	66	47	56
196	72	48	56
194	79	48	56
185	83	48	57
174	86	49	58
163	83	49	58
154	78	49	58
143	71	49	58
141	67	49	58
139	63	49	58
137	60	50	58
137	61	50	58
137	66	51	60
139	69	51	60
142	72	51	59
141	81	51	59
142	83	52	60
145	83	51	60
146	81	51	60
150	78	51	59
152	73	51	59
155	73	52	59
154	73	52	60
156	73	52	61
156	76	52	61
155	81	52	60
152	85	52	60
152	89	52	61
149	90	52	62
145	89	52	63
142	88	52	63
139	85	52	63
135	76	53	63
135	72	53	63
133	65	55	63
136	64	55	62
134	66	56	62
134	68	57	62
135	72	57	62
134	76	57	63
133	81	57	62
134	82	57	62
132	83	56	62
136	82	55	62
136	81	55	61
141	81	56	61
149	79	56	61
156	75	57	61
161	72	57	62
168	70	58	62
172	71	58	63
176	74	58	63
179	76	58	64
