125	162	74	55
125	162	75	54
125	162	76	54
125	163	76	53
125	163	76	53
123	162	76	53
124	162	77	53
124	163	77	53
123	163	77	52
124	162	77	52
125	163	77	52
124	163	77	52
124	162	77	52
124	163	77	52
125	162	76	53
124	162	77	53
124	163	77	53
123	162	77	52
124	163	77	53
124	163	77	52
124	162	77	53
124	162	77	52
123	163	77	52
124	163	77	52
123	163	77	52
124	163	77	52
124	163	77	52
124	163	77	52
124	163	77	52
123	163	77	52
124	163	77	52
123	163	77	52
124	163	77	52
124	163	77	52
123	161	77	52
124	163	77	52
124	163	77	52
123	162	77	52
123	163	77	52
123	163	77	52
123	162	77	53
124	163	77	53
124	161	76	54
123	161	76	54
123	161	77	54
122	160	77	54
122	160	78	54
122	160	78	54
122	159	78	54
121	158	78	54
122	159	79	53
122	160	79	53
123	159	79	52
123	160	78	52
123	160	78	53
124	161	78	53
123	160	77	53
125	161	77	53
124	159	77	53
124	160	77	53
124	159	77	53
124	159	77	53
125	160	77	52
124	160	77	52
124	160	77	52
124	160	77	53
124	159	77	53
124	159	77	53
124	159	77	53
125	160	77	52
126	159	77	52
126	158	76	52
126	157	75	53
128	156	75	52
127	155	74	52
128	155	75	52
128	154	75	52
128	153	75	52
130	153	75	51
131	152	74	51
130	151	74	51
133	150	73	51
133	149	72	51
135	147	71	50
133	147	71	49
135	146	71	48
137	145	70	48
138	143	68	47
138	142	68	46
140	142	66	45
140	140	65	44
141	140	64	43
142	139	63	42
142	138	62	42
142	138	61	41
143	136	60	40
144	136	59	40
144	136	58	39
145	135	57	39
144	134	56	38
146	133	56	37
146	133	55	37
146	132	54	36
146	132	53	36
146	131	53	35
146	132	52	35
146	131	52	34
147	131	51	33
147	130	50	33
147	131	49	33
147	130	49	32
148	130	49	32
149	131	48	32
148	130	47	31
149	130	47	31
149	130	46	31
150	130	46	31
151	130	45	30
150	129	45	30
151	129	45	30
151	129	45	30
152	129	44	30
152	128	44	30
152	129	44	30
153	128	44	30
154	128	44	30
154	128	43	30
154	128	43	29
154	128	43	29
155	128	43	29
155	128	43	29
155	128	43	29
155	128	42	29
155	129	42	29
154	128	42	29
155	128	42	29
155	129	42	29
155	129	42	29
155	129	42	29
155	130	42	29
154	130	43	29
154	130	43	29
153	131	43	30
154	131	43	30
153	131	43	30
154	131	43	30
153	132	43	30
153	132	44	31
153	132	45	30
153	132	45	31
153	132	46	31
153	133	47	31
153	133	48	32
153	134	48	32
152	135	49	32
151	135	50	33
151	135	51	33
150	135	51	34
148	136	52	34
148	136	54	35
147	137	55	36
146	137	56	37
144	137	57	38
144	138	58	38
143	138	60	40
143	139	61	41
143	139	62	41
143	140	63	42
143	140	64	43
143	141	65	44
143	142	66	45
142	141	67	46
142	142	68	47
142	142	70	47
142	142	72	48
141	143	73	49
140	143	74	50
138	143	76	50
137	143	77	51
137	143	79	52
135	143	81	53
137	144	81	54
137	143	82	55
138	142	82	56
138	141	82	56
138	141	83	57
140	139	82	58
141	137	82	59
140	135	82	60
143	132	83	61
141	128	84	63
141	123	85	64
141	122	86	65
140	118	87	63
141	115	88	62
137	112	90	59
135	111	91	56
136	111	91	55
134	111	92	54
133	112	93	53
131	112	93	52
133	112	93	51
132	114	92	50
134	114	91	50
134	114	90	50
136	115	88	50
137	116	85	50
139	115	84	50
139	117	83	50
141	116	82	50
141	116	81	50
142	116	80	49
143	116	79	49
144	116	79	49
145	115	80	49
145	114	80	49
145	115	79	50
144	116	80	49
145	117	80	49
145	117	81	49
145	117	81	49
144	119	81	49
144	120	81	49
143	119	81	49
143	119	82	49
142	120	82	49
143	121	84	49
142	120	83	49
142	120	83	50
142	120	83	50
144	120	83	51
144	120	83	53
145	119	83	55
145	117	83	56
146	117	86	57
143	114	88	55
143	113	88	56
139	112	86	58
142	111	85	58
140	108	84	59
139	110	84	59
138	110	85	59
138	111	86	59
137	110	87	57
138	109	87	57
137	109	87	55
137	110	87	55
136	111	87	53
134	113	87	51
136	112	87	51
138	112	85	51
136	115	85	49
140	115	84	49
138	114	83	50
139	113	82	50
139	115	81	50
141	116	80	50
141	115	80	51
141	117	80	50
140	116	81	50
137	117	83	50
140	115	82	50
137	116	83	50
141	117	82	50
136	117	84	49
136	118	84	48
137	115	83	49
131	121	86	46
137	117	84	48
131	121	86	46
135	120	85	47
134	122	85	46
139	120	83	48
131	125	85	45
136	123	84	46
135	124	84	45
138	122	82	45
137	121	81	45
139	123	80	44
137	123	81	43
142	122	79	43
138	124	79	42
142	122	78	42
138	125	79	40
145	122	76	41
138	125	77	39
144	123	75	39
140	124	75	38
141	126	74	37
143	124	71	37
139	127	72	35
143	126	70	34
141	126	70	34
144	127	68	33
142	127	66	32
143	127	65	32
144	127	64	32
143	128	64	31
145	127	62	31
145	128	61	31
145	128	61	30
146	127	60	30
148	126	58	30
145	127	58	30
147	128	58	30
147	126	57	30
148	127	57	30
149	125	56	30
148	126	56	29
148	127	56	29
148	127	55	29
150	125	55	30
150	126	54	30
150	125	54	30
150	127	54	29
150	127	54	29
150	128	55	29
150	127	55	29
151	129	55	29
152	128	54	29
151	128	54	29
154	129	53	30
152	130	54	29
154	131	52	30
155	132	51	30
156	132	49	31
156	134	48	31
155	137	47	31
156	139	46	32
155	141	46	32
154	143	46	33
153	146	46	34
152	147	46	35
151	149	46	35
149	151	46	36
148	153	47	36
148	155	47	37
146	157	47	37
145	158	46	37
143	160	47	36
140	159	47	36
138	160	47	36
135	159	47	36
133	160	47	35
129	158	48	35
125	156	48	35
124	157	48	36
121	156	48	37
120	154	48	37
118	153	49	37
115	153	50	37
113	153	50	36
111	152	51	36
109	152	50	36
107	151	50	36
104	150	50	35
102	147	51	34
97	146	52	34
95	144	53	34
94	141	53	34
91	140	54	34
89	138	55	33
89	136	56	33
89	136	56	33
91	134	55	33
91	133	55	32
90	132	54	32
90	131	54	32
89	130	54	32
90	129	54	32
90	127	54	32
90	125	53	34
89	124	53	35
91	123	52	36
90	120	53	36
89	120	54	36
89	119	55	37
87	119	56	37
88	118	57	37
87	118	59	37
88	116	60	38
88	116	61	38
89	115	62	39
89	115	62	39
90	115	63	38
90	116	64	38
92	114	65	38
93	116	65	38
93	116	66	38
94	118	67	38
95	118	68	38
96	119	68	39
97	121	70	38
98	121	70	38
99	123	71	37
101	121	72	37
100	122	73	37
102	122	74	38
103	120	74	39
103	122	75	38
104	123	76	38
104	119	77	39
105	117	78	40
105	120	79	40
106	117	79	41
106	116	79	43
107	117	79	44
108	115	79	47
109	112	78	49
109	109	78	51
111	109	78	53
112	106	78	56
112	105	79	57
110	103	80	59
109	101	81	61
106	100	83	62
103	95	87	59
104	96	90	55
103	96	92	51
105	98	92	50
106	101	90	50
108	101	89	50
109	101	87	50
109	102	86	50
112	100	84	51
114	101	83	50
114	103	82	49
114	106	82	48
115	106	80	48
117	108	78	47
118	109	77	46
117	109	76	46
119	107	75	46
117	107	76	46
119	108	77	46
121	109	77	46
119	109	78	46
118	111	79	45
118	113	79	44
118	111	79	44
119	111	79	44
120	111	79	44
121	111	79	44
120	110	79	44
120	111	79	44
122	111	78	44
121	110	79	44
120	111	79	44
120	111	79	44
120	110	79	44
120	109	78	45
119	109	77	45
118	109	77	45
118	109	77	45
119	109	77	45
118	110	78	44
118	109	78	44
118	109	79	44
118	109	79	44
118	110	79	43
119	110	79	43
119	111	79	43
119	111	79	43
119	112	79	44
120	113	79	44
120	112	79	44
121	112	79	44
121	113	79	45
120	113	79	45
121	113	79	44
121	113	79	44
121	114	78	44
