264	149	32	68
264	149	31	68
266	149	31	69
267	149	30	70
268	150	30	70
269	149	30	70
270	149	30	70
272	150	30	70
273	150	30	70
275	149	30	70
277	149	30	70
278	149	30	70
280	150	30	70
281	150	30	70
282	150	30	70
283	150	30	70
286	150	30	70
286	151	30	69
287	151	30	69
288	150	30	69
290	151	29	69
291	152	29	69
292	151	29	69
294	151	29	69
296	152	29	69
297	152	29	69
298	152	29	69
299	152	29	69
300	151	29	69
302	151	29	69
303	152	29	69
303	152	29	68
304	152	29	68
307	152	29	68
308	153	29	68
310	152	29	68
310	152	29	68
310	152	29	68
312	152	29	68
313	152	29	68
315	153	29	68
315	153	29	68
317	153	29	68
318	153	29	68
319	152	29	68
321	153	29	68
321	153	29	68
322	153	29	68
324	153	29	68
325	153	29	68
327	153	29	69
326	153	29	69
327	154	29	69
329	153	29	68
331	153	29	69
333	153	29	68
333	154	29	68
334	154	29	68
335	153	29	68
337	154	29	69
339	154	29	69
339	153	29	68
340	154	29	69
341	154	29	69
343	154	29	68
343	154	29	68
344	154	29	68
345	154	29	69
346	154	29	69
349	154	29	68
349	154	29	68
350	154	29	68
350	155	29	69
351	154	29	69
354	154	29	68
354	155	29	69
355	155	29	68
357	155	29	68
357	155	29	69
358	155	29	69
361	156	29	69
361	156	29	68
361	156	29	68
363	156	29	68
364	156	28	68
366	156	28	68
365	156	29	68
367	156	29	68
368	156	29	68
370	156	29	68
371	156	29	68
371	156	29	68
371	157	29	68
372	157	29	68
374	157	29	68
375	156	29	68
376	157	29	68
377	157	29	68
378	157	29	68
379	157	29	68
380	157	29	68
380	157	29	68
382	157	29	68
383	157	29	68
384	158	29	68
386	157	29	68
385	158	29	68
388	158	29	68
388	158	29	68
389	158	29	68
391	158	29	68
391	159	29	68
392	158	29	68
394	159	29	68
395	159	29	68
396	159	29	68
396	160	29	68
398	159	29	68
399	159	29	68
400	159	29	68
401	159	29	68
401	159	29	67
403	159	29	68
404	160	29	68
405	160	29	68
406	160	29	68
405	159	29	67
407	160	29	68
407	160	29	68
409	160	29	68
410	160	29	68
410	160	29	67
411	160	29	68
412	160	29	68
413	161	29	68
414	161	28	68
414	160	28	68
415	161	29	68
417	161	28	68
418	160	29	68
419	161	28	68
419	161	28	68
420	161	28	68
422	161	28	68
423	161	28	68
425	161	28	68
424	162	28	68
425	162	28	68
427	161	28	68
428	161	28	68
430	161	28	68
430	162	28	68
431	162	28	68
431	161	28	68
432	162	29	67
433	162	29	68
433	162	29	68
434	162	29	68
434	162	29	67
436	162	28	67
436	163	28	67
437	162	28	67
438	162	28	68
438	163	28	68
439	163	28	68
440	163	28	67
440	163	28	67
441	163	28	67
441	163	28	67
442	162	28	67
442	163	28	68
442	162	28	67
442	163	28	68
444	163	28	68
445	163	27	67
445	164	27	67
446	163	27	68
446	163	27	68
446	164	28	67
447	163	28	67
448	164	28	67
447	164	28	67
449	164	28	67
451	164	28	67
451	165	28	67
452	164	28	67
451	164	28	67
453	165	28	67
453	165	27	67
454	165	28	67
455	164	27	67
455	165	27	68
456	165	27	68
457	165	28	68
457	165	28	68
458	165	28	67
458	165	28	67
460	166	27	67
460	165	28	67
460	166	27	67
462	166	27	67
462	166	27	67
463	166	27	67
463	166	27	68
464	166	28	68
464	167	28	68
465	166	28	68
466	167	27	68
467	167	27	68
467	166	27	68
469	167	27	68
469	167	27	68
469	167	27	67
470	167	27	67
472	168	27	68
472	167	27	68
472	168	27	68
473	168	27	68
473	168	27	67
476	168	27	67
477	168	27	67
477	168	27	67
477	168	27	67
478	168	27	67
478	168	28	67
481	168	28	67
480	168	28	67
481	169	28	67
482	168	28	67
483	169	28	67
485	169	27	67
484	169	27	67
486	169	27	67
487	170	27	68
488	169	27	68
490	169	27	67
489	170	27	67
489	170	27	67
491	170	27	67
491	170	27	67
494	170	27	67
493	170	27	67
494	170	27	67
495	169	27	67
495	170	27	67
498	170	27	67
497	171	27	67
498	171	27	67
500	171	27	67
501	170	27	67
501	170	27	67
503	170	27	67
504	171	27	68
504	171	27	68
505	170	27	67
505	170	27	67
507	171	27	67
508	172	27	67
510	171	26	67
510	171	27	67
510	171	27	67
512	171	27	67
512	170	27	67
513	171	27	67
515	171	27	67
514	171	27	67
516	171	27	67
517	171	27	67
518	172	27	67
520	171	27	67
519	172	27	67
521	171	27	67
521	172	27	67
523	172	27	67
524	172	27	67
524	171	27	67
526	172	27	67
527	172	27	67
527	172	27	67
528	172	27	67
528	173	28	67
529	172	27	67
531	172	28	67
532	172	27	67
532	172	28	67
533	172	28	67
534	172	28	67
535	172	28	67
536	173	28	67
537	172	28	67
537	173	28	67
538	173	28	67
539	173	28	67
540	173	28	67
541	173	28	67
541	173	28	67
543	174	27	67
543	174	28	67
544	174	28	67
545	173	28	67
545	174	28	67
547	173	28	67
548	174	28	67
549	174	28	67
550	174	28	67
550	175	28	67
551	174	28	67
552	174	28	67
553	174	28	67
554	175	28	67
554	175	28	67
555	175	28	67
557	175	27	67
557	175	28	67
558	175	28	67
559	175	28	67
560	175	27	67
561	175	27	67
562	176	27	67
563	176	27	67
564	176	27	67
565	176	27	67
565	176	27	67
567	176	27	67
568	176	27	66
568	177	27	67
569	176	27	67
570	176	27	67
572	176	27	67
572	176	27	67
572	176	27	67
573	177	27	67
574	176	27	67
574	176	27	67
577	177	27	67
576	177	27	67
577	177	27	67
579	177	27	67
579	177	27	67
581	176	26	67
581	177	26	67
581	177	26	67
582	177	27	67
584	176	27	67
584	177	27	67
584	177	27	67
585	177	27	67
586	177	26	67
587	177	26	67
588	178	26	67
588	177	26	67
590	178	26	67
590	178	26	68
592	177	26	68
593	177	26	68
593	178	26	68
594	178	26	68
594	177	27	68
596	177	26	68
597	178	26	68
597	178	27	68
599	178	26	68
600	177	26	68
600	178	26	68
602	177	26	67
602	178	27	68
602	178	27	67
603	178	26	67
604	178	26	67
606	179	26	67
606	178	26	67
607	179	26	67
607	178	27	67
609	178	27	67
610	179	27	67
610	179	27	67
611	179	26	67
613	178	26	67
614	179	26	68
616	178	26	68
616	179	26	68
617	178	26	68
618	178	26	67
620	178	26	67
620	178	26	68
621	179	26	68
622	178	26	68
623	179	26	68
623	179	27	68
626	179	26	68
626	178	26	68
626	179	26	68
628	178	26	68
629	179	26	69
630	179	26	69
630	179	26	69
630	180	26	69
631	179	27	69
633	179	27	69
633	179	27	69
633	180	27	69
634	179	27	68
634	180	27	68
636	179	26	68
637	180	26	69
637	180	26	69
638	180	26	69
638	179	27	68
640	180	27	69
641	180	27	69
641	180	27	69
642	180	27	69
643	180	27	69
645	180	26	69
646	180	26	69
646	181	26	69
647	180	26	69
649	180	26	70
649	180	26	69
650	180	26	70
650	181	26	70
650	181	27	70
652	180	26	70
652	181	26	70
653	180	26	70
653	180	26	70
654	180	26	69
655	181	26	69
656	181	26	69
657	181	26	70
657	181	26	70
657	181	27	70
659	181	27	70
660	181	27	71
660	181	27	71
660	181	27	71
662	181	27	72
662	181	28	72
662	181	28	71
663	181	28	71
664	181	28	71
665	182	28	71
666	182	28	71
667	182	28	71
668	181	28	71
668	180	28	71
669	181	28	71
670	181	28	71
671	182	28	71
672	182	29	71
672	182	29	71
673	182	29	71
674	182	29	71
674	182	29	72
675	182	30	72
675	182	29	72
676	182	29	72
677	182	29	72
678	182	30	72
678	181	30	72
679	181	31	72
680	183	30	72
681	182	30	72
681	183	30	72
682	183	31	72
683	182	31	71
683	183	30	71
684	183	31	72
685	183	30	72
