204	359	30	13
205	360	29	13
203	360	29	13
202	360	29	13
200	360	29	13
198	359	29	13
197	362	29	13
195	362	29	12
194	362	29	12
193	361	29	12
192	360	28	12
192	357	28	13
189	358	28	13
188	358	29	12
187	358	29	12
185	359	29	12
183	356	28	12
181	357	29	12
178	358	30	12
177	357	29	13
177	357	29	13
177	358	29	13
175	358	29	12
173	358	29	12
172	358	29	12
172	358	29	12
169	357	29	12
169	357	29	12
167	356	29	12
166	356	29	12
164	356	29	12
163	356	29	12
161	355	29	13
161	356	28	13
159	358	28	12
160	358	28	12
159	358	28	12
157	359	27	12
157	361	27	12
157	361	27	12
155	362	27	13
154	363	27	13
153	363	27	13
152	362	27	13
153	364	26	13
152	365	26	13
152	364	26	13
150	365	26	13
150	366	26	12
149	365	26	12
150	366	25	13
148	368	25	13
146	368	26	13
147	366	26	13
147	367	26	13
146	368	26	13
146	370	25	13
146	371	26	13
146	371	25	14
146	371	25	14
144	373	25	14
146	375	25	14
147	376	24	14
147	375	24	14
146	377	24	14
147	378	24	14
146	379	24	14
146	380	24	14
148	380	24	14
147	384	24	14
147	385	24	14
149	384	25	14
149	384	24	15
149	385	24	15
150	385	24	15
152	387	24	15
152	387	24	14
152	387	24	14
153	389	23	15
155	390	23	15
156	390	22	15
157	392	23	15
156	392	23	15
157	394	23	15
159	395	22	15
159	397	22	15
162	398	22	16
163	399	22	16
165	401	22	16
167	404	22	16
170	404	22	16
171	406	22	16
171	405	22	16
173	407	22	16
176	406	22	17
177	409	22	16
179	409	23	16
183	410	22	16
185	411	22	16
186	413	22	16
190	416	22	16
193	418	22	16
194	418	22	16
195	419	22	15
200	420	21	15
202	422	21	15
205	424	21	15
210	425	20	15
212	427	20	15
217	428	20	15
220	430	20	15
220	430	21	15
224	430	20	16
227	430	21	15
231	432	21	15
234	432	21	15
239	432	21	15
242	432	21	15
246	431	21	15
249	432	21	14
253	433	21	15
253	433	20	15
258	433	21	15
263	434	21	14
268	435	21	14
270	436	21	14
274	434	21	14
279	434	20	14
282	433	20	14
288	433	20	14
287	433	20	14
293	432	20	13
296	432	20	13
300	431	20	13
305	432	20	12
305	433	21	12
310	434	21	12
315	434	21	12
319	434	21	12
321	436	21	11
321	436	22	11
325	435	21	11
329	434	21	11
331	434	21	12
333	432	20	12
332	432	21	12
330	432	21	12
328	431	20	12
321	430	21	12
321	429	21	12
315	428	21	12
311	427	20	13
305	424	20	13
296	422	19	13
288	418	19	13
279	416	19	13
273	415	19	13
269	412	19	13
267	408	18	13
267	408	18	14
265	405	18	13
266	399	19	13
267	392	19	14
268	385	18	14
269	378	18	14
269	369	18	15
270	360	18	15
271	351	18	15
271	351	18	16
272	339	19	16
273	331	19	16
272	322	19	16
272	313	19	16
272	305	19	16
272	296	19	16
270	289	19	16
270	279	19	17
269	272	19	17
269	271	19	17
267	265	19	17
267	258	19	18
264	253	19	18
263	247	19	18
261	246	19	19
258	247	19	19
256	249	19	19
254	251	19	19
254	251	19	19
250	251	20	19
247	250	20	19
244	251	20	20
243	252	20	20
241	253	20	20
239	256	20	20
240	259	19	20
239	266	20	20
239	272	20	21
239	273	20	21
239	277	20	21
239	284	20	21
238	291	20	21
237	299	20	21
237	304	21	21
236	309	21	21
236	313	21	21
236	317	21	20
240	320	21	20
240	320	21	21
241	324	21	20
246	328	21	21
252	333	21	21
257	339	22	21
263	345	22	21
268	351	22	21
273	356	22	21
277	359	22	21
277	360	22	21
280	362	23	21
285	364	23	21
287	368	23	21
289	370	23	21
288	371	24	21
289	372	24	21
288	373	24	20
289	373	24	21
288	370	25	21
288	370	25	21
287	367	26	21
285	361	26	21
282	357	26	21
281	352	26	21
282	349	26	20
281	345	27	21
282	344	27	21
284	342	27	21
284	342	27	21
288	341	26	22
289	340	27	22
292	336	28	22
295	331	29	22
299	328	29	23
303	324	30	22
308	322	30	22
313	320	31	23
320	319	31	23
320	319	31	23
324	318	31	23
332	317	31	23
338	316	31	23
345	313	32	23
353	313	32	23
359	310	32	24
368	311	32	24
375	312	33	23
374	312	34	23
382	313	34	23
390	315	34	23
400	317	34	23
409	318	34	23
416	321	34	23
426	323	34	23
433	325	35	23
441	328	35	23
449	328	35	23
448	328	34	23
455	330	34	23
461	333	35	23
468	337	35	23
473	339	36	22
481	341	35	22
487	341	36	21
494	343	36	21
498	342	37	20
498	343	37	20
502	343	37	19
505	341	37	19
510	339	36	19
513	337	37	19
518	336	36	19
520	337	35	19
520	340	36	18
520	343	36	18
520	346	35	18
520	345	35	18
517	347	34	18
515	351	35	18
512	351	34	17
509	355	35	17
507	358	34	17
504	363	34	16
501	366	33	15
496	368	34	15
497	369	34	16
495	370	33	15
490	372	33	15
487	371	33	15
483	366	33	15
479	364	32	15
476	363	33	15
472	363	34	14
464	361	34	14
460	358	33	15
462	359	32	15
457	356	32	15
452	352	33	15
449	346	33	15
443	342	33	15
441	337	32	14
438	329	33	15
435	324	34	14
433	319	33	14
432	312	32	14
433	312	31	14
430	303	30	14
428	292	30	14
425	281	29	16
422	268	29	16
420	256	29	15
417	246	29	14
413	236	29	14
412	225	28	15
412	225	27	15
409	220	27	15
408	212	28	15
406	208	29	15
405	205	29	14
404	200	29	14
400	194	29	14
399	189	28	14
400	185	28	14
400	181	28	14
400	181	27	14
399	176	27	13
398	173	27	13
395	169	26	13
392	162	27	13
393	157	28	12
387	152	28	12
386	145	28	12
384	141	27	12
385	141	27	12
383	137	26	12
381	134	26	12
381	131	25	12
377	127	25	12
374	124	25	12
369	121	26	11
368	117	25	11
366	111	25	11
364	106	25	11
363	106	26	10
362	100	24	11
359	94	25	10
357	85	26	10
355	79	25	10
352	72	25	10
345	68	25	10
345	64	24	10
344	63	25	10
344	63	25	10
340	62	24	10
340	60	24	10
337	60	24	10
336	59	24	10
335	61	25	10
330	64	24	10
327	66	24	10
321	67	24	11
321	68	24	10
322	68	24	10
317	68	24	10
313	72	23	10
308	74	23	11
305	77	23	10
303	80	23	10
302	86	23	10
302	89	24	10
296	95	24	10
296	95	24	10
295	99	24	10
293	103	24	10
290	108	23	11
291	113	24	10
290	120	25	10
288	124	25	11
288	134	26	11
289	143	27	11
290	148	27	11
291	149	28	11
292	153	28	10
295	156	28	11
295	159	27	11
299	160	28	10
298	162	27	10
300	161	28	10
302	160	27	10
305	160	28	10
306	160	28	10
306	160	28	10
307	159	28	10
308	156	28	10
309	156	28	10
308	158	29	10
312	160	29	10
311	161	29	10
312	162	29	10
313	163	29	10
313	163	29	10
313	166	30	10
312	170	30	11
314	176	30	11
313	181	30	12
313	191	31	11
313	200	31	11
314	210	31	11
314	220	32	11
313	230	32	11
314	231	32	11
314	240	33	11
314	249	32	11
313	257	33	11
313	262	33	12
312	267	33	12
311	271	33	12
312	275	33	12
308	279	34	12
308	280	35	12
309	284	35	12
308	287	35	12
308	287	36	12
306	289	35	12
306	288	35	11
305	289	35	12
304	291	35	13
303	294	35	12
301	299	35	12
301	298	34	12
300	302	35	11
297	303	36	11
296	301	37	12
293	299	37	12
293	297	37	12
291	295	37	12
289	293	37	12
287	292	36	12
288	291	36	12
286	289	36	13
285	289	36	13
281	287	37	13
279	287	37	13
278	285	37	13
275	283	37	13
273	282	38	13
272	280	37	13
268	279	38	13
268	279	38	13
267	276	38	13
263	274	39	14
261	274	40	14
259	275	40	14
258	272	40	14
255	271	40	15
252	269	40	15
251	267	40	14
251	267	40	15
250	266	41	15
249	264	40	15
247	264	40	16
246	263	41	16
245	264	41	16
246	266	42	16
247	266	42	16
247	267	42	16
249	269	42	16
249	269	42	16
249	270	42	16
248	271	42	16
248	272	42	16
247	273	43	16
245	273	43	16
244	274	44	16
243	276	45	16
241	275	45	17
241	276	45	17
241	277	46	17
238	278	47	17
239	277	47	18
238	275	46	18
237	274	46	17
235	273	46	17
236	272	46	17
236	273	47	17
234	270	47	18
234	269	47	18
234	270	47	19
234	268	47	19
233	268	47	19
233	263	46	19
234	262	46	19
233	259	46	19
233	257	47	19
233	254	47	19
232	253	48	19
232	252	49	19
233	254	49	18
233	253	49	18
232	253	49	18
231	254	51	18
232	255	51	18
232	256	51	18
232	262	51	18
231	266	52	19
231	265	52	19
232	272	52	18
231	277	53	19
232	283	53	19
232	290	54	18
232	294	54	18
233	297	55	19
233	298	56	19
234	298	56	19
234	298	56	19
234	297	56	19
235	299	58	18
236	298	57	19
237	299	58	19
238	300	59	19
239	300	60	19
240	300	61	19
239	301	62	19
239	301	62	19
240	301	62	19
242	302	63	19
242	304	63	19
242	304	64	20
243	303	64	20
242	301	65	20
244	301	65	20
243	301	66	19
244	301	67	20
245	302	67	20
245	302	67	20
245	303	68	21
248	305	69	21
247	306	69	21
246	311	69	20
248	316	70	20
249	320	69	19
250	325	69	20
252	326	69	20
251	327	68	21
252	329	69	20
252	331	69	20
251	332	69	20
252	333	69	20
253	335	69	20
253	336	69	20
255	334	70	20
256	336	71	20
255	336	72	20
255	336	74	21
255	341	73	20
257	342	72	20
257	344	73	20
259	346	72	20
258	347	72	20
259	349	73	21
261	351	72	21
262	352	71	21
262	352	70	20
264	354	70	21
265	356	71	20
266	358	71	20
267	358	71	19
267	360	71	19
271	358	71	19
272	357	71	20
272	353	72	20
274	347	72	20
274	347	72	21
275	341	73	21
277	337	72	22
279	333	71	21
280	328	71	23
281	322	70	23
281	319	70	23
284	316	69	23
287	313	68	23
288	314	68	22
288	311	68	22
289	307	68	22
291	305	69	22
292	304	68	23
294	300	68	22
294	299	69	22
295	298	69	22
296	296	69	22
297	293	70	21
298	294	70	21
299	293	70	21
301	293	69	21
303	291	69	21
304	287	68	20
305	287	68	20
307	286	69	19
310	286	67	20
312	286	66	20
314	285	67	20
314	286	67	20
316	284	65	20
319	281	65	20
319	279	65	20
319	276	65	20
320	271	66	20
322	267	64	20
323	263	63	20
325	256	62	21
324	256	62	20
326	250	61	21
325	244	62	21
325	239	61	22
326	235	61	22
327	230	60	23
326	226	60	23
328	223	59	24
329	220	59	24
325	218	58	24
326	218	58	24
327	214	57	24
328	210	57	24
326	208	57	24
326	206	56	23
323	202	56	23
324	200	56	24
322	198	56	23
322	197	55	24
323	197	55	24
323	196	55	23
323	198	54	23
324	199	54	23
323	201	54	23
323	201	55	22
322	202	55	23
319	205	55	22
320	208	55	22
317	213	54	22
318	213	54	22
316	216	54	21
315	219	55	21
316	221	55	20
311	221	56	20
310	222	56	20
306	223	57	20
303	225	57	19
302	226	58	19
302	227	58	19
299	231	57	19
296	234	57	19
292	237	57	18
289	239	57	17
288	238	56	17
285	236	56	17
283	235	57	17
279	233	58	16
275	234	58	16
275	234	59	16
272	232	58	15
273	229	57	15
272	228	57	16
273	228	56	16
272	229	57	16
273	229	57	16
272	226	57	16
273	227	56	16
273	226	57	15
269	225	57	16
270	224	56	16
268	222	56	16
268	221	56	15
269	219	55	16
270	217	55	16
270	216	55	16
269	215	55	16
269	213	55	16
268	214	55	16
267	210	55	16
268	208	54	17
269	208	55	16
270	208	55	17
271	208	55	17
271	210	56	17
271	212	57	18
271	214	58	18
271	214	58	18
272	215	57	18
272	215	57	17
270	212	57	19
273	210	57	18
272	211	57	17
271	212	59	17
271	211	60	17
272	211	60	17
269	212	60	17
270	212	60	18
270	209	60	18
269	207	61	18
267	206	61	19
269	202	61	19
268	198	61	19
268	197	62	18
266	197	62	19
267	198	61	18
268	197	60	18
268	197	60	18
267	199	60	19
268	195	59	20
267	192	60	20
261	193	62	19
264	194	62	19
265	193	63	18
265	191	62	19
262	193	64	18
262	195	65	18
264	195	65	18
263	195	65	18
264	197	65	18
264	198	65	17
266	196	64	19
263	199	65	18
266	200	64	18
267	201	63	19
266	199	63	19
265	200	64	19
268	200	63	19
268	201	64	18
266	203	65	18
265	203	65	19
266	202	66	18
267	205	67	18
266	204	66	19
266	206	67	18
266	205	68	19
267	207	68	19
265	206	69	19
268	207	69	19
269	207	70	19
270	206	70	19
269	205	70	19
268	207	71	19
271	209	71	19
270	212	72	19
270	211	73	19
271	211	72	20
271	213	72	20
273	212	72	20
273	213	73	20
272	213	73	20
275	214	73	20
275	215	74	20
273	216	74	20
273	216	74	19
276	217	73	20
277	216	73	21
277	216	73	21
280	215	73	21
279	215	72	21
280	215	74	21
280	213	74	21
281	213	75	21
280	211	76	21
280	211	77	22
278	207	78	22
281	204	78	22
279	203	78	23
281	202	78	23
282	201	79	23
282	201	81	22
283	200	81	23
281	202	80	22
282	202	80	22
281	202	79	23
284	206	78	22
283	206	78	23
283	208	78	23
283	207	78	23
284	209	78	23
284	211	78	22
281	214	82	21
282	217	82	21
283	216	82	22
282	218	82	21
277	217	84	22
274	217	88	23
272	219	91	23
272	220	93	23
272	219	94	23
274	220	95	23
272	220	95	23
270	221	95	23
271	221	95	23
272	220	94	24
271	219	95	23
268	219	95	24
264	215	93	26
269	214	92	29
268	217	94	29
266	215	95	31
264	222	96	31
262	220	98	32
256	220	102	32
261	226	100	34
252	225	105	33
249	231	107	34
248	235	107	36
245	236	108	35
247	242	106	36
245	243	106	36
243	244	107	35
241	243	108	35
239	250	110	33
226	249	109	34
232	255	112	33
224	254	113	34
225	260	115	31
222	265	118	30
219	269	122	29
210	270	123	29
211	270	125	29
206	272	125	30
206	277	125	32
198	282	130	30
192	289	135	28
191	296	134	27
188	301	135	27
187	309	132	27
182	312	132	30
184	316	132	31
185	316	131	31
182	318	131	31
177	322	132	32
175	328	132	32
173	332	132	31
171	335	132	32
171	340	131	31
167	345	130	31
167	350	130	31
167	351	129	31
170	353	131	31
164	359	129	32
163	360	128	33
165	364	127	33
163	366	124	34
165	370	125	34
162	370	124	35
159	369	120	35
164	366	117	36
165	366	116	36
164	362	114	35
165	357	114	36
165	351	112	36
166	345	112	35
168	336	111	35
168	330	110	36
170	325	110	37
169	318	109	37
169	318	108	37
173	308	108	37
174	302	108	36
176	295	107	35
176	291	106	35
178	288	104	35
180	284	105	35
182	281	106	35
184	278	104	35
184	275	103	35
185	276	103	35
189	272	102	35
190	270	102	34
192	268	102	34
193	265	101	34
197	264	102	34
198	263	101	33
205	260	100	33
207	256	98	33
209	257	98	33
212	253	96	33
216	249	94	32
222	247	93	32
225	246	92	32
225	243	91	32
230	239	90	32
232	239	92	30
233	236	89	30
233	234	90	28
231	235	90	27
232	232	89	27
231	229	88	27
234	225	90	26
229	221	89	26
230	219	89	26
232	216	89	26
227	216	90	26
220	211	91	27
218	207	94	28
219	207	98	28
213	206	102	27
215	205	103	26
222	201	102	25
222	199	102	25
228	197	99	25
233	195	95	25
233	194	93	24
239	191	92	24
240	192	89	23
241	189	89	23
238	187	88	23
237	186	86	23
236	182	86	24
228	180	87	24
224	176	88	24
219	174	89	24
214	173	89	24
209	172	92	24
207	174	92	23
203	171	93	23
204	170	95	23
197	169	98	23
201	167	100	23
204	164	106	23
224	164	112	23
198	163	112	24
210	159	116	25
204	159	119	26
192	158	118	28
231	155	119	29
203	149	118	30
203	146	120	31
197	146	120	31
207	145	121	32
205	144	122	32
204	142	122	33
211	137	118	34
216	135	116	34
252	142	117	35
244	132	116	36
209	135	116	36
205	134	116	36
223	134	117	37
246	149	118	37
213	141	117	38
253	162	119	37
252	162	120	37
229	157	120	37
222	151	119	39
190	149	119	39
215	151	119	39
174	149	120	39
162	159	120	40
176	158	120	40
152	160	122	39
151	167	121	40
150	163	122	40
170	169	122	40
177	171	122	40
156	174	121	41
159	174	121	41
153	176	120	42
160	179	120	43
150	173	118	44
151	172	117	45
152	172	116	45
151	172	116	45
155	183	116	45
153	174	115	45
153	178	111	47
156	177	112	45
149	175	113	45
153	179	111	43
148	183	113	41
124	179	117	39
125	181	119	38
143	183	119	37
132	184	124	34
136	194	121	35
148	195	120	36
147	192	120	36
155	195	119	38
169	191	121	38
164	189	122	40
167	188	124	41
162	180	127	40
167	183	125	43
172	184	127	43
166	178	124	44
170	175	121	43
168	171	120	42
167	161	116	41
167	164	114	38
169	164	111	34
169	166	110	31
169	162	108	31
166	166	109	29
167	166	107	29
168	169	106	28
168	171	105	26
168	172	104	25
168	175	103	25
166	177	103	25
169	178	103	26
169	177	102	26
166	177	101	27
167	178	101	27
166	178	100	28
166	178	99	28
165	179	98	27
165	178	97	27
164	178	96	27
164	180	95	27
163	180	95	27
164	181	93	27
164	182	91	27
165	184	89	26
164	184	89	25
163	185	88	25
163	184	87	24
162	184	85	24
162	185	84	24
166	180	85	24
165	180	86	25
166	181	84	24
170	179	83	24
172	177	83	23
174	176	81	23
179	174	81	23
182	174	80	24
184	171	79	24
187	170	78	25
187	169	78	25
194	169	76	26
197	169	75	29
203	170	73	30
202	166	74	30
205	163	75	29
201	165	69	34
210	162	65	37
224	166	64	39
240	148	72	35
230	150	81	31
246	150	81	31
250	148	85	30
250	149	87	29
237	147	95	27
234	152	101	24
255	156	99	25
256	152	98	24
246	166	97	26
246	168	96	28
215	146	98	27
259	152	98	29
262	145	97	29
253	143	97	29
258	149	96	30
250	161	93	33
259	180	92	33
264	139	90	35
249	155	89	36
235	153	88	37
244	172	86	37
259	153	86	38
269	134	87	38
269	149	87	38
257	168	87	38
265	178	86	38
267	164	86	38
271	164	86	38
272	165	86	39
279	145	89	37
273	156	90	37
282	146	92	37
271	162	92	37
249	192	90	38
277	138	91	38
279	149	93	39
248	172	93	39
277	176	93	37
277	178	93	34
285	140	95	34
290	162	96	34
303	136	98	33
289	147	98	35
292	142	97	35
291	164	97	36
299	141	99	36
305	137	99	37
306	134	100	36
305	131	100	36
304	148	101	37
309	146	101	39
312	137	103	39
307	162	102	40
317	133	106	39
317	124	110	38
316	145	111	40
317	145	111	41
316	149	111	41
316	155	112	41
315	130	112	43
304	118	115	42
314	141	115	42
315	138	115	42
327	133	116	42
312	133	116	43
310	123	120	41
309	141	120	42
312	137	120	42
294	121	128	38
295	131	129	39
309	157	128	40
303	133	128	41
294	128	128	41
284	124	133	39
282	126	137	36
273	128	142	34
273	130	145	33
274	139	145	34
274	136	146	33
282	150	146	35
253	133	152	33
257	140	159	31
221	112	159	31
203	84	158	31
196	81	156	31
215	97	157	32
203	90	160	31
245	146	160	33
276	166	160	33
247	152	161	33
227	124	161	34
189	90	163	33
177	88	164	33
180	85	164	33
233	140	164	36
249	166	169	33
179	83	170	33
178	80	168	33
190	85	168	33
193	88	164	34
197	86	160	34
193	89	155	33
188	90	150	32
201	89	140	33
206	89	132	34
209	89	126	33
199	89	128	31
207	89	123	32
207	90	118	32
204	91	117	31
203	91	115	32
202	92	113	31
197	91	114	31
195	90	114	31
196	89	115	32
190	90	116	31
186	89	116	32
183	89	116	33
178	86	117	33
174	85	117	34
170	84	117	35
164	86	118	34
163	90	119	33
164	92	122	33
163	92	123	33
166	93	124	34
169	96	125	34
173	101	125	33
174	101	127	33
180	100	129	33
184	104	130	33
187	101	131	33
191	104	133	33
191	103	134	33
194	104	134	33
196	103	135	33
196	106	135	34
200	109	135	33
201	111	134	34
204	112	133	34
205	114	131	35
210	115	131	36
213	118	130	36
213	117	129	37
217	121	128	38
219	125	128	38
222	131	127	38
224	135	127	37
228	139	126	36
226	141	126	37
231	145	125	36
231	149	127	34
235	155	126	34
235	155	124	36
237	155	124	35
243	161	124	34
246	172	124	34
240	159	125	35
326	228	127	34
309	210	127	35
384	214	127	35
355	206	128	35
368	205	129	35
298	161	129	36
254	143	130	36
237	134	131	36
257	127	131	36
258	125	131	35
252	123	131	36
244	121	124	35
250	113	118	37
255	113	115	36
255	115	113	35
257	114	111	34
259	115	110	32
262	112	109	32
256	116	108	30
261	115	104	30
266	112	102	30
267	106	100	30
274	105	98	29
274	106	96	28
276	101	94	28
281	96	94	28
282	88	94	28
284	83	93	29
286	79	92	28
283	75	93	28
281	72	94	27
272	68	93	26
267	63	93	26
268	63	92	26
268	58	92	26
262	54	90	26
252	52	92	26
244	50	92	26
239	47	91	27
233	48	91	26
225	51	91	27
216	50	92	28
217	50	91	28
201	59	89	30
196	67	84	32
193	71	83	31
197	75	84	30
196	80	85	31
191	79	83	33
196	78	83	34
197	82	83	34
193	83	89	32
189	83	94	32
195	85	98	32
140	105	97	34
79	79	97	35
152	116	95	39
100	86	95	39
105	90	98	39
121	94	103	38
120	98	102	38
121	99	102	38
134	104	104	39
202	143	102	43
149	113	103	43
170	123	106	43
170	129	106	43
185	141	108	43
198	147	109	42
205	157	109	42
211	166	110	42
218	167	111	42
279	214	110	44
225	183	110	44
305	239	109	45
254	199	110	45
255	202	109	46
278	210	110	46
294	220	111	46
365	272	107	49
372	286	104	52
380	279	104	52
377	293	104	52
398	286	103	53
422	306	103	52
414	315	104	53
435	307	103	53
434	307	103	53
455	323	103	53
462	325	100	55
544	394	103	53
473	330	99	54
496	337	99	55
490	335	98	55
506	339	97	56
519	335	95	57
526	330	93	57
533	330	93	56
546	333	91	58
557	324	90	58
564	320	84	60
573	315	83	60
587	316	82	61
597	313	80	61
604	316	79	61
562	242	81	59
576	239	81	59
584	234	81	58
598	231	82	56
600	229	81	55
608	228	80	55
614	224	79	56
617	225	78	59
639	215	79	57
646	226	76	60
649	230	72	66
654	223	72	66
661	225	70	68
605	208	71	68
585	210	71	67
601	225	70	68
585	187	71	68
610	193	71	68
607	206	71	68
617	218	71	68
603	202	71	68
600	178	71	68
608	167	71	68
612	169	71	68
593	191	72	68
600	161	72	67
602	151	72	67
603	136	73	67
615	130	73	67
602	138	73	67
584	142	73	67
590	146	73	67
588	150	73	67
587	139	74	67
596	143	74	67
581	152	74	67
518	184	75	67
495	195	75	67
509	222	75	67
507	253	76	66
500	266	76	66
504	298	77	66
502	297	77	66
501	311	83	61
501	318	84	62
482	341	85	61
473	354	86	61
477	359	86	60
505	379	86	60
487	379	87	60
493	383	87	60
494	389	88	59
512	391	88	59
502	396	89	59
510	394	90	58
494	401	91	57
500	410	93	56
504	414	93	56
507	413	95	55
507	418	95	54
494	422	95	54
483	426	96	54
467	425	96	54
475	425	96	54
456	426	97	54
463	427	97	54
462	430	99	53
385	340	97	55
395	330	96	56
402	338	94	58
415	342	93	59
414	324	92	59
436	325	92	60
429	338	92	60
432	343	92	60
407	352	92	60
372	349	92	60
351	319	93	60
375	297	93	60
399	301	93	60
423	313	93	60
426	296	93	60
451	278	93	60
457	260	93	60
461	200	94	60
505	218	94	60
584	135	95	59
555	200	98	59
587	216	98	58
559	265	98	58
570	292	98	58
566	286	98	58
551	288	100	57
572	273	101	56
584	284	101	57
589	262	101	57
591	283	102	57
591	280	103	56
572	263	103	56
591	284	105	55
595	282	106	55
572	301	106	55
541	325	106	55
514	350	106	55
482	353	106	55
505	360	106	55
507	363	106	55
502	386	106	55
498	386	107	55
507	382	108	55
508	386	108	55
527	381	108	55
506	358	108	55
541	286	108	55
543	326	109	55
552	357	109	55
555	341	109	55
556	357	114	53
559	355	114	53
556	335	114	53
564	310	114	53
563	281	114	53
581	281	115	52
586	258	115	52
570	255	115	52
579	257	115	52
555	283	115	53
545	374	120	49
540	378	123	46
536	374	123	46
538	390	123	47
545	389	124	46
527	385	124	46
471	383	125	46
554	389	126	46
555	316	126	46
561	315	126	46
555	314	126	46
552	315	125	47
555	336	125	47
541	310	126	47
542	292	126	47
547	299	126	47
547	326	125	48
555	335	125	48
553	333	125	48
526	347	125	48
526	342	125	49
527	339	125	49
551	340	125	49
551	351	125	49
533	379	127	49
545	390	128	48
549	386	128	49
535	386	128	49
527	385	128	49
525	385	130	49
524	387	131	49
536	407	131	49
555	383	133	48
531	402	132	49
538	399	132	49
520	418	132	49
504	420	132	50
466	390	132	50
498	389	132	50
501	389	132	51
518	406	132	51
500	400	132	52
507	396	132	52
526	393	132	52
506	390	134	52
477	388	134	52
496	385	134	52
511	411	134	52
505	411	134	52
481	410	134	52
508	413	134	53
485	412	135	53
542	391	135	53
519	391	135	53
532	377	136	53
510	401	136	53
545	380	136	53
553	379	136	54
566	405	136	54
547	408	136	54
527	383	136	54
536	377	136	54
542	425	136	54
547	408	136	55
519	356	137	55
492	336	137	55
489	307	137	55
461	335	137	55
538	342	138	55
506	345	138	55
507	317	138	55
535	293	138	55
532	294	138	56
534	269	138	56
536	247	137	56
539	225	137	57
541	199	137	57
503	124	137	57
501	124	138	58
507	124	138	58
530	130	138	58
507	115	145	54
547	115	145	54
498	121	146	53
496	126	146	53
543	123	147	53
500	119	148	53
491	119	148	53
488	121	152	51
438	183	153	49
432	188	152	49
425	183	152	49
414	188	152	49
407	195	152	49
417	196	152	50
386	203	151	50
408	201	149	50
401	201	147	50
393	217	140	52
398	214	139	51
375	215	138	50
391	218	135	49
404	221	133	47
418	223	126	48
432	223	123	47
456	229	119	48
458	228	115	49
487	230	113	47
485	234	102	49
484	239	96	48
495	236	91	47
501	243	89	45
506	245	88	42
513	250	88	41
514	249	89	40
524	254	90	38
523	254	91	37
526	251	92	38
