662	138	37	85
661	140	34	89
659	139	33	91
659	139	32	92
659	142	31	95
659	143	30	98
659	144	30	102
660	144	30	103
661	145	30	104
662	145	29	104
662	145	29	104
663	145	29	103
664	146	29	104
665	145	29	103
665	145	29	101
667	145	28	100
668	147	28	100
668	147	29	99
668	148	29	98
667	151	30	98
666	152	32	101
665	153	33	103
665	154	35	104
663	156	36	104
662	156	38	105
661	157	39	106
660	156	39	108
659	154	39	110
659	156	38	110
659	157	37	110
659	156	36	109
660	157	35	108
660	158	33	107
661	160	32	106
661	160	31	104
662	160	30	101
662	164	30	101
663	165	31	99
663	166	32	99
661	170	33	101
660	171	34	100
658	172	34	100
655	173	35	100
655	174	34	100
655	175	34	100
656	175	34	100
656	176	34	99
658	177	34	100
659	176	33	100
658	177	33	100
657	179	34	102
657	179	35	103
655	180	36	104
655	181	38	105
654	183	38	107
654	182	39	107
653	184	40	108
652	185	40	108
652	186	40	108
652	186	39	108
652	186	38	108
653	186	37	107
653	186	36	105
654	187	34	104
655	188	33	103
655	188	31	101
656	190	30	101
656	190	29	102
657	193	29	103
657	191	30	99
657	194	32	99
656	194	33	99
654	196	34	99
652	198	35	99
650	198	35	99
651	200	35	99
652	199	35	99
653	199	34	98
655	200	33	98
656	199	31	98
658	199	30	97
660	198	30	96
662	200	30	97
662	202	30	100
662	205	31	102
662	202	32	105
662	203	33	105
662	203	34	106
662	205	34	107
662	204	34	107
661	205	34	108
663	205	34	108
664	204	33	107
665	203	32	106
666	204	31	105
667	205	30	104
668	204	30	104
670	206	29	104
671	206	28	103
672	206	28	103
673	209	30	104
673	209	32	106
674	209	35	105
672	209	37	103
671	210	38	103
669	211	39	102
669	212	38	101
671	212	38	101
671	212	37	100
672	212	35	100
674	210	34	99
674	211	32	97
676	210	30	96
676	212	28	97
676	213	27	100
672	214	26	105
670	214	26	109
668	215	28	111
667	213	30	112
665	210	33	110
661	210	34	108
658	212	37	106
654	212	38	106
652	213	39	106
649	213	37	106
646	212	35	106
645	209	32	103
642	209	30	100
639	209	29	97
634	209	29	95
628	209	30	93
623	210	33	91
616	210	37	91
609	215	41	94
600	213	43	98
595	214	45	101
587	212	46	101
581	213	46	101
577	212	45	100
575	212	43	99
572	211	39	98
571	207	37	94
567	209	34	93
563	211	31	93
557	211	30	93
554	210	30	93
548	210	31	95
543	209	31	98
539	208	33	98
535	209	33	100
530	207	34	102
526	208	35	103
523	207	35	103
520	206	34	101
516	206	35	100
514	206	35	101
514	203	35	99
512	201	35	95
510	200	33	92
511	203	33	91
507	202	33	90
507	203	33	90
507	203	32	91
509	204	33	92
509	204	36	92
508	203	39	92
508	203	39	92
508	202	38	93
509	202	36	92
511	200	34	91
513	199	33	89
514	198	32	87
515	197	30	86
516	197	30	86
516	197	30	86
517	198	30	87
518	199	29	90
518	199	30	92
519	199	30	94
519	200	30	95
520	198	31	95
521	198	31	96
520	198	32	97
520	199	32	101
521	194	32	103
522	196	31	106
523	194	31	108
524	188	31	104
526	186	31	97
528	187	31	92
529	189	30	90
530	190	30	89
533	191	31	89
535	190	34	89
536	190	36	89
536	191	37	90
535	190	36	90
534	190	36	90
534	190	36	91
533	189	36	91
531	189	34	92
530	186	33	91
528	185	31	89
526	185	30	88
522	184	30	87
518	183	29	87
514	183	29	87
509	184	29	89
503	184	29	89
497	184	30	91
491	184	31	92
485	182	31	93
479	183	31	95
473	182	32	95
466	183	32	96
461	182	32	96
454	181	33	96
450	179	33	94
444	178	33	92
440	179	32	91
435	179	32	89
431	179	32	88
426	180	33	89
424	180	34	89
420	182	36	90
416	181	37	92
414	182	37	93
411	181	37	94
409	182	36	96
408	181	35	96
407	181	35	96
405	178	34	96
404	179	34	95
403	177	34	94
403	176	34	92
401	176	34	90
402	175	34	89
401	175	34	88
401	175	35	88
401	175	34	88
401	176	34	89
401	175	34	90
401	175	35	91
401	174	35	92
401	173	35	93
400	173	35	94
400	171	36	95
399	169	35	96
399	166	36	96
399	165	35	95
399	162	35	92
399	163	34	90
399	162	35	89
399	165	36	89
400	164	37	90
400	164	37	91
400	163	37	92
400	163	37	93
399	163	37	94
398	162	36	95
400	161	36	96
400	159	36	97
401	158	36	97
401	158	36	97
400	157	36	95
400	153	37	93
400	152	38	91
401	152	38	89
402	151	39	89
402	150	39	89
402	151	40	89
403	151	40	90
402	151	41	91
404	151	41	93
404	151	41	94
404	151	42	94
404	151	42	94
404	150	43	94
404	149	43	93
403	148	44	93
407	146	43	92
408	146	41	91
405	144	41	90
408	145	39	88
406	145	36	88
405	147	34	88
401	147	34	89
399	147	34	90
396	148	36	90
391	150	38	91
384	151	37	91
379	151	38	92
375	153	39	92
369	153	38	91
364	154	37	91
357	155	36	89
351	157	35	88
346	159	35	87
341	160	35	86
335	162	36	85
331	164	37	84
325	167	37	84
320	169	36	83
315	170	36	84
311	172	35	84
306	175	34	84
304	176	34	85
301	177	34	86
298	178	33	87
296	178	33	85
294	180	33	83
292	180	33	80
291	180	33	75
290	181	33	71
291	183	32	68
291	185	31	65
292	187	30	64
294	188	30	64
296	189	31	63
297	189	31	64
299	189	32	64
301	190	31	64
303	190	31	65
306	188	30	64
308	188	30	64
309	187	28	65
312	187	28	64
315	185	27	62
317	183	26	60
319	182	26	57
322	182	26	54
324	184	24	53
325	184	23	53
328	190	21	51
329	189	20	49
331	191	19	48
334	191	17	48
337	191	16	48
337	190	15	46
339	189	15	44
341	189	16	43
343	187	17	40
345	187	17	38
347	185	18	37
349	183	19	36
349	184	20	35
349	186	22	34
356	179	22	34
365	175	21	34
367	178	20	33
369	176	20	33
367	179	20	32
369	177	19	33
368	178	19	33
367	179	19	33
366	178	19	33
362	180	19	32
363	181	19	32
362	181	19	33
362	183	19	33
362	182	20	33
360	182	21	33
363	185	21	33
358	186	22	33
364	189	22	33
361	193	23	33
359	195	23	32
360	199	24	32
356	201	25	31
351	203	25	31
348	205	25	31
343	206	25	32
315	199	24	34
313	201	24	35
314	203	24	35
311	203	23	37
312	186	23	39
310	185	25	40
310	190	25	42
312	201	24	48
310	192	25	53
303	187	26	56
304	186	26	61
299	187	28	64
297	190	30	66
296	191	31	68
296	193	32	69
295	196	32	69
296	199	33	72
298	199	34	74
300	204	37	78
300	204	39	80
299	204	40	82
298	204	41	84
299	205	41	85
301	205	43	85
302	208	44	84
305	209	47	84
309	210	51	84
313	212	53	84
315	213	56	83
318	213	56	82
321	216	56	82
324	215	56	83
327	216	55	83
331	216	53	83
335	216	51	83
337	217	49	83
340	217	46	84
343	217	44	84
347	219	43	84
350	219	41	85
354	222	42	87
360	222	43	89
364	224	45	89
368	225	48	90
371	225	50	90
375	227	51	91
379	227	52	91
382	227	52	92
384	228	51	92
388	229	50	91
392	231	48	90
395	231	46	90
398	230	43	89
401	231	41	89
407	231	39	89
412	231	38	89
417	231	38	89
421	233	38	89
426	232	41	88
431	233	44	87
435	235	49	86
438	235	52	87
438	236	54	87
441	237	56	87
440	236	58	86
443	236	59	87
445	236	56	88
451	235	55	88
455	235	52	88
461	234	47	88
466	234	43	89
471	234	39	90
474	234	36	91
478	233	35	91
481	233	35	91
484	233	37	91
486	234	39	91
485	233	42	90
485	233	45	89
486	234	47	89
487	234	51	88
486	234	52	88
488	233	51	87
493	231	48	88
496	231	45	88
502	229	42	88
509	226	37	88
516	225	32	88
523	223	30	88
527	221	30	88
531	220	32	87
533	219	36	86
534	219	39	85
534	219	42	86
535	219	45	87
536	217	47	89
537	214	50	91
538	213	52	92
540	212	52	92
544	210	51	93
549	208	48	93
554	205	43	93
563	204	38	93
569	202	34	92
573	201	31	90
577	200	31	89
580	200	33	88
582	200	37	88
585	200	41	87
589	200	45	86
588	200	50	86
587	199	55	86
587	199	58	86
590	198	56	85
594	198	54	84
598	197	50	84
604	195	46	83
611	194	42	84
620	192	37	84
627	191	33	84
631	191	30	84
636	190	32	84
637	189	35	84
639	189	39	84
640	189	44	84
641	189	48	85
640	189	52	85
641	187	54	86
643	187	56	86
646	186	55	87
650	185	53	87
655	183	50	87
658	181	45	88
667	179	41	88
675	178	35	89
676	177	32	88
678	177	31	87
677	178	33	86
677	178	37	86
674	178	41	86
671	177	46	86
665	177	50	85
662	177	54	86
657	177	53	86
653	177	53	85
650	176	50	85
649	175	47	85
649	175	43	84
648	173	39	83
649	172	35	83
649	172	32	83
648	171	30	82
643	171	31	82
637	170	34	82
633	171	37	83
628	171	41	84
622	170	46	84
618	171	49	86
613	170	50	86
612	169	50	87
611	168	49	88
613	167	47	87
615	166	43	87
618	166	39	88
622	164	34	88
628	163	30	87
631	162	28	86
635	163	28	85
636	163	29	84
638	163	32	84
638	164	36	84
641	165	40	83
642	166	45	83
642	166	49	83
642	166	50	83
645	167	50	83
648	166	48	83
652	166	45	82
657	165	43	83
664	164	39	83
671	164	36	83
678	163	32	83
685	163	28	83
688	163	28	84
691	163	30	84
692	162	34	84
694	163	38	85
695	163	43	86
696	163	46	87
697	163	48	87
699	162	48	87
702	161	49	88
706	162	47	87
710	161	45	88
715	161	42	89
722	160	38	88
729	159	34	88
734	158	31	88
738	158	29	87
740	158	29	87
743	158	31	86
744	159	34	86
745	159	38	86
748	159	43	86
748	160	46	86
749	161	47	86
752	161	46	86
754	161	46	86
759	160	46	87
764	159	45	86
769	158	44	86
776	157	42	86
783	156	39	85
791	157	37	86
795	156	35	86
797	156	34	87
801	157	36	87
802	157	38	88
804	157	41	89
805	156	44	89
807	155	47	90
809	156	48	90
811	154	49	91
815	154	48	91
819	153	46	91
823	151	44	91
828	150	42	91
835	149	40	91
839	149	37	90
842	149	37	89
845	148	37	89
845	149	38	88
848	150	39	88
848	149	41	87
850	150	44	87
852	150	47	86
852	150	49	86
853	150	51	86
855	151	52	87
858	150	52	87
861	150	51	87
866	150	50	87
870	151	48	85
875	152	46	83
879	154	44	80
885	155	41	78
890	156	38	78
894	157	36	77
896	158	38	76
898	160	40	76
899	163	43	74
900	164	46	74
900	166	48	73
902	167	52	72
905	170	56	70
908	172	58	69
910	173	59	67
914	177	61	64
920	182	65	61
926	186	73	57
932	192	80	52
937	196	88	48
934	198	90	45
933	199	90	43
936	200	94	42
933	202	95	40
931	203	94	40
930	205	93	39
934	207	94	38
934	207	97	38
935	209	99	37
937	209	102	37
940	209	105	37
942	210	106	37
944	210	106	38
949	209	105	39
946	210	103	40
947	210	102	40
947	210	101	40
948	211	101	40
948	211	101	40
946	213	101	40
946	213	102	40
946	212	102	41
945	214	102	41
946	214	104	41
943	215	103	41
944	216	104	41
942	216	103	41
944	217	102	42
944	217	102	42
946	218	102	42
945	220	102	42
948	220	101	41
947	221	101	42
947	221	102	42
947	222	104	41
944	223	104	41
943	225	106	41
943	226	108	41
941	227	109	41
940	228	111	40
939	229	112	40
940	229	114	40
940	230	116	40
940	231	118	40
940	232	119	40
940	233	119	40
938	234	118	39
942	235	119	39
941	236	119	40
943	237	119	39
940	236	117	40
943	237	118	40
943	239	117	41
943	240	117	41
937	240	116	43
930	240	114	45
923	235	110	48
924	233	106	51
924	230	103	55
922	227	99	59
918	222	92	64
918	220	87	69
919	220	85	71
921	219	85	73
922	220	85	74
921	218	83	76
920	217	80	79
921	216	79	80
921	218	78	82
918	218	78	83
912	219	79	83
901	212	73	86
894	209	66	86
891	208	62	86
889	209	60	86
886	211	60	85
884	211	59	84
885	212	59	84
885	212	59	84
885	212	57	85
886	213	56	86
886	212	55	87
884	213	52	87
883	213	49	88
881	213	46	88
883	212	42	88
884	213	39	88
883	214	37	89
883	215	35	90
878	216	36	91
872	216	39	92
866	217	42	92
861	217	45	92
856	218	47	91
853	219	50	91
852	220	51	90
852	220	52	90
851	221	51	91
849	222	50	91
849	222	47	91
849	223	44	90
849	222	40	90
849	222	37	90
848	222	35	90
845	223	35	89
841	223	35	89
835	224	37	89
830	225	39	88
826	225	43	87
820	226	47	87
818	226	49	87
819	226	51	86
819	227	50	86
819	226	50	86
817	226	48	86
816	227	45	86
816	227	41	87
817	225	37	87
817	226	35	87
816	228	33	87
813	228	33	88
808	229	34	89
802	230	38	89
797	230	41	89
793	230	44	89
790	232	49	89
789	232	51	89
787	233	53	88
786	234	53	88
784	235	51	88
783	236	48	88
782	236	45	87
783	236	41	87
783	236	38	87
782	237	36	87
781	237	35	86
776	238	36	85
771	239	38	85
764	240	41	84
759	241	45	83
755	242	48	83
754	243	50	83
751	244	52	83
749	244	54	83
751	244	54	83
748	245	54	83
748	246	52	83
746	245	49	83
745	246	45	83
745	245	40	83
745	246	36	83
744	249	33	84
742	250	32	85
738	251	33	87
733	250	36	88
729	251	40	89
726	252	43	89
723	253	45	88
718	255	47	88
718	256	50	88
718	257	53	87
715	258	55	87
709	260	52	87
710	260	48	86
710	260	43	86
709	261	39	85
707	262	36	85
705	263	34	84
703	263	33	83
697	264	34	82
692	265	36	81
686	267	39	81
683	268	42	81
678	270	45	81
675	271	48	82
673	271	52	83
674	273	56	82
669	273	57	83
668	274	56	82
668	275	53	82
666	275	51	82
666	276	47	82
665	276	42	83
662	277	38	82
660	279	36	83
658	281	36	84
654	282	38	85
652	284	40	88
649	285	42	90
646	287	45	93
643	288	47	94
642	289	49	94
640	291	52	94
638	293	55	94
636	295	57	92
636	295	58	91
636	296	57	90
634	299	55	89
634	298	52	88
633	300	47	88
631	301	42	88
631	302	39	86
630	304	37	85
626	306	36	84
622	309	38	84
619	311	40	86
615	313	43	88
617	313	46	89
616	315	49	90
617	315	52	90
617	315	55	89
614	316	57	89
613	318	55	88
612	318	54	87
612	319	53	87
606	320	48	86
604	320	44	85
603	322	40	85
602	324	39	85
600	326	40	86
600	328	40	89
596	329	42	92
595	331	44	95
593	333	46	96
591	335	47	97
592	336	50	98
592	338	55	97
589	338	58	97
586	338	59	95
586	340	57	94
586	340	56	93
586	341	54	93
585	342	50	92
583	343	46	92
583	343	43	91
583	343	40	89
582	345	37	87
581	347	36	87
580	348	35	86
579	350	35	85
577	352	35	85
577	351	36	82
576	353	37	83
573	358	37	87
573	355	39	86
571	357	38	89
570	356	39	91
569	356	40	92
569	356	43	92
566	356	44	91
563	357	42	90
562	358	42	88
561	359	43	88
560	360	44	88
559	363	45	90
558	364	46	92
556	366	47	95
555	366	48	97
554	368	49	99
553	368	49	101
554	369	48	101
555	369	49	101
556	370	51	100
555	371	53	99
553	371	53	97
554	372	53	96
554	373	52	94
553	373	49	92
554	374	46	90
555	375	43	88
554	376	41	87
556	377	40	86
556	380	40	87
556	382	39	89
555	384	39	91
555	388	39	95
554	389	39	100
554	388	39	102
553	389	39	103
552	389	39	103
551	391	40	103
551	391	42	101
549	392	42	100
549	393	43	98
548	394	45	96
547	394	45	93
547	397	44	91
547	398	44	89
546	400	44	90
546	405	43	93
546	407	43	97
546	408	43	100
545	410	43	102
544	412	43	103
544	413	42	104
545	414	42	105
547	415	47	104
544	416	50	102
542	417	49	100
541	418	48	98
540	419	46	96
542	421	45	94
541	421	43	91
541	423	42	90
541	426	41	90
540	429	41	91
539	432	40	94
538	436	40	98
538	438	40	105
537	440	40	110
535	440	40	113
533	442	41	115
533	442	41	116
531	443	41	115
530	445	41	113
528	445	41	111
527	447	42	109
525	448	42	107
524	449	43	104
522	451	43	101
521	453	43	98
519	457	43	98
517	459	44	97
516	462	44	99
514	462	44	99
512	464	44	102
510	464	45	103
508	467	45	104
506	467	45	105
504	468	46	105
502	468	46	104
501	470	49	103
497	470	48	102
497	471	50	101
491	472	50	98
491	472	52	96
488	473	52	94
486	473	54	91
480	477	52	90
481	479	52	92
476	481	47	95
474	483	45	98
473	483	44	100
472	484	43	102
470	484	42	102
469	485	42	102
467	483	42	102
466	484	41	100
465	484	41	99
463	483	42	97
461	482	42	95
460	482	42	93
458	481	43	91
457	481	42	90
457	479	43	87
456	482	43	88
455	483	42	91
456	482	43	96
453	483	43	101
452	483	44	104
452	482	45	106
450	481	45	107
450	482	46	108
451	482	46	107
448	481	46	106
447	480	46	105
446	478	45	103
446	477	45	101
446	476	44	99
445	475	44	97
444	475	44	95
444	473	43	93
442	474	43	91
443	476	41	92
443	478	41	94
443	478	40	97
442	477	40	100
442	476	40	102
441	475	40	103
442	474	41	103
441	472	42	103
442	472	42	103
441	470	42	102
441	468	43	99
440	467	44	97
439	466	46	96
439	464	47	94
