417	120	75	203
412	123	77	206
408	124	79	207
404	127	82	210
399	128	82	212
397	130	82	214
396	131	81	216
396	131	81	219
396	131	80	221
397	129	79	222
398	129	78	223
400	128	77	223
402	126	76	223
404	125	75	220
406	122	75	216
408	121	76	212
409	120	77	208
411	120	77	205
414	121	79	204
417	122	80	205
418	123	80	207
419	124	80	209
420	123	81	211
419	124	80	213
418	124	80	216
417	124	79	219
414	124	79	221
412	125	78	223
408	125	77	224
404	125	77	224
399	124	76	223
394	123	76	223
388	121	76	222
380	120	76	220
373	118	76	216
365	118	77	212
356	118	78	207
347	119	79	205
336	122	81	204
327	124	83	205
317	126	85	206
306	128	88	209
296	130	91	211
286	132	95	213
274	134	97	216
265	135	98	218
257	136	98	221
250	136	97	223
244	136	96	225
239	134	96	226
234	132	94	227
230	130	94	229
228	127	94	228
227	124	93	226
228	120	92	223
228	117	91	219
230	115	92	215
231	114	93	211
235	113	93	209
238	113	94	209
242	111	95	211
246	110	95	213
250	108	95	215
255	105	95	217
259	104	95	219
262	102	95	220
266	100	94	222
270	99	93	223
274	96	93	224
276	91	92	225
279	88	90	224
283	83	88	224
286	80	87	223
289	76	87	220
291	72	86	216
294	70	87	211
297	68	87	208
300	68	86	205
303	68	86	204
307	66	86	204
311	67	87	205
313	66	86	206
317	66	86	208
320	65	85	210
323	65	84	212
328	65	84	213
332	65	83	214
336	64	82	215
342	64	81	216
345	63	81	218
349	61	80	218
354	59	80	219
357	58	80	220
360	56	81	220
364	52	82	217
368	52	82	215
372	49	83	210
375	49	83	206
378	49	84	202
381	50	84	200
385	50	85	200
389	51	85	201
392	51	85	203
394	52	84	205
397	53	84	207
399	52	83	209
401	53	83	210
404	53	83	212
406	53	83	214
409	54	84	215
411	53	84	216
414	52	84	217
416	51	83	217
420	50	82	217
424	49	81	216
427	47	80	213
429	46	80	208
431	47	81	204
433	49	82	202
438	51	81	202
442	52	80	202
445	52	78	204
448	54	77	206
451	54	76	208
453	55	75	210
457	56	73	212
460	58	71	214
463	60	70	215
465	61	69	216
469	61	69	218
471	61	68	219
474	60	68	220
477	59	68	221
479	58	69	222
481	57	70	220
483	56	72	217
485	55	74	212
486	55	76	208
487	56	79	205
488	59	81	203
490	61	82	203
492	62	83	204
493	65	84	206
496	66	84	208
498	68	84	210
499	70	84	212
500	72	84	214
499	75	84	215
499	76	83	217
497	78	82	219
494	80	81	222
492	81	80	224
487	80	79	225
483	81	79	226
477	82	78	226
471	82	77	224
465	83	78	221
459	85	78	217
451	87	80	213
443	88	83	211
435	93	85	209
429	96	87	209
425	100	88	210
423	103	88	212
420	104	87	214
416	108	86	216
414	110	85	218
412	112	85	220
410	114	84	222
409	117	84	224
409	116	84	226
409	117	83	229
409	115	82	230
410	113	82	231
411	111	83	232
411	111	83	233
412	108	84	232
414	105	84	229
415	103	85	224
415	101	86	219
414	101	87	214
415	103	89	212
415	104	90	213
417	106	90	215
417	105	90	217
419	105	90	220
420	106	90	222
422	105	90	225
423	106	89	226
425	106	89	229
426	106	88	230
428	105	87	231
428	104	87	232
428	102	86	233
429	100	87	234
429	98	87	233
429	95	88	230
430	94	88	226
430	96	89	221
431	95	90	217
431	96	90	215
433	99	90	214
435	100	90	215
436	100	89	216
438	102	88	218
440	102	88	220
440	103	87	222
442	104	87	225
443	104	85	227
445	104	85	229
447	105	85	231
449	103	84	233
450	102	84	234
451	101	84	236
452	100	83	236
453	99	83	236
453	97	84	235
454	95	84	231
455	95	85	226
455	95	85	222
454	98	87	218
454	101	88	217
454	101	89	218
454	104	90	220
455	105	91	222
455	107	91	224
456	108	91	227
457	109	91	229
457	111	90	231
459	113	89	233
460	113	88	235
460	114	86	237
461	112	85	238
462	112	84	238
463	111	83	238
465	110	83	235
464	110	83	231
465	110	84	226
465	112	85	221
465	115	86	220
465	119	87	220
465	123	87	222
467	124	87	224
467	127	87	226
467	129	87	229
468	131	87	231
469	132	87	234
471	135	87	237
471	136	87	239
473	136	87	240
473	137	88	242
473	136	87	243
474	135	87	243
474	134	86	244
475	132	86	242
475	131	86	238
474	130	87	234
473	131	87	229
473	131	88	224
473	135	89	221
473	137	90	221
473	141	90	222
473	143	90	225
474	144	89	228
474	147	89	230
475	150	90	232
476	152	90	235
476	155	89	237
477	157	88	240
477	157	88	242
478	158	87	242
478	158	86	242
478	157	85	241
478	157	85	241
478	156	85	238
478	155	86	234
478	154	87	228
477	156	88	222
477	159	89	218
476	163	89	217
477	163	90	218
476	166	90	220
477	167	91	223
477	169	91	226
478	170	91	229
479	172	91	233
480	173	91	235
482	174	90	237
483	175	90	239
485	175	90	242
486	175	89	244
488	173	89	245
490	170	89	246
492	169	89	247
493	166	90	245
496	165	90	242
497	162	90	236
498	163	91	231
499	162	91	225
499	165	92	221
501	168	93	221
502	170	93	223
503	170	93	226
505	172	93	228
506	174	92	229
508	177	92	232
509	177	92	235
511	178	91	237
512	179	91	239
513	178	90	241
514	176	89	240
515	175	89	240
516	174	88	240
517	172	88	238
519	170	88	234
519	168	89	229
521	169	90	224
521	170	90	221
523	172	91	219
523	175	92	219
525	177	92	221
527	177	93	224
529	179	92	227
531	179	92	230
532	181	92	232
535	183	92	236
537	183	93	239
539	184	93	241
540	183	93	244
541	181	92	246
543	180	92	247
544	179	92	248
544	177	92	248
545	176	92	246
545	174	92	242
544	174	93	237
542	175	93	233
540	179	94	231
539	182	95	232
535	185	96	235
533	186	97	239
530	188	98	243
526	190	99	247
521	194	99	251
517	196	100	255
511	199	100	258
505	201	100	260
498	202	99	262
489	200	99	263
481	200	98	262
473	200	98	262
466	200	99	259
457	199	99	254
449	202	99	249
441	205	100	245
433	209	100	244
427	213	101	244
421	218	102	248
416	219	102	251
412	221	104	255
407	224	104	258
404	227	105	261
401	229	106	264
400	231	108	267
399	230	108	271
399	227	110	274
400	225	110	275
402	222	111	276
403	222	111	277
405	217	111	276
407	215	111	272
409	214	111	267
413	213	110	259
418	213	111	253
419	214	111	249
421	217	111	250
424	216	111	253
426	215	111	256
430	215	111	260
433	215	112	263
436	214	112	266
439	213	113	270
441	211	114	272
443	209	114	275
445	206	114	276
449	201	114	276
452	197	114	274
455	195	113	273
459	191	113	271
462	187	112	266
467	184	111	260
471	182	110	253
475	182	108	246
480	181	105	240
486	182	102	238
492	183	99	239
498	183	96	241
502	182	96	242
504	181	100	245
505	181	104	247
499	180	106	248
496	180	108	250
491	179	110	250
485	176	111	249
478	175	111	248
477	172	110	246
472	170	109	244
471	166	108	241
469	162	107	237
470	158	105	232
470	156	102	226
469	156	98	222
468	157	96	220
466	157	95	220
464	156	96	221
461	156	96	223
458	154	96	226
457	152	97	227
458	151	101	230
457	149	105	232
454	148	110	234
452	146	113	236
450	144	116	237
447	142	119	239
446	138	120	239
447	134	118	239
453	131	114	240
460	128	108	239
467	123	102	236
472	120	96	234
478	119	93	232
483	118	92	230
487	116	93	227
490	114	94	225
495	114	95	223
503	113	100	222
508	112	106	221
512	111	112	221
512	112	118	221
511	113	123	220
507	112	127	221
504	110	130	220
503	109	131	220
502	108	131	220
503	103	127	220
510	101	122	219
515	96	117	220
521	95	110	220
527	92	102	221
529	91	95	223
531	89	90	225
531	87	88	227
529	86	88	231
526	84	89	233
521	83	92	235
515	82	95	237
507	81	97	239
500	81	98	241
493	80	98	243
485	79	99	246
476	77	99	247
467	76	97	249
458	73	96	250
448	71	95	252
439	69	94	253
428	66	93	253
418	64	92	251
408	63	92	249
397	63	92	247
388	62	93	244
380	61	94	240
373	64	94	238
366	65	94	237
361	67	95	238
357	68	96	240
354	68	99	242
350	70	101	243
346	70	102	244
344	72	102	245
343	71	101	247
342	71	100	248
343	70	99	249
345	67	98	250
348	65	95	251
352	62	93	251
355	60	91	250
358	57	90	247
361	55	90	244
362	53	91	239
366	51	93	236
368	51	94	232
369	52	95	231
372	52	96	231
375	53	97	232
377	53	98	232
379	52	99	234
382	53	99	235
385	53	99	236
387	54	99	237
389	54	98	238
393	54	98	240
395	53	96	241
400	52	95	243
403	50	93	244
407	48	90	245
411	46	87	245
414	43	86	245
418	41	83	244
422	39	82	241
425	39	81	238
429	38	80	235
432	37	80	231
434	38	81	228
436	37	81	224
438	39	82	222
441	41	83	221
444	43	84	221
446	45	85	221
450	46	86	221
453	48	88	221
456	49	89	222
459	52	89	223
465	53	88	224
469	54	86	226
472	54	86	226
477	55	84	226
480	54	83	226
483	53	82	225
486	54	80	224
490	53	80	222
492	53	81	218
494	53	83	214
497	54	84	209
499	56	85	206
502	60	86	204
505	62	86	203
509	65	86	203
512	67	86	204
515	70	86	205
518	73	85	206
522	76	85	206
525	79	85	207
528	81	84	208
532	83	83	209
535	85	83	211
539	87	83	212
542	88	81	213
545	89	81	213
549	89	80	213
552	90	80	213
557	91	79	212
560	93	79	210
564	94	79	207
567	97	79	204
573	100	78	202
576	103	77	198
582	106	75	196
587	110	73	194
590	114	71	194
593	118	69	195
594	123	70	195
595	125	71	196
595	128	73	196
592	133	75	197
587	136	77	198
586	136	78	199
580	139	80	200
574	142	81	202
567	144	81	203
558	146	82	203
550	146	83	203
540	147	84	203
532	148	84	202
522	149	84	200
513	151	84	197
501	153	85	194
490	156	86	190
478	159	87	187
468	164	87	186
457	169	87	186
446	173	88	187
436	178	89	189
426	182	90	191
416	186	90	193
408	191	90	195
400	194	89	197
391	199	89	200
385	202	89	202
379	205	89	204
374	207	88	206
370	208	87	209
366	209	86	210
365	209	85	210
364	211	84	209
364	211	82	207
364	211	82	203
363	213	81	198
365	215	82	194
366	217	82	189
369	219	81	185
371	223	81	182
374	227	81	183
376	229	81	183
378	231	80	185
382	233	79	186
384	234	79	188
388	235	78	190
389	236	78	193
393	236	78	195
396	236	78	197
399	235	78	199
402	234	78	201
405	233	78	203
407	231	79	203
409	231	79	203
410	229	80	201
413	228	81	198
414	228	83	195
416	228	85	191
417	228	86	186
418	231	86	182
421	233	86	180
423	236	86	179
427	237	85	180
429	239	85	181
433	241	84	183
436	242	83	185
439	243	82	188
442	243	82	190
445	242	82	193
448	243	82	196
452	242	82	198
455	242	81	199
458	241	81	199
462	241	81	198
466	240	80	196
469	241	79	193
472	241	78	190
476	241	78	186
480	243	77	181
483	245	77	177
487	248	76	175
492	252	75	175
496	254	74	176
500	256	73	178
506	259	74	180
511	261	74	181
514	264	74	183
518	266	74	185
523	268	73	186
526	270	73	188
531	270	73	190
535	271	72	190
538	271	73	190
543	274	74	188
546	275	75	185
550	275	76	182
554	279	77	178
559	281	77	174
563	284	78	169
566	288	79	165
570	293	80	164
574	297	81	164
579	301	82	165
582	305	81	166
588	308	82	168
592	313	81	170
596	316	81	171
600	319	80	173
604	323	80	176
608	324	80	179
612	327	80	181
616	329	80	184
620	330	80	185
625	331	79	185
630	332	79	184
634	335	78	181
639	338	78	178
644	343	77	175
649	345	76	170
655	350	74	166
661	353	72	161
665	360	71	159
672	365	69	159
676	370	68	160
681	375	67	162
683	378	68	164
688	383	68	166
691	386	69	169
695	391	70	171
696	394	71	173
697	396	72	174
698	397	74	173
698	397	75	172
697	397	76	170
696	399	77	168
695	401	76	164
692	402	75	160
689	404	76	155
683	406	77	151
677	410	78	149
671	414	79	150
664	417	80	151
657	419	81	154
651	420	81	156
643	423	80	160
635	425	80	163
627	425	80	167
618	426	80	171
611	426	80	174
605	425	79	178
599	424	78	179
590	424	77	179
584	423	76	177
575	423	75	174
568	422	75	171
559	422	75	166
552	423	75	162
546	423	75	158
541	425	74	154
537	428	73	154
533	431	72	154
531	434	71	156
528	434	70	159
527	433	69	162
526	433	68	165
525	434	68	167
524	432	69	170
525	430	69	172
525	427	69	174
526	423	70	174
528	420	71	174
529	416	71	174
531	411	72	171
533	407	73	167
533	405	74	162
534	401	76	156
537	401	76	151
540	400	76	149
542	400	76	149
544	398	76	151
547	397	75	152
550	394	74	155
552	392	73	157
554	389	73	159
557	386	72	162
559	383	72	165
561	379	71	167
563	374	70	169
566	369	69	169
568	364	68	169
570	360	67	166
573	356	67	163
574	352	66	159
575	347	66	155
576	347	65	150
578	344	65	146
581	343	65	144
581	342	64	144
583	339	64	145
584	337	64	146
586	336	64	148
588	332	63	149
589	330	63	151
590	326	62	153
592	322	61	155
591	319	61	156
592	315	61	156
591	311	61	155
589	306	62	154
588	302	62	152
586	297	64	148
584	294	65	144
581	293	66	139
579	292	66	136
578	293	66	135
577	293	66	135
575	292	65	136
574	292	64	136
573	290	64	137
570	289	62	139
568	289	61	141
567	287	60	142
564	286	59	144
563	283	58	145
560	281	57	145
559	279	56	145
558	277	55	144
557	275	53	142
557	273	52	139
557	273	51	135
557	273	51	132
558	274	50	128
560	274	50	126
561	275	49	124
563	277	49	124
565	277	49	124
568	278	50	125
570	278	50	126
571	279	49	127
574	278	49	128
575	278	49	129
577	278	49	129
580	277	49	129
582	276	49	129
583	275	49	127
585	274	48	125
588	273	48	122
590	273	48	119
592	273	48	116
593	275	48	114
594	277	49	113
596	278	49	114
598	279	49	114
598	280	49	115
600	282	49	116
601	282	49	118
602	283	50	119
602	284	50	120
604	285	50	122
605	285	50	123
606	285	50	124
607	285	48	125
608	285	48	124
610	286	47	123
610	286	46	121
612	287	46	119
613	288	45	117
614	288	44	114
613	290	43	111
613	292	43	109
611	294	42	107
608	296	42	107
606	298	42	107
603	299	42	108
600	301	42	109
597	303	42	110
594	304	43	111
592	305	43	113
589	306	43	113
587	306	43	114
585	307	44	114
584	306	44	113
584	306	43	112
584	306	43	109
583	307	43	107
584	308	43	104
585	309	43	102
586	312	44	100
586	313	44	100
587	315	45	101
589	317	45	102
590	320	45	103
592	320	46	103
593	322	46	105
594	324	46	106
595	325	46	107
596	326	46	108
597	327	46	110
598	327	46	111
601	327	45	112
601	327	44	112
603	328	42	111
605	329	42	110
607	331	41	108
608	333	39	105
610	335	38	103
612	336	38	101
614	339	37	99
616	342	37	97
618	344	36	97
621	348	36	97
622	350	37	98
624	353	39	99
624	355	40	100
625	358	41	101
626	359	42	102
627	361	42	103
627	363	43	103
630	365	43	102
631	365	44	101
633	367	44	100
637	369	45	98
639	370	45	96
642	372	45	93
643	375	44	92
646	378	44	90
647	381	43	90
650	384	43	90
652	386	43	91
654	388	43	93
656	390	43	94
657	392	43	95
658	395	43	97
660	397	44	98
661	398	43	99
662	400	43	101
664	401	43	102
665	401	43	102
667	402	42	102
669	403	41	102
671	403	40	101
673	405	40	99
674	405	40	98
676	407	39	95
677	407	39	92
677	411	38	90
677	412	37	89
674	415	37	89
671	416	37	89
668	417	38	90
662	418	38	91
657	419	38	93
650	420	38	94
643	421	38	95
636	421	39	97
628	421	39	98
620	420	39	98
611	419	39	98
603	419	39	98
593	419	40	97
582	418	40	95
570	419	41	92
560	419	42	90
548	420	42	88
538	422	43	86
527	424	44	86
518	426	45	87
510	427	45	88
502	428	45	89
496	429	45	90
489	429	44	92
485	430	44	93
479	431	44	95
475	432	43	96
471	431	43	98
468	430	43	99
466	428	42	99
463	428	41	99
462	427	40	98
460	427	39	96
460	426	39	94
459	425	39	91
458	424	39	88
459	426	39	87
459	425	39	85
460	426	39	85
462	425	40	86
463	425	40	87
464	423	41	88
465	422	41	89
466	422	42	91
467	420	41	92
468	417	41	93
469	416	41	94
471	413	41	94
472	410	40	94
474	409	39	92
475	407	39	90
477	406	39	88
479	404	39	85
480	404	39	83
481	404	40	82
482	404	40	83
482	403	40	83
483	403	40	84
485	402	40	85
486	401	40	86
487	399	39	88
488	398	39	89
489	397	39	90
490	395	39	92
490	393	39	93
491	391	38	93
491	389	37	93
492	388	37	93
493	385	36	91
493	384	36	89
495	383	36	86
495	383	35	83
496	381	35	81
497	382	35	80
498	381	34	78
499	382	34	78
500	382	34	79
501	381	34	80
501	380	34	81
503	379	33	82
502	378	33	84
503	376	33	85
504	375	34	86
505	373	34	87
506	371	34	87
508	369	35	86
508	367	35	84
508	366	36	82
508	364	36	79
509	363	36	77
509	363	37	75
510	362	37	74
510	362	36	73
510	362	36	74
512	361	36	75
513	361	35	77
513	360	35	78
514	360	35	79
515	359	34	80
516	358	34	81
516	358	34	83
517	356	34	83
518	355	33	84
519	353	33	84
520	351	32	83
521	350	32	82
522	350	32	81
523	350	31	79
524	349	31	77
525	349	31	75
526	349	31	74
527	349	31	73
528	349	31	72
530	350	31	72
530	350	32	73
532	350	32	75
533	350	32	75
535	349	32	76
535	349	31	77
536	348	31	78
537	347	31	79
538	345	31	79
540	344	30	78
541	344	30	78
542	343	30	77
543	342	30	75
544	342	30	73
545	342	30	72
546	342	31	70
547	343	31	70
548	342	31	70
550	344	32	70
551	343	32	71
551	343	32	72
552	343	31	73
553	343	32	74
553	343	32	75
554	343	32	76
555	342	32	77
555	341	32	78
556	341	32	79
558	339	32	80
558	339	31	80
559	339	30	79
560	339	30	78
561	338	29	77
562	337	29	75
564	338	29	73
564	339	28	71
565	338	28	70
566	339	28	69
568	339	28	68
569	340	28	68
570	340	28	68
571	341	28	69
572	342	28	71
573	341	28	72
574	342	28	74
575	341	28	75
576	341	28	76
577	339	28	76
579	338	28	76
579	338	28	75
581	337	29	74
582	336	29	71
582	337	30	69
583	337	30	68
584	337	31	67
585	339	31	67
586	338	30	67
586	339	30	68
587	339	30	69
588	340	30	70
589	339	30	71
589	339	30	72
590	340	30	73
591	339	29	74
591	339	29	74
592	338	29	75
592	337	29	76
593	337	28	76
594	335	28	75
595	335	27	73
595	335	27	72
596	335	27	70
597	335	27	69
598	335	27	67
598	335	26	66
599	336	26	65
601	335	26	64
601	336	26	65
602	337	26	66
603	336	26	67
604	336	26	68
604	335	26	69
605	335	27	70
607	334	27	71
608	333	28	71
608	332	28	71
609	331	28	70
609	330	28	69
610	329	29	67
610	328	29	65
611	329	29	63
611	328	29	62
612	329	29	62
612	328	28	62
613	328	28	63
614	327	27	64
614	327	27	65
616	327	27	66
616	327	27	67
617	326	26	67
617	325	26	68
618	325	26	69
619	324	26	70
619	323	26	70
620	322	26	70
621	321	26	69
621	320	26	68
623	319	26	67
623	318	26	66
623	318	26	65
624	318	26	64
625	318	27	63
625	317	27	63
626	316	26	62
627	315	26	63
628	315	26	64
628	315	26	65
629	315	26	66
629	314	26	67
630	312	26	68
631	311	26	69
632	309	27	69
633	306	28	69
634	305	28	69
634	304	29	67
635	302	28	65
635	301	28	63
636	301	28	62
636	299	28	61
637	299	27	60
638	299	27	61
639	298	27	61
639	297	26	62
640	297	26	63
640	296	26	64
641	295	26	65
640	294	26	66
641	293	26	67
641	292	26	68
642	291	26	68
642	289	26	69
642	287	26	69
643	286	26	69
643	284	26	68
643	283	26	67
643	282	26	66
644	280	26	64
644	279	26	63
644	278	26	62
644	278	26	61
644	276	25	61
645	276	25	61
644	275	25	62
644	274	25	62
644	273	25	63
645	272	25	64
645	271	25	65
645	270	26	66
646	268	25	67
646	267	25	68
646	265	26	68
647	263	26	68
647	261	27	67
648	259	28	66
647	257	29	65
648	257	29	63
647	256	29	62
647	254	29	61
647	254	29	60
647	253	29	60
647	251	29	60
647	252	29	61
647	250	29	62
646	249	28	63
646	248	28	64
645	246	28	65
645	245	27	66
646	243	27	67
645	242	26	68
645	240	26	69
645	238	25	69
644	236	25	69
645	234	25	68
644	233	25	67
644	231	25	67
644	230	25	65
643	229	25	64
643	229	25	63
643	228	24	62
643	227	24	62
642	227	24	62
642	227	24	62
642	226	24	63
641	225	24	64
642	224	25	64
641	224	25	65
641	223	25	66
641	221	25	67
641	219	25	67
642	218	25	67
642	215	25	67
642	214	26	66
642	212	26	64
642	210	26	63
642	211	27	62
642	210	27	61
642	209	27	60
642	208	27	60
643	208	27	60
643	206	26	60
643	206	26	60
644	206	26	61
645	205	26	62
645	204	25	63
645	204	25	63
646	202	25	64
647	201	25	64
646	201	24	65
647	199	24	66
648	197	24	66
647	196	24	66
648	195	24	66
