780	310	90	91
773	318	89	89
769	323	88	89
764	327	87	87
760	328	87	86
753	330	86	85
749	328	85	84
746	328	84	83
741	327	83	82
738	325	81	81
733	324	80	80
729	322	79	79
726	321	77	78
723	319	76	78
720	317	75	78
714	315	74	78
711	315	73	77
708	313	73	76
705	311	72	76
701	310	71	75
697	307	70	74
694	307	69	73
692	305	68	72
689	305	67	72
685	302	67	71
681	301	66	70
679	300	65	70
676	299	65	69
673	299	65	68
671	299	64	68
667	297	64	67
665	296	63	67
663	296	62	66
661	295	61	66
658	294	61	66
656	293	60	65
653	293	60	64
650	292	59	64
648	291	59	64
646	290	58	63
643	289	58	63
641	289	57	62
638	288	57	62
637	286	56	61
635	285	56	61
632	285	55	60
630	284	55	60
628	284	55	59
626	283	54	59
625	282	54	58
623	282	53	58
622	282	53	58
620	281	52	57
619	280	52	57
617	280	52	57
616	279	51	56
615	278	51	56
613	277	51	56
611	278	50	56
610	276	50	55
609	276	50	55
607	275	49	55
606	275	49	55
604	275	49	54
603	273	48	54
602	273	48	54
601	272	48	53
599	272	48	53
599	271	48	53
596	271	47	52
595	270	47	52
593	270	47	51
592	270	46	51
591	269	46	51
590	269	46	50
588	269	46	50
587	267	46	50
586	267	46	49
586	267	45	49
584	266	45	49
582	266	45	49
581	265	45	48
580	265	44	48
579	264	44	48
577	264	44	48
576	263	44	48
575	263	43	47
575	262	43	47
574	263	43	46
573	262	43	46
571	262	43	46
569	262	43	46
568	262	42	46
568	261	41	46
566	261	41	46
565	261	41	45
564	259	41	46
563	261	41	45
561	259	41	45
560	260	41	44
559	260	41	44
559	260	40	44
557	259	40	44
557	259	40	44
555	259	40	44
555	259	39	44
553	259	39	43
553	258	39	44
552	258	39	43
551	258	39	43
550	258	39	43
549	259	39	43
548	258	39	43
547	259	39	42
547	258	39	42
546	258	39	42
546	258	39	42
545	259	39	42
544	258	39	42
543	258	39	42
542	259	39	42
541	258	38	42
541	258	38	41
540	258	38	41
540	259	38	41
539	258	38	41
538	259	38	40
537	259	38	40
537	259	38	40
537	259	38	40
536	259	38	40
536	260	38	39
534	260	38	39
535	260	37	39
534	259	37	39
534	260	37	39
533	259	37	39
532	261	37	39
532	260	37	39
531	261	37	39
531	261	37	38
530	262	37	38
529	263	37	38
529	263	36	38
527	263	36	38
527	264	36	37
527	265	36	37
527	265	36	37
526	266	36	37
526	266	35	37
525	267	35	36
525	267	35	36
525	268	35	36
523	268	35	36
523	269	35	36
523	270	35	36
522	270	36	36
522	272	35	36
521	272	35	35
521	273	35	35
520	273	35	35
521	274	34	35
519	274	34	35
519	275	34	35
519	275	34	35
519	275	34	35
519	276	34	35
519	277	34	35
518	277	34	35
518	277	34	35
518	277	34	35
519	277	34	35
518	278	34	34
519	278	34	34
519	278	34	34
520	279	34	34
520	279	33	33
521	279	33	33
521	279	33	33
521	279	32	33
520	279	33	33
520	279	33	33
521	279	33	33
521	280	33	33
521	280	33	33
520	280	33	33
520	281	33	32
521	281	33	32
521	281	33	32
521	281	33	32
521	281	32	32
522	282	32	32
521	283	32	32
522	283	32	32
521	283	32	32
520	283	32	31
520	284	32	31
520	285	32	31
520	285	32	31
521	285	32	31
521	285	31	32
521	286	31	31
522	286	31	31
521	287	30	31
521	287	30	31
521	287	30	31
520	288	30	31
520	288	30	31
521	288	30	31
520	288	31	31
520	289	31	31
519	289	31	31
520	289	30	31
520	290	30	31
519	290	30	31
519	290	31	31
520	291	30	31
520	290	30	31
521	291	30	30
521	291	30	31
522	291	30	31
522	292	30	30
522	293	31	30
524	293	30	30
524	293	30	30
526	294	30	30
527	294	30	30
527	295	30	30
528	296	30	30
529	296	30	29
531	296	30	29
532	297	29	29
534	297	29	29
536	297	29	29
537	298	29	29
541	299	28	29
542	300	28	29
544	300	28	29
546	301	28	29
548	301	28	28
551	301	28	28
552	302	28	28
555	303	28	28
556	304	29	28
558	305	29	28
562	305	30	28
564	306	32	28
564	306	33	28
564	307	33	28
564	307	33	28
566	308	32	28
566	309	31	28
567	309	31	28
569	310	31	28
569	311	31	28
570	312	30	28
573	312	29	28
573	313	29	28
575	314	28	28
576	315	28	28
576	316	28	27
575	316	29	28
574	318	29	27
575	318	30	27
576	318	30	27
578	320	29	27
579	321	28	27
579	320	28	27
580	322	28	27
581	323	27	27
582	323	27	27
583	324	27	27
582	324	26	27
583	325	26	26
583	326	26	26
582	327	26	26
582	327	27	27
582	328	27	27
582	328	27	27
582	329	26	27
582	329	26	27
582	330	26	26
582	331	26	26
581	331	26	26
581	331	26	26
581	333	26	26
582	333	26	26
582	333	26	26
583	334	25	26
582	335	25	26
583	336	25	26
583	336	25	25
583	336	25	25
583	337	25	25
582	338	25	25
581	337	25	26
582	338	25	26
582	338	25	26
582	338	25	26
582	338	25	26
581	338	25	26
581	338	25	25
581	338	25	25
581	339	25	25
581	339	25	25
581	339	25	25
581	339	24	25
581	340	24	25
581	340	24	25
581	340	24	24
581	340	24	24
581	341	24	24
581	340	24	24
581	340	24	24
581	340	24	24
581	341	24	24
581	340	24	24
581	340	24	25
580	340	25	25
580	341	25	24
580	340	25	24
579	341	26	24
579	341	26	24
579	340	26	24
580	341	25	24
580	340	25	24
580	340	25	24
580	340	25	24
581	340	25	24
581	340	24	24
580	339	25	24
580	339	25	24
580	340	25	24
580	340	25	24
579	340	25	24
578	341	25	24
578	340	25	24
578	340	25	24
578	341	24	24
580	341	24	24
579	340	24	24
578	341	24	24
577	341	25	24
577	340	25	24
576	340	25	24
576	341	25	24
576	340	25	24
576	341	25	24
575	340	24	24
575	341	24	24
575	340	24	24
574	339	24	24
575	339	23	24
574	339	24	23
574	339	24	23
575	338	24	23
574	339	23	22
573	338	23	22
573	338	23	22
573	337	23	22
572	337	22	22
572	338	22	22
572	338	22	22
571	336	22	22
572	337	22	22
571	336	22	22
571	336	22	22
570	336	22	22
571	336	22	23
570	336	22	22
570	335	22	22
568	336	23	22
568	336	23	22
568	336	23	22
567	336	23	22
566	336	24	22
566	336	25	22
566	336	25	22
566	335	25	22
566	336	25	22
566	335	24	22
566	336	24	22
566	336	23	22
567	336	22	22
568	335	22	23
568	335	21	23
568	335	21	23
567	335	21	23
567	334	22	22
567	334	21	22
566	334	22	22
566	334	22	22
566	334	22	22
566	334	22	22
567	333	21	22
567	334	21	22
566	334	21	22
566	334	21	22
566	334	21	22
566	334	21	22
566	334	21	22
566	334	21	22
567	333	21	22
567	334	21	22
567	335	21	22
568	334	21	21
568	334	21	21
569	334	21	21
570	334	21	21
570	334	21	21
570	335	22	21
569	335	22	21
570	336	22	21
570	335	22	21
571	336	22	21
571	336	22	20
572	336	22	20
571	336	23	20
572	336	22	20
572	335	22	20
572	336	22	21
573	336	22	21
573	335	22	20
574	336	21	20
574	336	21	20
575	337	21	20
575	336	21	21
575	337	21	21
575	336	21	21
575	337	21	21
577	337	21	21
577	337	21	21
577	336	21	21
577	337	21	21
578	337	21	21
579	337	21	21
579	337	20	21
579	337	20	21
580	336	20	20
580	337	20	20
581	338	20	20
582	337	20	20
582	337	20	20
583	337	20	20
584	338	20	20
584	337	20	20
585	338	20	20
584	338	19	20
586	338	19	20
586	337	20	20
586	338	20	20
587	338	20	20
588	339	20	20
588	339	20	20
589	339	20	20
589	339	20	20
591	339	19	20
591	338	19	20
592	339	19	20
592	339	19	20
593	339	19	20
593	340	19	20
593	340	19	20
594	339	19	20
595	340	19	21
595	339	19	20
595	339	19	20
595	339	19	20
596	340	20	20
596	340	20	20
597	341	20	19
598	341	19	19
598	341	19	19
598	340	19	19
599	341	19	19
600	341	20	19
600	341	19	19
600	341	20	19
601	342	20	19
602	342	20	19
602	342	20	19
602	342	20	19
602	342	20	19
603	343	20	19
604	343	20	19
604	343	20	19
604	343	20	19
606	343	20	19
606	343	20	19
606	344	20	18
607	344	20	18
608	344	20	18
608	345	20	18
609	344	19	18
609	344	19	18
609	344	20	19
610	345	20	19
610	345	20	19
610	345	20	19
612	344	20	19
612	345	19	19
613	345	19	19
614	345	19	19
613	344	19	19
614	345	18	19
615	345	18	19
614	345	18	19
615	345	18	19
615	344	18	19
615	345	18	19
615	345	19	19
616	345	19	19
615	344	19	19
615	345	19	19
615	345	19	19
616	344	19	19
617	345	19	19
616	345	19	19
616	343	19	19
616	344	19	19
617	344	19	19
616	345	19	19
617	345	19	19
616	344	19	19
617	345	19	19
617	345	19	19
617	344	19	18
618	345	19	19
617	344	19	18
617	345	19	18
618	345	19	18
618	345	19	18
618	345	19	18
618	345	19	18
618	345	19	18
618	345	19	18
619	345	19	18
619	345	19	18
618	344	18	18
620	345	18	18
619	345	18	18
620	345	18	18
620	345	18	18
621	344	18	18
621	345	18	18
620	345	18	18
621	344	18	18
621	344	17	18
621	344	17	17
623	344	17	17
622	344	17	17
622	344	17	17
623	344	17	17
623	344	17	17
624	344	17	17
624	343	17	17
623	344	17	17
624	344	17	17
624	344	17	17
625	344	17	17
624	344	17	17
625	344	17	17
625	345	17	17
624	344	17	17
625	344	17	17
626	345	17	17
626	344	17	17
626	344	17	17
626	345	17	17
626	344	17	17
627	344	17	17
627	345	17	17
627	344	17	17
627	345	17	17
628	345	17	17
627	344	17	17
627	345	17	17
628	344	17	17
628	345	17	17
628	345	17	17
628	344	17	16
628	344	17	17
629	345	17	17
629	344	17	17
629	344	17	17
629	344	17	17
629	344	17	17
629	344	17	17
630	344	17	17
630	343	17	16
631	344	17	17
630	344	17	16
631	344	17	16
631	344	17	16
631	344	17	16
631	344	17	16
631	344	17	17
632	344	17	17
631	344	17	17
631	344	18	16
632	343	17	16
632	343	18	17
632	343	18	17
633	344	18	17
633	343	18	16
633	343	18	16
633	343	18	16
634	343	18	16
634	343	18	16
634	343	18	16
634	342	18	16
634	343	18	16
635	343	18	16
635	343	17	16
636	343	17	16
637	343	17	16
636	343	17	16
637	343	17	16
637	343	17	16
638	343	17	16
638	343	17	16
639	342	17	16
639	343	17	16
639	343	17	16
640	343	17	16
640	342	17	16
639	343	17	16
640	342	18	15
640	342	18	15
641	342	18	15
642	343	18	15
641	343	18	15
641	342	19	15
644	345	19	15
644	343	20	16
643	343	20	16
644	343	20	16
644	343	20	16
644	343	20	16
644	342	20	17
645	342	20	17
646	342	20	17
646	342	20	18
647	343	21	18
647	342	21	18
648	342	21	18
649	342	21	19
649	342	21	19
650	342	21	19
650	343	22	19
651	342	22	18
650	342	22	18
651	342	22	18
653	342	22	18
653	342	22	18
654	342	23	17
655	341	23	17
655	342	24	17
656	342	24	17
657	342	25	17
656	342	24	17
658	342	25	17
658	341	24	17
658	341	24	17
659	341	24	17
662	342	24	17
661	341	24	17
662	342	24	16
663	342	24	16
663	342	24	16
663	342	25	16
664	342	27	15
664	342	27	15
667	341	27	15
669	341	28	15
670	341	28	15
672	341	29	15
673	341	30	15
671	342	31	15
675	341	31	15
675	342	31	16
677	341	31	16
679	341	31	16
678	341	31	17
680	341	31	17
681	342	31	17
680	342	32	17
681	341	33	17
681	342	33	17
683	342	33	17
684	342	33	17
685	342	33	17
687	342	33	17
688	342	33	17
688	342	33	17
690	342	33	17
690	342	33	17
691	342	34	17
693	342	34	16
693	342	34	16
695	342	34	16
696	343	35	17
696	342	35	16
698	343	35	17
700	343	35	17
701	342	35	17
702	343	35	17
702	343	35	17
703	343	35	17
704	343	36	17
705	343	36	17
705	343	37	17
705	342	38	17
706	343	38	17
706	343	39	17
702	343	40	16
700	343	40	16
699	343	40	16
696	343	41	16
693	343	41	17
689	342	40	17
685	342	40	17
683	343	40	17
680	343	41	17
676	342	41	17
670	343	40	17
667	342	40	17
663	343	40	17
660	342	40	17
656	341	39	17
651	341	38	17
647	342	38	17
644	341	38	17
640	342	38	18
637	341	37	18
633	341	37	18
629	341	37	18
625	341	38	18
622	340	38	18
619	341	38	18
616	341	38	18
613	341	38	18
612	342	38	17
611	343	38	17
608	342	38	17
607	343	38	16
605	343	39	16
603	344	40	16
603	344	40	16
602	343	40	16
603	343	39	16
602	344	39	16
602	344	39	16
602	344	39	16
604	344	39	17
603	343	40	16
605	343	40	16
606	344	40	16
607	344	40	16
607	343	41	16
609	343	42	16
609	343	42	17
610	343	42	17
610	343	43	17
610	344	44	17
612	343	43	17
613	343	43	17
615	342	43	17
614	343	43	17
615	344	43	17
618	343	42	17
618	343	42	17
618	343	41	17
621	344	41	17
621	343	40	17
622	343	40	17
623	344	41	16
624	344	41	16
623	344	41	16
624	344	42	16
625	344	42	16
626	343	41	17
627	343	41	17
628	343	41	18
629	343	40	18
630	343	40	18
631	344	41	18
631	344	41	19
632	343	40	18
633	342	40	18
633	343	41	18
634	343	41	18
635	344	41	17
636	344	41	17
636	343	41	17
637	343	41	17
637	343	41	17
638	343	41	17
639	344	40	18
640	344	40	17
640	344	40	18
642	344	40	18
642	344	40	18
643	344	40	18
645	343	40	18
645	343	40	19
645	343	40	18
647	343	40	19
647	343	40	19
647	343	41	19
649	342	40	20
650	341	40	21
650	343	40	20
652	342	40	21
653	342	40	21
654	342	40	21
655	342	40	21
656	342	40	21
657	343	40	21
658	343	40	21
659	343	40	21
660	344	40	20
662	343	40	20
663	344	40	20
663	345	40	20
665	344	40	20
665	344	41	20
667	345	41	20
669	344	41	20
669	344	41	20
670	345	41	20
671	345	42	20
672	344	42	20
673	345	42	20
674	344	42	20
675	344	42	20
676	345	41	20
676	345	41	20
678	345	41	20
679	345	41	21
680	345	41	20
682	345	42	20
684	345	42	20
685	345	42	20
686	345	42	20
688	345	42	20
690	345	42	20
691	345	43	20
693	344	43	20
693	345	43	20
695	346	43	20
696	345	42	20
697	345	42	20
699	345	42	21
699	346	43	20
702	346	42	21
703	346	42	21
705	347	42	21
707	347	41	21
710	347	41	21
712	348	41	21
712	347	40	21
714	348	40	20
715	348	40	20
716	348	40	20
718	348	40	19
719	348	40	19
720	349	40	19
721	349	41	19
723	349	41	19
725	350	40	19
726	349	40	18
728	350	40	18
730	350	39	18
729	351	40	18
731	351	40	18
732	351	40	18
734	351	41	17
735	352	40	17
737	351	40	17
737	351	40	17
740	351	40	17
742	352	39	17
744	351	38	18
745	352	38	17
747	352	38	17
747	352	38	17
748	353	39	17
749	352	39	17
750	353	40	16
750	353	40	16
753	353	39	17
755	353	38	17
756	353	37	17
758	353	36	17
759	352	36	17
760	354	36	16
760	353	37	16
761	353	37	16
762	353	37	16
763	352	36	17
765	352	35	17
766	353	35	17
767	352	34	17
767	352	33	18
769	352	33	17
768	352	33	17
767	353	33	17
768	353	33	17
768	354	32	16
770	354	31	17
769	354	30	17
768	354	30	16
768	354	30	16
769	355	30	16
767	354	29	16
767	354	27	16
765	354	27	16
765	355	26	16
765	354	26	16
763	355	26	16
761	355	25	16
761	354	25	17
760	355	25	17
761	357	26	16
760	355	25	16
759	354	24	17
758	354	24	17
758	354	23	17
757	354	22	18
756	354	22	18
756	354	21	18
755	354	21	19
755	354	21	19
754	354	21	19
754	355	20	19
753	354	20	19
752	354	20	19
751	354	20	19
750	354	20	19
749	354	19	19
748	354	19	19
746	355	19	19
745	354	19	19
743	355	19	19
742	355	19	19
739	354	18	19
738	355	18	19
736	354	18	19
734	354	18	19
731	355	18	19
729	355	18	19
727	355	18	19
726	355	18	19
724	355	19	19
722	354	19	19
720	355	18	20
718	355	18	20
716	356	18	20
714	355	19	20
711	355	19	20
710	355	19	20
708	356	19	20
706	356	19	19
704	357	19	20
701	356	19	20
700	356	19	19
698	356	19	19
696	356	19	19
694	355	19	19
691	357	19	20
689	357	20	20
688	357	19	20
686	357	19	20
684	357	20	20
682	357	20	20
680	357	20	20
679	357	20	20
677	357	20	20
675	357	20	20
674	357	20	20
673	358	21	20
672	358	21	20
669	358	21	20
668	359	22	20
667	358	22	20
666	359	21	20
666	359	21	20
664	358	21	20
664	359	21	20
662	359	21	20
661	359	21	20
660	359	21	20
658	359	21	20
656	360	21	21
655	360	21	21
654	359	21	21
652	360	21	21
651	359	22	21
650	359	22	21
649	359	22	21
648	359	23	20
648	360	23	21
648	360	23	20
648	360	23	20
647	360	23	20
647	360	23	20
647	361	23	20
647	360	22	20
646	361	22	21
646	361	22	21
647	360	22	21
647	361	22	21
646	361	22	21
647	360	22	21
645	362	22	21
646	361	22	21
647	361	22	21
647	360	22	21
646	361	22	22
646	361	22	22
645	362	22	22
645	362	22	21
646	361	22	21
644	361	22	21
643	362	22	21
643	362	23	22
642	362	22	22
642	362	22	22
641	361	22	22
640	362	22	22
639	363	22	22
637	363	22	23
636	361	23	23
635	364	23	23
634	363	23	23
633	363	23	23
633	363	23	23
632	364	23	23
631	365	23	23
631	363	24	23
629	365	24	23
628	364	24	23
628	364	24	23
627	365	24	23
626	364	25	23
628	364	25	23
623	363	27	22
627	364	26	23
625	364	27	23
626	364	27	23
625	366	27	23
623	364	28	22
624	364	28	22
621	367	29	22
619	364	31	21
620	366	31	22
618	366	32	21
618	365	33	21
620	367	33	22
620	364	33	22
620	365	33	22
619	366	33	22
620	366	32	22
621	366	32	22
620	367	32	23
621	366	31	22
622	367	31	23
622	366	31	22
622	366	31	22
621	366	31	23
621	366	31	22
621	366	30	23
621	366	30	23
621	367	30	24
621	366	30	24
620	366	30	24
620	367	30	24
620	366	30	24
619	366	30	24
619	369	30	24
619	367	30	24
617	368	29	25
617	368	29	26
617	368	30	25
615	368	30	25
616	368	30	25
615	368	30	25
615	369	30	25
613	369	30	25
615	370	30	25
613	371	30	25
614	371	30	25
612	369	31	25
612	370	31	25
613	371	32	25
612	371	32	25
612	371	32	25
612	371	32	25
611	371	32	25
611	371	33	25
611	371	33	25
610	371	33	25
610	372	33	25
610	372	34	25
608	372	35	24
608	373	36	25
607	372	36	25
608	372	37	25
606	372	37	25
605	371	38	25
605	372	38	26
606	372	39	26
605	372	40	27
604	372	41	27
604	371	42	27
603	372	42	27
602	372	43	27
597	371	46	27
599	373	46	28
598	372	48	28
595	372	49	29
597	372	48	30
598	372	48	31
597	372	48	31
597	373	48	32
596	374	48	31
596	374	48	31
595	374	48	30
596	377	48	31
594	375	49	30
594	374	49	30
594	377	50	31
593	374	51	30
594	376	51	29
596	377	50	30
600	379	48	31
598	377	47	31
596	377	48	30
600	380	45	32
604	379	43	32
604	381	41	32
606	382	39	32
607	381	37	32
608	381	36	31
607	382	35	31
608	382	35	30
608	382	35	30
608	383	35	29
608	382	34	29
608	383	34	29
607	383	34	28
607	383	34	28
608	382	34	28
607	383	34	29
606	383	34	29
606	383	34	29
605	382	34	28
604	383	34	29
605	382	35	29
605	381	34	28
605	381	34	29
605	380	34	28
606	380	34	28
605	381	33	29
605	379	34	28
604	380	34	29
604	379	34	28
604	379	34	29
604	378	34	29
604	377	34	28
604	378	34	28
603	377	33	29
604	376	34	28
604	377	34	28
604	376	34	28
603	377	33	28
603	375	33	28
602	375	33	28
603	376	33	28
602	375	33	28
602	375	33	29
602	375	34	29
601	374	33	29
601	374	33	29
601	373	34	29
601	373	33	29
601	372	33	29
601	371	33	29
600	371	33	29
601	371	33	29
600	369	33	29
601	369	34	29
599	368	34	28
600	368	34	29
599	367	34	29
598	366	35	29
597	366	35	30
597	365	35	30
597	364	35	30
596	364	35	30
595	363	36	30
595	363	36	30
594	362	35	30
595	361	35	31
595	360	36	30
595	360	36	31
595	360	36	31
595	359	36	31
595	358	36	31
594	357	36	31
595	356	36	30
595	357	36	31
595	355	36	31
595	356	36	31
595	356	36	32
595	353	36	32
594	354	36	32
594	353	36	33
594	353	37	33
593	350	36	33
592	351	36	34
592	350	36	34
591	350	37	34
591	349	37	34
590	348	37	34
590	348	37	35
589	347	37	35
589	345	37	35
589	345	37	35
588	344	37	35
588	344	37	36
587	343	37	36
587	343	37	36
587	342	38	36
586	341	38	36
586	341	38	36
586	340	38	36
585	339	38	36
585	338	38	35
585	338	38	36
585	337	38	36
585	337	38	35
585	337	38	35
585	336	38	36
583	336	38	36
583	336	38	36
583	336	38	36
583	334	38	36
582	334	38	37
581	333	39	37
580	332	39	37
580	331	39	37
579	331	39	38
579	330	39	38
578	329	39	38
578	329	39	38
577	328	39	38
576	329	40	39
577	328	40	40
577	327	40	40
577	327	40	39
578	325	40	39
578	325	40	38
579	327	40	38
579	326	40	38
580	326	40	38
581	325	40	38
581	326	41	38
582	326	41	38
582	325	41	39
583	324	41	39
584	324	42	40
584	323	42	40
585	322	42	41
585	321	42	40
586	321	43	40
587	321	43	40
587	320	43	40
587	319	44	39
588	319	44	39
587	318	45	39
587	319	46	39
588	318	46	39
589	318	47	39
590	318	46	40
591	317	47	40
591	317	47	41
592	316	47	42
592	316	47	42
593	315	47	43
593	316	48	43
593	315	48	45
593	314	49	45
595	315	50	46
596	314	51	47
599	314	51	48
600	313	52	48
602	313	52	48
603	312	53	49
605	312	53	49
607	313	54	49
608	313	54	49
609	312	55	50
612	313	56	51
612	312	56	51
614	312	56	52
616	313	56	53
615	311	57	53
615	312	58	54
616	312	59	53
617	313	58	53
618	312	59	53
616	311	60	53
616	312	61	54
617	311	62	54
616	311	63	55
617	312	63	55
618	311	63	56
617	312	64	57
616	311	65	58
618	311	66	57
618	311	66	58
616	310	67	59
618	311	67	59
616	310	68	59
617	311	69	59
619	310	70	59
621	311	70	59
621	310	70	59
624	312	70	59
625	312	69	60
629	311	69	61
630	313	68	62
630	314	69	63
632	314	70	63
632	316	70	64
632	316	71	65
633	317	72	67
632	318	73	67
634	321	74	68
634	319	75	70
635	321	76	71
635	323	76	72
636	323	77	73
638	326	76	74
639	327	76	75
640	329	76	75
640	329	76	75
641	331	76	76
642	334	77	77
642	335	77	76
642	336	77	76
641	337	78	77
643	342	78	78
643	344	79	80
643	345	80	80
643	347	81	80
645	348	81	81
645	351	82	81
646	353	82	83
647	354	83	84
646	356	84	86
648	357	85	87
651	357	85	89
653	358	85	89
654	360	86	91
656	361	86	93
657	363	87	93
660	364	87	93
662	366	87	93
661	368	87	94
664	369	88	95
665	370	88	97
666	372	89	98
667	374	89	100
668	376	90	102
667	378	91	102
667	378	92	103
667	380	93	104
667	381	94	105
666	384	96	107
665	386	96	109
663	386	98	111
664	389	99	114
663	392	99	116
661	394	100	118
659	396	101	120
658	398	103	123
655	398	105	126
653	403	106	128
652	402	107	133
651	407	108	136
651	407	109	138
651	412	109	142
650	411	111	146
650	415	111	150
649	415	113	154
648	417	114	157
