514	286	26	83
515	285	26	83
515	285	27	84
516	285	27	85
517	284	26	85
517	283	26	85
518	284	26	85
518	283	26	84
519	282	26	82
520	282	26	80
520	282	26	79
519	282	26	78
519	282	26	78
520	283	26	79
520	282	26	80
520	282	26	80
520	282	26	81
521	282	26	82
521	283	26	83
520	282	26	84
520	282	26	85
521	281	26	85
521	281	26	86
521	281	26	86
521	280	26	86
521	277	26	84
522	278	26	82
521	279	26	81
521	279	26	81
522	279	26	80
522	278	27	80
522	279	27	80
521	280	27	80
521	279	27	81
521	279	27	81
522	279	27	82
521	279	27	82
522	280	27	83
522	280	27	84
522	278	27	84
523	278	27	85
523	277	27	84
523	276	26	81
523	276	26	80
523	276	26	79
523	276	26	79
523	276	26	78
523	276	26	78
523	276	26	78
523	276	25	79
523	277	26	80
523	277	25	81
523	277	25	81
522	277	25	82
522	277	25	82
521	277	25	82
522	277	25	83
522	276	25	83
521	275	25	83
520	274	25	80
520	274	25	78
520	275	25	78
520	275	25	77
520	275	25	77
519	274	25	78
519	275	25	78
518	275	25	79
518	274	25	80
518	274	25	81
518	275	25	82
518	274	25	83
517	274	25	83
517	274	25	84
517	274	25	85
517	273	24	86
516	271	24	86
515	270	24	83
517	270	23	81
515	269	23	79
515	271	23	78
514	270	23	78
514	270	23	78
513	271	23	78
512	271	24	78
511	272	24	79
510	272	25	80
509	271	26	81
508	271	26	81
506	271	27	80
505	271	27	81
503	271	27	81
501	270	27	81
499	269	27	80
498	270	27	80
497	269	27	81
495	268	27	81
494	269	27	81
492	268	27	81
491	268	27	82
490	268	27	83
488	268	27	83
486	268	28	84
485	268	28	84
484	268	28	85
483	267	28	85
482	267	28	85
481	267	28	86
480	267	28	86
479	266	28	86
479	264	27	83
478	263	27	81
477	264	26	79
477	264	25	79
476	265	25	79
475	265	25	78
473	266	24	78
472	264	25	79
471	266	25	81
470	265	25	82
468	266	25	82
466	265	26	82
465	266	26	83
464	265	26	83
463	264	27	83
461	263	27	81
459	262	27	79
457	263	27	78
455	263	27	77
453	263	27	78
452	263	28	78
450	263	28	79
451	263	28	79
452	262	28	80
453	261	28	80
456	261	29	81
462	261	29	81
466	260	29	82
472	260	29	81
479	258	28	82
486	257	28	82
497	254	27	81
505	253	27	79
515	252	26	77
524	251	25	76
533	251	25	76
545	250	25	76
556	249	24	77
565	248	24	78
575	248	24	78
585	246	24	79
597	247	24	80
606	246	24	81
615	246	24	81
624	246	24	82
632	244	23	82
642	244	23	82
649	244	23	82
655	240	22	79
660	241	22	77
664	242	22	76
669	241	22	76
671	241	23	76
673	241	23	76
675	241	23	76
675	241	24	77
675	242	24	78
675	242	24	78
675	242	25	79
674	241	25	80
673	241	25	80
671	240	25	81
670	241	25	82
668	240	25	82
667	239	24	83
666	238	24	82
664	235	24	79
663	237	24	80
661	237	24	79
660	235	24	78
659	236	24	78
656	236	23	78
655	236	23	78
653	237	23	78
652	236	23	79
650	236	23	80
648	235	23	80
646	235	24	80
644	234	23	79
643	234	23	78
641	232	23	77
639	232	23	75
637	233	23	74
636	233	23	74
634	232	23	74
632	232	23	75
630	232	23	75
628	232	24	76
627	232	24	77
625	232	24	78
623	232	25	78
621	233	25	79
619	232	25	80
617	232	25	80
616	232	24	80
615	231	24	80
613	230	24	79
612	230	24	77
609	229	23	75
608	229	23	74
606	230	23	74
604	231	23	74
602	230	22	75
601	231	22	75
599	230	22	76
597	231	22	76
595	231	22	78
593	231	22	78
591	230	23	79
589	230	23	79
587	231	23	80
585	230	23	82
583	230	23	83
581	230	23	82
579	229	23	83
577	230	24	83
575	228	24	85
573	229	24	86
571	229	24	88
569	229	25	89
568	230	25	90
565	229	26	91
564	229	26	91
562	229	26	91
560	230	26	92
559	229	26	92
556	229	26	94
555	228	26	94
553	226	26	93
551	227	25	90
550	225	25	86
547	226	25	83
546	226	25	81
544	227	25	80
543	227	24	78
542	227	24	77
542	228	23	77
542	228	23	78
542	228	23	78
543	229	23	79
544	229	23	79
545	229	23	79
545	228	23	80
546	227	23	81
547	226	23	81
549	225	23	81
550	225	23	81
551	224	23	81
552	223	23	81
553	222	23	82
555	222	23	83
557	220	22	87
559	221	23	91
561	220	23	93
563	217	23	95
566	218	24	97
570	217	24	97
572	218	24	97
575	218	24	96
578	220	24	96
581	219	24	95
585	220	23	95
588	220	23	94
591	221	23	93
595	222	22	93
597	220	22	92
601	217	22	87
604	217	21	84
608	219	21	80
611	221	21	77
614	222	20	76
618	223	20	75
619	220	20	77
623	219	20	80
625	218	20	81
627	218	20	83
630	216	20	83
632	216	21	82
634	215	21	82
635	215	21	82
637	215	21	81
641	216	21	83
643	214	21	82
644	216	21	83
645	213	22	84
646	214	23	84
647	215	24	85
650	217	23	87
651	216	24	89
652	215	25	90
654	216	25	91
654	214	26	91
655	213	25	90
655	213	25	88
654	211	26	85
655	211	26	83
655	213	26	83
655	213	26	81
656	213	26	79
656	213	26	78
656	215	26	79
656	215	26	79
655	216	26	80
655	216	26	81
655	216	26	81
655	216	26	81
655	216	26	81
655	217	26	82
655	216	26	82
654	214	26	81
655	213	25	80
655	213	25	80
656	214	25	80
655	214	25	81
656	214	25	81
656	215	25	81
656	215	25	81
656	218	25	83
657	217	25	84
658	216	25	83
659	215	25	80
659	217	24	80
660	218	24	80
661	217	24	78
663	217	24	78
663	217	24	76
663	217	24	75
664	219	24	75
665	219	24	75
665	219	24	76
666	219	24	76
667	219	25	76
668	221	25	78
669	220	25	79
669	222	25	80
670	221	25	80
671	223	25	81
672	222	25	82
674	223	25	82
674	223	25	83
675	224	25	83
676	224	25	83
678	223	25	82
678	224	25	81
680	224	25	80
681	222	24	78
682	224	24	78
683	225	24	79
684	226	24	79
685	227	25	81
686	226	25	81
686	227	25	83
687	228	25	83
689	228	25	84
689	228	25	84
689	228	25	83
691	229	25	83
692	229	25	82
692	230	25	82
694	230	25	81
695	229	25	81
695	229	26	80
696	230	25	81
696	231	26	82
696	232	26	84
695	231	26	84
696	232	27	84
695	232	27	84
695	232	27	84
695	234	27	85
694	235	27	85
694	235	28	85
694	235	27	85
694	236	27	85
694	236	27	85
695	236	27	85
694	236	26	84
694	236	26	83
694	235	26	81
695	235	25	79
695	237	25	78
695	238	25	78
695	239	25	79
695	239	25	80
695	242	25	83
695	241	25	86
695	242	25	87
695	242	25	88
696	243	25	88
696	243	25	88
696	244	26	88
697	243	26	87
698	244	26	87
698	244	27	87
698	244	27	86
700	242	26	84
700	243	26	82
700	245	26	81
701	246	26	81
701	246	26	81
701	247	26	81
703	248	26	82
703	249	26	83
703	249	27	84
703	250	28	85
703	251	28	86
704	251	29	87
704	252	29	89
705	253	29	90
705	253	29	90
706	253	28	91
706	253	28	91
708	252	27	90
708	253	27	88
710	253	26	86
711	253	25	84
713	255	25	83
714	256	25	82
714	257	25	82
715	259	25	82
716	260	25	83
716	262	26	85
716	262	27	86
716	264	28	87
715	265	30	88
715	265	31	88
714	266	32	87
714	267	33	88
714	267	34	88
715	267	33	86
717	269	33	86
718	268	32	86
720	270	31	85
722	269	29	84
723	271	28	86
725	273	27	86
726	274	26	86
726	275	26	86
727	277	27	87
727	277	27	88
727	278	28	88
727	280	28	89
726	280	29	90
726	281	30	90
726	282	30	91
726	282	30	92
727	283	30	92
728	284	29	92
729	284	29	91
730	284	28	90
730	285	27	89
731	285	27	87
732	286	27	86
732	287	26	85
732	288	26	84
732	289	26	84
731	291	27	85
730	292	28	85
729	294	30	86
727	295	31	87
725	296	33	89
723	299	35	90
721	298	36	91
719	299	37	92
717	299	38	91
716	300	38	91
717	298	37	90
716	299	35	89
717	300	34	88
717	300	33	87
717	302	31	87
716	304	29	87
716	305	29	88
714	307	28	88
712	308	29	89
711	310	30	90
707	310	32	91
706	311	34	92
703	311	35	93
700	312	36	94
698	313	37	95
697	314	37	97
696	313	37	97
697	313	37	96
696	314	36	95
696	314	35	94
697	314	35	92
695	317	34	90
693	318	33	89
691	319	33	88
690	321	32	88
687	323	33	89
686	324	34	90
683	325	36	91
681	327	38	92
677	329	40	94
673	330	41	95
672	330	42	96
669	331	42	96
668	331	42	96
668	332	40	96
668	332	38	94
669	332	37	93
670	333	35	91
670	335	33	91
671	336	32	89
670	337	32	89
669	340	32	90
669	342	32	91
667	342	33	93
666	343	34	94
664	345	36	95
663	345	37	96
661	347	38	97
658	348	40	98
656	348	41	99
655	349	40	100
654	349	39	100
656	348	37	99
656	349	35	97
658	351	33	97
659	351	31	95
659	351	30	94
659	353	29	93
659	352	29	91
657	356	29	92
656	357	30	93
654	358	30	94
652	359	32	96
650	361	34	98
646	362	37	99
644	362	40	100
643	363	42	99
641	363	44	99
640	364	45	99
641	364	45	99
641	363	43	98
643	364	41	98
645	364	38	98
649	364	36	97
651	367	34	97
652	369	33	97
652	369	33	97
650	370	34	98
649	371	35	99
648	372	36	99
646	373	38	101
644	373	40	102
642	373	41	103
642	374	42	103
641	375	43	104
642	373	42	104
642	372	41	103
644	373	39	102
647	374	36	102
649	374	34	101
650	374	33	100
650	375	32	98
650	377	33	98
649	377	34	98
648	377	35	98
647	379	37	99
644	380	40	100
641	382	41	101
641	382	44	102
638	384	47	103
637	384	51	102
635	384	53	102
635	386	52	102
638	384	51	100
640	384	49	99
644	384	46	98
647	385	43	98
650	387	39	98
652	390	36	99
653	390	35	100
654	391	34	101
654	392	35	102
654	393	36	103
653	394	37	104
652	394	39	106
651	395	41	108
649	396	43	109
649	396	45	110
647	396	47	112
648	395	47	113
650	394	46	112
653	394	44	110
656	396	41	110
658	396	38	110
660	398	36	108
661	400	35	106
662	399	35	105
662	402	37	105
661	403	39	105
660	405	40	106
658	408	43	107
659	409	46	108
655	411	50	109
652	413	53	110
654	413	57	111
651	416	59	111
653	416	62	112
653	416	63	112
657	417	62	113
660	416	60	113
665	415	58	112
670	415	55	110
675	417	51	110
676	419	49	110
678	420	48	111
679	420	48	112
679	421	49	115
680	421	51	117
681	422	54	117
679	423	56	119
679	423	58	121
681	422	60	124
684	422	60	123
688	421	59	121
694	420	57	120
701	420	54	119
708	419	52	117
710	419	51	115
710	420	52	113
708	421	54	112
709	423	58	112
707	425	62	113
706	427	66	114
705	427	70	116
705	429	74	119
712	426	74	118
716	427	74	114
722	428	72	111
728	429	70	111
735	425	66	110
740	425	64	110
742	423	64	111
742	422	65	113
745	420	65	117
747	417	66	119
752	415	67	121
756	415	67	121
759	414	66	121
764	412	64	120
771	412	61	118
781	415	56	118
784	414	53	118
784	415	54	118
784	411	56	116
782	411	59	115
779	409	62	115
777	407	66	115
774	406	68	114
771	403	70	113
768	403	70	110
765	406	69	110
766	403	66	110
760	404	64	111
761	399	60	111
758	395	57	111
747	391	57	113
739	388	56	116
731	383	56	120
725	380	56	123
718	378	56	126
708	374	56	128
703	371	54	128
695	369	51	128
690	366	49	125
686	365	45	122
678	363	43	120
671	360	41	119
662	359	41	117
653	357	42	117
644	355	44	118
632	351	47	117
623	350	48	119
615	346	50	117
607	344	50	113
601	346	49	111
595	347	48	110
591	344	45	109
587	344	44	110
582	342	43	110
574	340	42	111
565	337	42	114
561	335	42	117
555	333	42	120
551	331	42	124
547	325	41	122
540	327	41	122
537	323	40	118
535	323	40	113
531	324	38	110
530	324	37	108
526	322	37	108
525	320	36	109
524	318	37	111
522	316	37	115
522	311	39	115
521	311	41	117
521	305	42	112
522	304	42	109
522	304	42	105
525	304	41	102
528	304	40	100
531	302	39	101
532	301	39	102
535	297	39	104
536	295	39	106
541	291	39	110
543	290	39	115
545	286	39	117
547	283	39	118
549	281	40	117
553	281	39	115
555	279	38	113
558	277	37	109
562	277	36	106
565	275	34	105
570	272	33	104
572	271	33	104
576	268	33	105
577	267	35	107
579	263	36	108
580	261	37	108
582	261	38	110
583	258	38	110
586	255	38	108
589	256	38	107
594	253	37	105
597	252	36	102
599	250	36	101
601	248	35	100
603	247	36	101
605	242	36	103
609	240	37	106
611	238	37	109
614	235	36	111
617	233	35	111
621	232	35	109
623	230	35	106
625	228	34	102
628	228	34	101
632	226	34	99
634	223	33	97
637	222	32	97
641	220	32	96
643	218	32	97
645	216	33	99
648	214	34	100
650	213	35	102
651	211	36	103
651	210	36	103
654	207	36	100
657	205	35	98
660	206	34	98
664	203	34	97
667	200	33	96
670	199	33	94
672	197	32	93
673	196	32	94
675	194	33	95
676	194	34	96
678	192	34	98
680	192	35	100
680	190	35	100
683	188	35	100
685	185	34	98
687	183	33	96
691	182	32	95
695	182	31	95
697	179	29	95
700	176	28	93
701	175	28	91
704	173	27	91
706	173	28	92
707	173	29	93
707	171	30	94
708	170	31	94
708	170	32	95
709	168	33	95
710	168	33	94
711	167	33	94
714	165	32	94
717	163	31	93
720	161	30	92
723	158	29	91
726	158	28	90
728	156	27	89
729	155	27	88
730	155	28	88
730	154	28	88
731	154	29	89
732	154	30	90
732	153	31	91
732	152	32	92
733	150	33	93
734	149	33	93
735	146	32	92
739	144	31	90
740	144	30	91
742	142	29	91
746	140	28	90
748	138	27	88
751	136	26	87
752	136	26	86
752	135	27	86
753	135	27	86
754	135	28	87
754	134	29	87
754	133	30	88
754	133	31	88
755	132	32	88
756	131	32	89
759	128	33	89
761	127	33	89
763	126	32	89
766	123	32	88
768	122	30	87
770	120	29	85
771	120	28	84
773	120	28	84
772	119	28	84
773	119	28	85
774	118	28	86
774	118	28	86
775	117	29	87
776	115	29	87
777	114	29	87
779	112	28	86
781	111	27	84
783	111	27	84
785	109	26	83
787	107	25	82
789	106	25	81
789	104	25	80
