538	48	40	44
537	50	40	42
537	50	40	42
537	51	40	41
537	53	40	41
537	53	40	41
538	54	40	41
539	55	40	41
538	56	40	41
539	56	40	41
539	57	39	41
538	58	39	41
539	58	39	41
540	59	39	41
539	60	38	41
540	61	38	41
540	62	38	41
540	62	38	41
541	64	37	41
541	63	37	41
541	65	37	41
541	66	37	42
542	67	37	42
542	67	37	42
542	68	36	42
542	69	36	42
542	70	36	42
543	70	36	42
543	72	35	42
543	72	35	42
542	74	35	43
543	74	35	43
543	75	35	43
543	76	35	43
543	76	34	43
543	78	34	43
543	79	34	43
543	80	34	43
543	81	34	43
544	81	34	44
543	83	34	44
543	83	33	44
543	84	33	44
543	85	33	44
543	85	33	44
543	88	33	44
544	88	33	44
543	89	33	44
543	90	33	45
544	90	33	45
544	91	32	45
543	93	32	45
544	93	32	45
544	95	32	45
544	95	32	45
545	97	32	45
544	98	32	45
545	98	32	45
544	99	32	45
545	100	32	45
544	101	32	45
545	102	32	46
544	103	32	46
545	103	32	46
544	103	32	46
545	105	32	46
544	106	32	46
544	106	32	46
544	107	32	46
544	108	32	46
544	109	32	47
544	109	32	47
544	110	32	47
543	110	32	47
544	112	32	47
544	112	32	47
543	113	33	47
544	113	33	47
543	114	33	48
543	115	33	48
543	116	33	48
543	117	33	48
543	118	33	49
543	119	33	49
543	119	33	49
541	119	33	49
542	120	33	49
541	121	34	49
542	121	34	48
541	123	34	48
541	123	34	48
542	124	35	47
541	125	35	47
541	125	35	47
541	126	35	47
541	127	35	46
541	128	35	46
541	129	35	45
541	129	35	45
540	129	35	44
541	131	35	44
541	131	35	44
541	131	35	44
541	132	35	43
541	133	35	43
540	133	35	42
541	135	35	43
541	133	35	41
541	135	35	40
541	135	35	39
541	136	35	39
540	137	35	38
541	138	34	38
542	138	34	38
541	138	34	37
542	140	34	37
542	142	34	38
542	140	34	38
541	141	34	37
542	142	34	37
541	143	34	37
541	144	34	37
541	142	34	36
541	144	34	36
542	143	34	35
542	145	34	35
543	144	34	34
542	146	34	34
542	146	34	34
542	146	34	33
543	147	34	33
542	148	34	33
542	149	34	33
542	149	34	33
542	150	34	33
543	150	34	33
542	150	34	33
542	150	34	33
542	151	34	34
542	151	34	34
542	152	34	34
542	152	34	34
542	154	34	34
542	155	33	36
542	153	34	36
543	154	34	36
543	155	34	36
543	155	34	36
543	156	34	36
543	156	34	36
544	156	34	35
542	157	34	35
544	157	33	35
543	158	33	36
544	158	33	35
543	156	33	35
544	157	33	35
543	158	33	35
544	157	33	34
545	157	33	33
544	158	33	32
545	158	32	32
545	158	32	32
545	158	32	32
546	159	32	31
547	159	31	31
546	160	31	31
546	160	31	31
547	159	30	31
548	159	30	31
547	160	30	31
548	161	29	31
547	159	29	31
547	161	29	31
547	160	29	31
547	161	29	31
548	160	29	32
548	161	29	32
548	162	29	32
549	161	29	32
548	165	29	32
548	163	29	32
547	165	29	32
547	165	29	32
548	165	29	32
548	164	29	32
547	169	29	32
547	167	29	31
548	170	29	31
546	172	30	31
547	171	30	31
547	173	30	30
548	170	30	29
548	174	31	28
548	175	31	28
547	176	31	28
549	173	30	27
548	177	31	27
548	177	31	26
548	177	32	26
547	178	32	25
547	177	31	25
546	177	31	25
547	177	31	26
548	176	31	26
547	175	30	27
549	178	30	27
548	177	30	28
548	175	30	28
547	178	30	28
548	177	29	29
550	179	29	29
549	180	30	28
549	177	30	28
550	175	30	28
549	131	30	29
547	119	31	33
546	118	32	36
546	118	34	39
545	118	34	42
545	118	35	43
546	118	35	43
546	118	35	44
546	119	35	44
547	120	35	44
546	121	35	44
546	122	35	44
546	121	35	44
547	123	35	44
546	123	35	44
547	124	35	45
546	125	35	44
547	126	35	44
547	126	34	44
547	127	34	44
548	128	34	44
548	128	34	44
548	129	34	44
548	129	34	45
548	131	34	45
548	132	34	45
548	132	34	45
549	132	34	45
549	134	34	45
548	134	34	45
549	136	34	45
549	136	34	46
549	137	34	46
549	137	34	46
549	139	34	46
550	139	33	46
550	139	33	46
549	140	33	46
549	142	33	47
549	141	33	47
550	144	33	47
550	144	33	47
550	144	33	47
551	146	33	47
551	146	33	48
551	146	33	48
551	147	33	48
551	147	33	48
551	149	33	48
551	149	32	49
552	150	32	48
552	151	32	48
552	151	32	48
551	152	32	49
552	153	32	49
553	153	32	49
552	155	32	49
553	154	32	49
552	156	32	49
553	156	32	49
552	158	32	49
552	158	32	49
553	159	32	49
553	159	32	49
553	161	32	49
553	162	32	49
553	162	32	48
552	162	32	48
554	164	32	49
552	164	32	48
553	165	32	48
553	166	32	48
552	167	33	48
552	168	33	49
553	169	33	49
553	169	33	49
552	170	33	49
552	171	33	49
553	171	33	49
553	172	33	48
553	173	33	48
552	174	34	47
553	176	33	48
552	174	34	46
552	177	34	47
551	176	34	46
552	179	34	46
552	178	33	46
551	178	33	46
552	178	33	45
552	180	32	46
552	180	32	46
552	182	31	48
553	181	31	49
552	181	31	49
552	181	31	50
551	183	31	52
552	182	32	52
552	183	32	53
551	186	32	54
551	187	32	55
551	187	32	56
550	191	33	56
549	189	34	57
550	192	34	57
550	189	34	57
549	193	35	58
549	193	35	57
549	194	35	57
549	194	36	57
550	190	36	58
549	189	36	58
548	193	36	59
549	194	36	59
547	193	36	60
548	192	36	62
547	197	36	62
546	202	37	61
545	198	37	61
546	192	38	62
545	201	39	62
545	198	39	62
545	194	39	64
542	204	40	64
544	194	40	64
541	203	41	65
539	205	41	65
541	200	41	65
543	197	41	65
542	201	42	65
542	188	42	65
538	207	42	65
539	203	42	65
537	211	43	65
537	211	43	65
533	220	44	64
532	220	45	63
531	221	47	61
530	223	48	60
529	224	48	60
527	231	49	59
523	232	50	59
523	232	51	58
523	232	53	56
520	236	54	55
520	237	55	53
518	238	56	52
517	241	56	51
517	242	56	50
517	243	55	49
517	243	53	49
516	245	52	49
516	248	49	48
514	248	47	47
517	251	46	45
515	251	44	46
514	251	44	46
513	253	44	45
512	254	44	45
512	254	43	46
512	254	43	47
510	255	44	47
509	256	45	47
508	257	45	48
507	257	46	48
505	258	47	48
504	258	48	49
504	259	49	49
503	259	49	50
502	260	50	50
500	260	52	51
500	261	53	51
498	263	54	51
497	264	55	51
496	265	56	51
494	265	57	52
492	265	58	53
490	267	59	53
489	266	60	54
488	268	60	53
485	272	61	52
485	270	62	53
482	271	63	53
481	274	64	52
480	275	64	52
477	276	65	51
476	276	66	52
474	277	67	52
472	278	67	53
471	279	68	52
469	280	68	52
466	281	68	52
465	283	69	52
463	284	69	52
461	284	69	52
458	285	70	52
456	286	71	52
454	289	70	51
453	290	71	51
451	291	71	51
448	294	71	50
448	294	71	50
445	295	72	50
442	297	73	50
441	297	73	50
439	298	73	50
436	299	74	50
434	300	74	50
432	301	75	49
430	304	75	49
428	304	75	49
426	305	75	49
424	306	76	49
421	306	76	49
419	307	76	49
416	307	77	50
414	309	77	49
411	308	77	50
409	311	78	50
408	311	77	49
403	313	78	49
400	313	79	49
400	315	78	49
397	315	78	49
394	315	79	49
390	318	79	48
388	317	79	49
386	317	79	49
384	318	79	50
381	319	80	49
378	320	80	48
375	322	80	47
373	322	80	47
371	322	80	47
367	324	81	47
363	324	81	47
361	325	81	47
358	326	81	47
355	327	81	46
352	326	81	47
350	329	81	46
346	329	81	46
343	330	81	45
340	331	81	45
338	333	81	45
333	333	81	45
330	336	81	44
327	337	81	44
324	338	81	43
322	339	81	42
317	340	81	42
314	341	81	42
312	341	81	42
307	341	81	42
304	342	82	42
300	344	83	42
296	344	83	42
295	345	82	42
292	344	82	43
289	345	81	43
286	347	81	42
283	346	80	41
281	347	79	40
273	348	82	39
269	349	84	38
265	350	85	38
263	351	85	38
261	352	84	38
258	352	83	37
257	352	82	37
255	353	80	37
255	352	78	37
253	354	76	37
248	354	77	37
246	355	76	36
244	355	76	36
241	355	75	36
240	355	75	36
242	356	71	37
245	356	67	37
243	359	64	40
230	359	67	40
227	360	68	41
216	359	72	41
213	360	75	42
207	361	76	44
206	360	77	45
203	360	78	46
203	360	79	46
203	360	80	47
201	360	81	47
200	364	81	47
200	360	81	48
200	361	81	48
198	367	81	49
197	362	82	49
195	374	81	50
192	388	81	51
192	383	80	52
191	381	80	53
193	378	79	54
194	389	78	55
198	410	78	56
199	416	77	57
202	420	77	57
202	424	77	58
202	428	77	58
216	431	77	58
214	419	77	59
217	425	78	59
218	429	78	59
216	431	78	60
217	420	78	60
217	424	78	60
220	431	78	61
204	421	78	61
114	375	80	60
101	373	84	55
100	372	87	51
92	375	88	48
91	374	88	46
86	376	87	44
84	377	85	43
80	378	84	41
78	378	83	40
74	378	83	39
72	377	83	39
68	378	82	38
67	378	81	38
65	378	81	38
59	378	81	38
57	378	80	38
54	377	81	39
50	377	81	39
51	378	80	39
45	377	81	39
39	377	82	39
37	377	83	39
35	378	83	39
32	378	83	39
28	377	83	39
24	378	83	39
21	378	84	39
16	377	85	38
16	379	85	38
13	378	84	37
12	377	84	37
11	378	83	37
8	377	82	37
5	379	81	37
4	378	79	37
3	379	78	37
0	374	76	39
2	377	74	39
0	366	70	44
0	348	64	51
0	341	57	59
0	345	52	66
0	339	48	73
1	349	47	76
0	333	44	80
0	332	42	84
4	351	42	87
0	333	41	90
0	330	39	91
0	332	38	94
0	330	37	95
0	325	36	96
1	326	36	95
1	327	35	95
1	328	35	96
0	342	34	99
1	327	34	100
1	329	33	101
1	332	33	103
2	332	33	105
2	331	33	106
2	331	33	108
2	330	33	110
2	332	33	111
9	330	36	109
2	327	37	109
2	349	37	110
18	377	42	107
19	372	45	106
14	353	47	106
10	338	50	105
7	346	52	105
3	352	53	105
0	337	52	107
0	354	51	109
15	359	55	109
17	370	57	108
16	381	59	106
37	402	63	101
12	389	64	100
11	376	65	99
12	385	67	98
31	403	70	95
14	392	71	93
16	380	73	93
0	388	72	93
0	366	69	96
0	350	67	100
23	391	70	97
9	376	71	97
7	359	72	99
11	365	74	100
31	382	77	98
29	397	79	96
11	386	80	96
12	388	80	95
16	390	81	95
0	374	80	96
21	394	83	94
33	408	86	90
19	400	87	89
25	408	89	87
24	403	90	86
2	389	90	87
29	404	91	85
5	393	91	86
10	397	91	86
0	378	88	88
15	395	90	88
1	380	89	90
25	411	93	85
31	404	95	84
0	389	94	85
13	402	95	84
0	388	94	86
9	395	95	86
0	372	91	90
0	378	89	91
21	395	91	90
3	380	91	91
4	365	91	92
76	351	95	90
111	334	98	89
120	340	101	88
118	349	105	85
116	360	110	81
117	349	114	80
110	360	117	77
109	352	123	76
97	366	126	74
91	357	130	72
86	366	134	70
85	355	137	70
80	367	141	67
65	373	142	65
67	370	142	67
61	374	143	67
65	362	145	68
41	371	147	68
33	387	146	70
28	388	145	73
30	388	145	75
35	385	145	76
25	392	144	77
29	382	144	78
17	391	143	79
14	396	141	82
11	386	141	83
8	380	140	85
0	361	138	88
0	383	137	89
0	371	136	90
2	348	136	91
0	345	134	93
0	351	133	94
0	334	132	95
5	193	137	89
3	190	141	82
4	191	144	78
6	193	145	75
4	193	145	73
7	194	146	71
8	195	145	70
7	194	144	70
10	195	143	69
12	195	141	69
13	195	140	68
16	195	138	68
19	196	136	68
11	196	135	67
26	197	130	68
21	198	127	67
29	197	125	67
28	198	121	66
35	199	117	66
36	199	115	66
38	198	111	66
42	198	108	66
44	198	104	66
45	199	103	66
46	198	100	65
46	198	98	65
48	199	97	64
46	200	97	64
49	198	94	64
49	198	94	64
48	199	94	64
49	199	93	64
49	198	93	64
50	198	92	64
51	198	91	63
49	199	91	63
51	199	90	63
49	200	91	63
52	198	90	63
49	199	91	63
49	200	90	63
52	199	90	63
49	198	90	63
52	199	89	63
49	198	90	63
49	199	90	63
47	200	91	63
55	198	89	62
51	198	88	62
51	199	89	62
47	200	90	62
56	199	88	62
50	198	88	62
48	200	89	62
48	200	89	62
56	198	87	62
49	199	88	62
53	201	87	62
51	199	87	62
48	200	88	62
56	200	86	62
49	199	87	62
57	200	86	62
50	198	86	62
54	201	86	62
50	199	86	62
51	201	87	62
51	200	86	62
51	200	87	62
50	199	87	63
48	200	88	63
50	199	87	62
49	199	88	62
50	200	88	63
50	199	87	63
52	200	87	63
49	198	88	63
52	200	87	63
49	198	88	63
52	199	87	63
48	198	87	63
51	200	87	63
47	198	88	62
48	200	88	62
48	199	88	63
48	199	88	63
48	199	88	64
46	200	89	63
54	198	87	63
47	199	87	62
54	200	86	62
49	197	86	62
46	199	87	62
54	199	86	62
48	198	86	62
46	200	87	62
49	199	87	62
47	198	87	62
42	200	88	62
52	198	86	62
47	198	87	62
46	199	87	62
50	198	86	62
45	199	87	62
52	199	85	62
46	198	86	61
44	199	88	61
52	199	86	61
46	199	87	61
43	200	88	62
49	199	86	62
47	200	87	62
46	199	87	62
44	199	87	62
51	199	86	62
47	198	86	62
43	200	87	62
48	202	86	63
48	198	85	62
45	200	86	62
43	199	87	63
45	201	87	63
45	199	87	64
45	199	87	63
45	200	87	63
45	199	87	63
45	200	87	63
45	200	87	63
42	201	87	63
41	200	88	64
42	201	88	64
42	200	88	63
39	201	89	64
45	201	87	64
40	200	87	64
34	203	89	64
43	200	88	63
41	202	88	63
39	203	88	63
38	203	88	63
38	202	89	64
34	204	90	64
40	202	88	64
36	204	89	64
40	204	88	64
38	204	88	64
38	204	88	63
33	205	89	64
37	205	89	64
37	205	89	64
38	206	89	64
35	205	90	64
31	208	91	64
37	205	89	64
35	207	90	64
33	206	90	64
31	209	91	65
38	207	89	65
32	208	90	65
34	208	89	65
30	209	90	65
37	208	88	65
29	208	90	65
34	211	89	65
29	209	90	65
21	211	93	66
32	208	91	65
28	212	91	66
24	212	93	65
28	213	92	65
22	212	94	65
27	213	93	65
21	213	94	65
21	215	95	66
18	214	96	66
21	215	96	66
21	216	96	65
22	216	96	65
15	216	97	65
17	218	97	66
18	216	97	66
95	129	107	59
145	50	104	61
149	49	99	64
149	48	96	66
151	47	93	68
152	47	90	70
153	44	86	72
155	44	83	74
156	42	80	75
156	42	78	76
157	40	77	76
158	51	76	75
159	56	75	72
159	55	75	71
159	58	74	70
158	58	74	68
157	60	74	67
157	61	73	66
157	63	73	65
158	64	73	64
157	63	73	64
157	64	73	64
157	66	72	63
156	65	73	63
156	66	72	63
156	67	72	63
156	67	72	63
155	66	72	63
155	67	72	63
154	67	72	63
154	69	72	62
153	68	72	63
153	68	72	63
154	69	72	62
152	68	73	63
152	69	73	63
150	66	73	63
149	70	73	62
150	71	73	63
149	72	73	63
147	69	73	63
148	70	73	63
146	70	74	63
146	70	74	64
145	72	74	63
144	70	74	64
143	71	74	64
143	71	75	65
141	72	75	65
141	72	75	65
140	70	76	65
139	72	76	65
139	71	76	66
138	74	76	66
137	73	77	66
138	75	76	66
137	76	76	66
137	76	76	66
135	76	77	66
136	78	76	66
134	78	76	66
133	78	76	66
134	79	76	66
130	79	77	66
130	80	77	66
130	81	77	66
131	81	77	66
128	82	77	66
128	82	78	66
129	83	77	66
127	83	78	66
126	85	77	66
126	85	78	66
125	86	78	66
123	87	78	67
123	88	78	66
121	87	78	67
122	89	78	67
121	89	78	67
120	89	78	68
121	89	78	68
121	89	78	69
118	91	78	68
119	91	78	69
117	92	78	69
116	92	77	69
117	93	77	69
113	94	78	69
115	95	77	69
113	94	77	69
114	95	77	69
111	96	78	69
110	96	78	69
113	96	78	70
109	98	77	70
108	99	78	70
108	99	78	70
105	100	79	70
106	101	78	70
105	102	79	70
105	102	79	71
102	103	79	71
101	103	79	71
101	103	79	71
103	104	78	72
101	105	77	72
98	107	77	72
98	106	78	72
97	107	78	72
96	109	78	72
94	109	79	72
92	112	80	71
89	111	81	72
89	112	81	72
87	113	82	72
85	114	83	72
84	115	84	72
82	115	84	73
80	116	85	73
78	116	86	73
79	117	86	74
77	118	87	74
74	119	87	74
74	120	87	74
73	120	88	74
72	120	88	75
71	121	88	75
68	122	88	75
69	123	89	76
67	123	89	76
67	123	88	76
67	124	88	77
66	126	87	77
66	126	87	77
62	126	88	78
60	129	88	78
62	128	88	78
58	129	89	78
58	130	89	78
56	132	89	78
56	132	89	79
54	133	89	79
53	134	89	79
53	134	90	79
50	136	90	79
50	136	91	80
48	138	91	80
47	137	91	80
45	139	91	81
46	138	91	81
45	140	91	82
44	140	91	82
44	141	90	83
41	143	91	83
42	142	90	84
41	143	91	84
39	143	91	84
39	144	90	84
36	145	90	84
34	146	91	84
31	147	93	84
30	147	93	84
29	150	93	84
31	148	93	85
28	149	93	85
