813	168	11	8
813	167	10	10
813	167	10	10
813	167	10	10
813	167	10	10
813	167	10	10
812	167	10	10
812	168	10	10
812	168	10	10
812	168	10	10
812	169	10	10
812	169	10	10
813	169	10	10
812	169	10	10
812	170	10	10
812	170	10	10
812	170	10	10
813	170	10	10
813	171	10	10
813	172	10	10
813	171	10	10
812	171	10	10
812	172	10	10
813	172	10	10
812	172	10	10
815	173	11	10
815	172	11	10
818	173	11	10
817	173	11	10
819	175	12	10
817	173	12	10
817	174	12	10
818	174	12	10
818	174	12	10
818	176	13	10
818	175	13	10
819	175	13	10
819	176	13	10
820	176	13	10
819	176	13	10
820	177	13	10
819	177	13	10
819	176	13	10
819	176	13	10
818	177	13	10
819	177	13	10
818	178	13	10
819	178	14	10
819	178	14	10
818	178	13	10
820	178	13	10
819	179	13	10
818	178	13	10
818	179	13	10
818	180	13	10
816	179	13	10
816	180	12	10
819	179	12	10
818	180	12	11
819	180	12	10
817	180	11	10
817	180	11	10
817	180	10	10
818	181	10	10
818	181	10	10
818	181	10	10
818	181	10	10
818	182	10	10
818	182	10	10
817	182	10	10
817	182	10	10
817	182	10	10
817	182	10	10
818	183	10	10
817	183	10	10
816	183	10	10
817	183	10	10
816	183	10	10
816	183	10	10
816	183	10	10
816	184	10	10
816	184	10	10
816	184	10	10
815	184	10	10
816	185	10	10
816	185	10	10
816	185	10	10
815	185	10	10
815	185	10	10
814	185	10	10
814	185	10	10
814	185	10	10
814	186	10	10
813	186	10	10
813	186	10	10
813	187	10	10
813	186	10	10
812	187	10	10
812	187	10	10
811	187	10	10
811	188	10	10
810	187	10	10
810	188	10	10
809	189	10	10
808	188	10	10
807	188	10	10
808	188	10	10
807	190	10	10
807	190	10	10
808	190	10	10
807	190	10	10
808	191	10	10
806	190	10	10
805	190	11	10
804	191	11	10
803	190	11	10
804	191	11	10
804	192	11	10
803	192	11	10
802	193	11	10
802	192	11	10
802	192	11	11
801	192	11	11
802	193	11	11
799	193	11	11
801	194	11	10
800	193	12	10
799	193	11	10
800	194	11	10
799	194	11	11
800	194	10	11
800	194	10	12
799	194	10	12
799	193	10	11
798	195	10	11
797	195	10	10
797	195	10	10
797	195	11	10
796	195	10	10
795	196	10	10
794	195	10	10
795	195	10	11
794	195	10	11
793	195	10	11
792	195	10	11
792	196	10	10
792	196	10	10
791	196	10	10
790	197	10	10
790	196	10	10
789	197	10	10
789	197	10	10
788	196	10	10
788	197	11	10
786	197	10	11
785	197	10	10
786	197	10	10
785	198	10	10
785	197	10	10
783	197	10	10
783	197	10	10
783	197	10	10
783	197	10	10
781	198	10	10
780	197	10	10
780	198	10	10
779	197	10	10
779	198	10	10
779	197	11	10
777	198	10	10
777	198	11	10
777	198	11	10
775	198	11	10
776	198	11	10
774	199	11	10
774	198	11	10
774	198	11	10
773	198	11	10
772	198	11	10
771	199	11	10
772	199	11	10
771	199	11	10
772	199	12	10
771	200	12	10
770	199	12	10
770	200	13	10
769	201	13	10
769	201	14	10
769	202	14	10
768	202	14	10
768	203	13	10
768	203	13	11
766	202	13	11
767	203	13	11
766	203	13	11
767	204	12	11
767	204	12	11
767	204	12	12
766	204	12	12
766	205	11	12
765	205	11	12
765	206	11	12
765	205	11	12
765	205	12	11
764	206	12	11
763	206	12	11
763	206	11	11
763	207	12	11
761	206	11	11
761	207	11	11
760	207	11	12
760	208	11	12
760	208	10	12
758	209	10	12
758	208	11	11
757	209	11	11
757	209	11	11
756	210	11	11
755	211	11	11
755	211	11	11
753	212	11	11
753	212	11	11
753	213	11	11
750	212	11	11
751	214	11	11
750	215	11	11
749	214	12	11
749	215	12	10
747	216	11	11
746	217	12	10
745	217	12	11
745	217	12	11
744	217	11	11
743	219	12	11
743	219	12	11
741	219	12	11
741	220	12	11
740	220	12	11
739	220	13	10
739	222	13	10
737	221	13	11
737	222	13	10
736	222	13	10
735	222	13	10
734	223	13	10
733	223	13	10
733	223	13	10
733	223	13	10
732	224	13	10
730	225	13	11
731	225	13	11
730	225	13	11
729	225	13	11
729	226	13	11
728	226	14	11
728	226	14	11
727	226	13	11
726	227	13	11
725	227	13	11
725	227	13	11
724	227	14	11
724	228	13	11
722	228	14	11
721	228	14	11
719	228	14	11
721	229	14	11
718	229	14	12
717	228	15	11
718	229	16	11
718	230	15	11
718	230	15	11
715	230	15	11
714	230	15	11
714	230	15	11
714	231	15	11
714	231	15	11
713	231	15	11
712	232	15	11
711	232	15	11
709	232	15	11
710	232	15	11
709	233	14	12
708	232	14	12
707	233	14	12
705	233	14	12
706	234	15	11
705	235	14	12
704	235	15	12
704	235	14	12
703	236	14	12
703	236	14	12
703	235	14	12
702	236	13	12
702	237	13	12
700	236	13	12
700	237	13	12
699	237	13	11
699	238	13	11
696	239	13	11
696	239	12	11
696	238	12	11
695	239	12	11
694	240	12	11
693	240	12	11
693	240	12	11
693	240	12	11
692	241	12	11
690	241	12	11
689	241	12	11
688	241	12	11
687	241	12	11
686	241	12	11
686	242	12	11
685	242	13	10
683	242	12	11
683	242	12	11
682	243	12	11
681	243	12	11
680	243	12	11
679	244	12	11
678	244	12	11
678	244	12	11
677	244	12	11
676	245	13	11
674	245	13	11
674	245	13	11
674	246	14	11
673	246	14	11
671	246	14	11
670	246	14	11
670	246	14	11
669	246	14	11
667	246	14	11
665	247	14	11
665	247	14	11
664	247	14	11
664	247	14	11
662	247	14	11
660	248	14	11
659	248	14	11
659	248	14	11
657	249	14	11
656	248	15	10
654	249	15	11
655	249	15	11
655	250	15	11
652	249	15	11
650	250	15	11
649	250	16	11
648	250	16	11
646	250	16	11
644	250	17	11
644	250	17	11
640	251	17	12
638	251	17	12
639	251	17	12
639	251	17	12
638	252	17	12
635	252	17	12
633	252	18	12
631	252	19	11
632	252	19	12
629	252	19	12
627	253	20	12
628	253	20	12
628	253	20	12
624	254	20	12
626	254	20	12
633	255	21	12
637	257	21	12
637	256	22	12
634	256	22	12
631	256	22	12
629	257	22	12
628	257	23	12
628	257	23	12
625	257	24	12
624	258	23	13
622	258	23	13
617	258	21	13
618	257	21	13
618	259	20	14
617	258	20	13
616	259	19	13
614	260	18	13
614	259	17	13
614	259	17	13
613	260	16	13
612	261	16	13
611	261	16	12
610	261	15	12
609	262	15	12
609	262	15	12
607	262	15	12
606	262	15	12
607	262	15	12
605	263	14	12
604	262	14	12
602	263	14	12
602	263	14	12
602	263	14	12
601	264	14	12
600	265	14	12
597	264	14	12
598	265	13	12
599	265	13	12
597	265	14	12
595	265	14	12
595	266	14	12
595	265	14	12
594	266	14	12
593	266	14	12
592	266	14	12
591	267	14	12
590	267	14	12
590	266	14	12
589	266	14	12
588	266	14	12
587	267	14	12
586	267	15	12
586	267	15	12
585	267	15	12
584	268	15	12
582	268	15	12
581	267	15	12
581	267	15	12
581	268	15	12
580	269	15	12
578	269	15	12
577	269	15	12
578	270	15	12
576	270	15	12
576	269	15	12
576	270	15	12
575	270	15	12
575	270	14	12
575	270	14	12
576	270	14	12
574	271	14	12
573	271	14	11
573	271	13	12
573	272	12	12
571	272	12	12
570	272	12	12
570	273	12	12
571	273	12	12
570	274	12	12
570	273	12	12
569	275	12	12
569	275	12	12
569	275	12	12
569	274	13	12
570	275	13	12
568	275	13	12
571	276	13	12
571	276	13	12
568	277	14	12
568	277	14	13
568	277	14	13
566	277	14	13
567	278	14	13
566	277	14	13
565	278	14	13
564	278	15	13
564	278	15	13
564	278	15	13
564	280	15	13
563	279	15	13
561	280	15	13
562	281	16	13
561	281	16	13
561	281	16	13
561	282	15	13
559	282	15	13
559	283	15	13
559	283	15	13
559	284	15	13
557	283	15	13
557	284	15	12
556	285	15	12
556	285	15	12
554	285	15	12
554	286	16	12
554	287	16	12
553	287	16	12
552	286	16	12
551	286	16	12
551	287	16	12
550	288	17	12
549	288	17	13
549	288	17	13
548	288	17	13
548	288	17	13
547	289	17	13
547	290	18	12
546	290	18	12
545	289	18	12
545	291	18	12
545	290	18	12
544	290	18	13
544	291	19	13
543	291	19	13
543	291	18	13
542	292	18	12
542	292	18	12
541	293	18	12
541	293	18	12
541	293	18	12
538	293	19	12
539	294	19	12
538	294	19	12
536	294	19	12
536	294	18	13
536	294	18	13
536	293	18	13
535	294	18	13
535	295	18	13
535	295	18	13
534	296	18	13
535	296	18	12
533	296	18	13
533	296	18	13
532	296	18	13
532	298	19	13
533	297	19	13
532	298	19	13
532	298	19	13
531	299	20	12
530	299	20	13
530	298	20	13
529	299	19	13
529	299	19	13
529	300	19	13
528	301	19	13
528	301	18	13
528	300	19	13
528	301	19	13
528	302	19	13
527	302	20	13
527	302	20	13
527	303	20	13
526	302	20	13
526	302	20	13
525	303	20	13
525	303	20	13
526	303	20	13
526	304	20	13
525	304	20	13
524	305	19	14
524	304	19	14
524	305	19	14
525	306	19	14
524	307	19	14
524	306	19	14
524	306	19	14
524	306	19	14
524	308	19	14
523	308	20	14
522	308	20	13
522	308	20	13
522	309	21	13
521	309	21	13
522	310	21	13
521	309	20	13
521	310	20	13
522	311	20	13
522	311	20	13
521	311	20	14
521	311	20	14
521	311	20	14
521	312	20	14
521	313	20	14
520	314	20	14
520	313	20	14
520	313	20	14
521	314	20	14
521	314	20	14
