368	532	50	59
359	526	49	59
350	520	47	59
343	515	46	59
335	511	46	59
325	506	44	58
318	502	44	58
310	497	43	59
303	491	43	60
296	486	43	60
287	479	43	62
280	475	43	63
274	470	43	64
268	467	44	63
262	462	45	64
252	456	45	64
246	453	46	64
240	449	47	65
234	443	48	65
227	440	48	66
219	434	49	68
213	430	49	70
207	425	50	70
201	423	50	71
195	421	51	71
189	421	51	71
183	419	52	71
178	419	52	72
173	421	52	72
168	424	51	74
163	424	51	75
160	428	52	75
156	427	52	77
151	428	52	77
149	430	53	77
144	430	52	77
141	430	52	77
137	431	52	77
136	434	53	78
132	435	54	78
128	436	55	79
125	435	56	80
123	434	57	81
119	433	57	81
117	432	58	81
114	429	57	81
111	428	57	81
108	424	57	81
107	423	57	80
104	418	57	78
103	420	57	80
102	415	57	79
100	413	57	78
98	411	57	78
99	411	57	79
98	409	57	79
97	409	56	78
98	406	55	78
97	406	53	79
98	404	52	81
97	401	51	80
98	401	50	80
99	401	49	81
98	397	47	80
99	400	46	81
99	398	45	80
100	399	44	81
102	397	43	81
103	396	42	80
102	395	41	79
103	392	40	78
105	388	40	77
105	387	39	76
108	384	39	75
107	384	38	76
109	379	38	76
109	376	38	75
110	375	38	74
110	374	37	74
113	371	37	75
114	368	39	74
115	366	39	73
118	365	40	72
119	363	40	70
121	363	40	69
124	359	41	67
126	358	41	64
127	357	41	62
129	358	40	63
133	357	40	61
137	361	39	60
139	363	39	58
142	369	38	58
146	373	38	57
150	377	37	57
155	383	36	56
159	389	36	55
161	395	35	54
166	402	35	52
170	410	34	52
174	422	33	51
178	431	33	51
180	439	32	50
183	447	31	50
186	456	32	49
190	464	32	48
193	471	32	47
195	478	33	47
198	485	32	46
201	493	32	47
207	502	32	48
210	508	32	48
214	513	31	49
219	516	30	51
224	517	30	52
230	520	30	54
236	519	30	54
241	519	30	55
245	525	30	60
251	525	30	63
258	524	30	66
265	523	30	67
271	525	31	69
277	524	32	70
282	527	32	70
292	525	34	70
296	527	34	71
303	529	34	72
309	530	35	74
315	531	35	75
326	531	38	75
328	532	38	76
335	533	41	76
340	531	41	78
345	533	43	79
352	535	44	79
359	533	47	79
363	533	48	77
366	533	51	77
371	531	53	75
375	530	53	72
378	529	56	69
379	524	58	63
380	524	59	59
380	522	58	56
381	520	57	53
380	517	54	51
382	513	54	49
383	511	54	47
382	510	55	46
381	507	55	45
378	505	54	45
378	504	54	45
375	501	53	45
374	501	54	45
373	499	54	45
372	498	54	46
372	498	55	48
370	496	55	50
369	495	55	52
368	491	55	52
365	489	55	51
364	487	55	50
365	486	55	50
366	484	54	48
365	481	54	46
365	480	53	45
365	479	52	44
363	478	51	44
363	477	51	44
360	472	51	44
359	473	52	44
356	470	52	44
353	468	53	44
350	466	54	43
346	463	56	43
342	458	57	44
339	458	58	43
336	455	58	44
332	453	59	44
328	450	59	44
324	446	59	44
319	444	58	44
313	444	59	44
307	441	58	44
301	439	58	44
295	437	58	45
289	435	58	45
282	434	58	46
276	433	58	46
268	431	58	46
264	429	58	46
256	428	58	44
252	427	57	44
247	429	58	45
240	427	57	45
236	428	57	46
230	427	57	46
226	426	56	46
221	425	56	46
215	426	56	46
211	425	55	47
206	424	55	46
203	425	55	47
198	424	55	46
193	423	55	47
189	422	55	47
187	422	55	47
183	421	55	47
180	421	54	47
177	421	54	48
174	420	54	48
171	419	53	49
168	419	53	49
166	417	52	49
163	414	51	50
161	414	51	51
159	411	50	51
157	409	49	52
157	406	48	52
158	402	47	53
157	401	46	53
157	400	46	54
158	399	45	54
159	398	44	54
160	396	42	55
162	397	41	55
163	396	40	55
165	395	39	56
167	394	38	56
169	394	37	56
170	394	36	56
171	394	34	56
172	393	34	55
174	396	33	54
176	397	32	54
177	398	32	53
179	400	32	52
181	400	32	51
181	401	32	51
181	404	32	49
183	406	31	49
182	407	31	49
184	407	31	49
184	410	30	49
185	410	30	49
186	412	29	49
185	412	29	48
187	415	29	47
187	416	29	47
187	417	29	47
186	418	29	48
185	416	28	47
185	417	28	47
186	418	28	47
185	417	28	46
186	418	28	46
187	419	28	46
186	420	27	46
188	422	26	46
188	423	26	46
190	425	26	46
190	426	26	46
190	427	26	45
192	428	26	45
193	431	26	45
192	431	26	45
193	433	26	45
193	434	26	45
195	435	26	45
195	437	26	45
196	439	25	45
197	440	25	45
197	440	25	45
199	440	25	45
198	440	25	44
200	440	25	43
200	440	25	43
199	441	25	42
200	442	25	42
199	442	24	43
200	442	24	43
199	442	24	43
200	443	24	43
200	443	24	43
201	443	24	43
200	442	24	43
200	443	24	43
201	443	24	43
200	443	24	44
202	443	24	43
201	443	24	43
202	444	24	44
201	443	24	43
202	444	24	43
202	444	24	43
202	444	24	43
202	444	24	42
202	445	24	42
203	445	24	41
201	446	25	41
202	446	24	42
202	447	24	43
203	448	24	43
202	447	24	43
203	448	24	43
203	449	25	43
202	448	25	43
202	449	24	43
202	449	25	42
201	451	25	43
202	450	26	43
200	451	25	43
202	452	25	43
201	451	26	43
201	451	26	44
201	452	25	44
200	451	26	43
200	452	25	44
200	452	25	44
198	453	25	44
199	452	25	44
198	452	25	44
196	452	25	45
197	452	25	45
195	452	25	45
195	452	25	46
193	452	25	45
193	451	25	45
193	452	25	44
190	452	25	43
189	453	26	43
189	454	26	43
187	453	26	43
185	454	26	42
185	456	25	43
184	455	26	42
182	457	26	42
181	458	27	42
181	458	27	42
179	459	27	42
179	461	28	42
179	462	28	42
178	462	29	42
178	463	30	42
179	464	30	42
179	466	31	42
179	467	31	42
179	467	32	42
179	469	32	42
179	470	32	42
180	471	32	41
181	472	31	41
182	473	31	41
183	475	31	41
185	476	30	41
186	477	30	42
188	478	29	42
191	479	29	42
191	480	28	43
195	482	29	43
198	482	29	43
201	482	28	44
204	483	29	44
209	484	30	44
215	486	29	44
221	486	30	44
224	488	29	45
229	487	30	45
233	488	30	46
241	488	31	46
246	488	32	47
250	487	32	48
255	489	32	49
262	488	33	49
271	489	34	50
276	488	34	49
283	491	34	49
290	491	34	49
296	490	33	48
306	491	34	47
312	492	32	48
321	491	32	48
329	491	31	50
338	490	32	51
351	489	31	53
359	489	31	55
367	488	31	56
379	487	32	57
387	484	34	58
397	480	35	58
403	472	35	58
409	464	34	58
417	463	35	55
422	450	34	56
430	441	32	56
439	435	32	56
447	431	32	54
455	426	32	53
462	423	34	51
470	420	34	49
479	419	36	47
485	418	36	45
493	417	35	43
504	421	36	40
512	420	36	39
520	418	34	39
529	419	34	38
537	422	34	36
547	424	33	35
563	425	37	34
572	433	40	31
557	407	40	32
564	414	41	32
580	424	45	31
603	429	50	31
619	433	49	32
629	436	47	34
641	440	44	37
652	442	44	40
654	451	45	42
668	452	45	45
678	453	44	45
689	461	43	47
699	465	41	49
712	474	40	51
720	487	37	58
727	486	38	59
738	494	37	64
747	496	36	69
759	495	37	71
766	495	38	72
774	493	39	71
784	493	41	69
791	491	41	67
803	490	41	63
811	490	42	61
817	492	42	59
823	491	44	57
833	493	44	57
843	491	44	57
850	489	44	58
856	490	44	59
864	489	44	60
871	487	45	61
877	485	46	61
883	484	47	62
890	482	48	62
895	480	48	62
899	479	49	62
906	479	49	63
912	476	49	63
918	476	48	64
923	475	48	65
930	473	47	65
937	472	47	66
943	472	47	68
948	470	47	69
951	469	47	71
955	467	47	73
961	466	47	75
965	465	48	76
971	462	47	78
973	460	48	77
977	461	48	78
982	460	48	79
985	459	48	81
989	456	48	81
992	457	49	82
993	455	49	83
997	454	50	84
1001	452	50	85
1001	451	50	85
1006	451	50	86
1009	449	49	87
1013	449	49	87
1012	448	50	87
1014	448	52	87
1016	447	52	86
1018	445	52	85
1019	445	52	84
1019	444	54	82
1022	444	54	81
1022	444	55	81
1024	444	56	81
1025	442	56	80
1029	443	55	81
1031	443	54	81
1035	442	53	81
1030	442	54	80
1030	443	55	79
1029	444	57	78
1034	443	55	78
1031	443	55	78
1034	444	55	78
1029	445	57	76
1031	446	57	75
1029	447	58	74
1031	447	57	75
1028	447	57	74
1024	450	59	73
1026	451	58	73
1022	451	57	73
1019	452	58	72
1016	453	59	72
1014	458	58	71
1009	460	59	69
1006	460	60	69
1004	461	60	68
1001	461	59	69
1000	463	56	69
999	463	54	69
996	463	52	70
989	466	52	69
987	468	50	69
982	465	48	71
976	469	47	70
974	467	46	72
969	469	45	72
964	469	45	73
956	470	45	74
951	469	45	75
944	469	44	75
939	469	44	75
931	470	44	75
924	471	43	75
917	471	43	75
912	473	43	76
904	474	43	77
898	475	43	77
890	477	43	78
885	478	44	78
881	480	43	80
872	480	44	81
866	481	44	82
856	483	43	81
850	484	43	81
844	486	43	80
836	489	45	79
831	490	46	79
823	491	47	78
823	492	45	77
815	495	45	76
810	497	45	75
804	498	46	75
797	501	47	75
790	504	48	75
786	505	49	75
780	508	50	76
775	511	51	76
768	513	52	76
762	516	52	77
763	518	50	79
759	520	50	80
758	521	48	81
749	523	49	81
741	523	52	80
737	525	53	81
732	525	55	80
728	526	55	79
724	528	54	79
721	529	54	79
718	530	53	79
719	531	50	80
716	530	49	80
713	533	47	80
709	534	47	80
707	533	45	80
705	532	45	78
704	534	43	79
702	536	41	80
700	534	40	81
697	534	39	82
695	535	38	83
693	533	37	83
691	532	36	83
688	530	36	83
685	529	36	83
684	529	36	83
682	529	36	84
678	526	36	83
675	526	36	83
672	526	36	84
670	524	36	85
668	521	37	85
664	523	38	84
662	523	37	85
659	520	37	84
657	521	37	84
656	517	37	82
654	518	37	84
651	516	37	85
650	516	37	85
648	513	37	84
647	512	37	84
643	510	38	84
642	510	37	84
641	508	37	83
639	507	37	83
638	507	37	83
636	505	37	84
635	505	36	84
635	502	35	84
633	500	36	84
633	500	35	85
630	498	36	86
630	495	35	86
630	494	35	86
629	492	35	84
629	492	34	84
628	490	34	84
626	489	34	85
626	487	33	84
626	487	34	86
626	485	34	86
627	482	34	85
627	479	33	84
627	478	33	83
628	477	32	82
628	476	32	81
628	474	32	82
628	471	31	81
629	470	31	80
630	467	30	79
630	467	30	79
631	465	29	79
631	463	29	80
631	462	29	80
634	462	29	81
635	461	28	81
638	460	28	81
640	459	27	80
641	459	27	80
644	459	27	79
645	458	27	78
649	458	27	78
652	458	27	78
655	457	27	78
658	457	27	78
660	457	27	78
665	457	27	79
668	456	26	78
671	456	26	77
674	455	26	77
677	455	26	77
680	455	26	77
684	455	26	76
686	454	26	76
689	455	26	76
693	454	26	75
697	454	25	75
700	453	25	74
704	454	25	74
706	452	25	73
710	453	25	74
715	452	25	73
718	452	25	73
721	450	25	73
724	451	25	73
728	452	25	73
731	451	24	72
734	450	24	72
736	451	24	71
739	451	25	71
740	452	24	70
743	452	24	70
745	452	24	69
747	452	24	69
749	451	24	68
752	450	24	67
753	452	24	67
756	453	24	67
759	452	24	66
760	453	24	66
762	453	24	65
766	453	24	64
768	453	24	64
770	452	24	62
772	454	24	63
774	453	24	61
777	454	24	62
779	453	24	60
783	454	24	60
785	454	24	60
787	454	24	59
791	453	24	57
794	455	24	57
796	456	24	58
800	455	24	57
803	455	23	56
807	455	23	55
809	456	23	56
813	456	22	56
815	455	22	54
818	453	23	52
822	455	22	51
825	455	22	50
