752	233	68	153
752	233	67	153
753	232	66	154
754	231	66	154
753	230	66	154
753	228	66	155
755	227	66	156
756	226	66	157
757	224	65	158
759	223	64	159
760	220	63	159
761	219	62	160
762	215	61	160
762	214	61	159
763	211	60	159
764	208	59	158
765	206	59	156
766	203	59	154
767	201	59	151
768	199	59	148
769	199	59	146
771	198	59	145
772	198	58	144
772	197	59	144
773	196	59	145
773	195	59	146
774	193	59	147
774	192	58	148
775	191	58	150
776	190	58	151
778	188	57	152
779	187	57	153
780	186	57	154
780	184	58	155
781	182	59	156
781	180	59	157
782	177	59	157
783	175	59	157
783	173	60	156
784	171	60	154
784	170	60	152
786	167	60	149
786	166	61	146
787	165	61	144
787	164	62	142
787	165	62	141
786	164	63	141
787	163	64	142
788	162	64	143
785	161	65	143
784	160	66	144
782	159	67	145
781	157	68	145
781	157	68	146
781	156	66	147
782	155	65	148
781	153	64	148
781	152	62	149
781	151	61	150
781	149	60	149
780	147	58	149
779	145	57	148
778	142	56	146
777	141	56	144
776	140	55	141
776	139	55	139
775	139	54	138
774	137	54	137
773	137	53	137
772	138	53	137
771	137	53	138
770	137	53	139
769	137	53	140
768	136	53	141
767	135	53	142
767	135	53	143
767	135	53	144
767	135	53	145
767	135	52	146
768	134	52	147
768	134	52	148
769	133	52	149
770	131	51	150
770	131	51	151
771	130	51	151
772	128	51	150
772	129	51	150
772	128	52	149
772	127	53	147
772	127	54	145
773	127	55	143
773	126	55	140
773	127	56	138
774	128	56	136
775	128	57	135
775	129	57	134
775	130	57	134
776	130	57	135
778	130	57	136
777	131	57	137
776	132	58	137
775	131	60	138
776	132	61	139
777	132	60	140
777	133	60	141
777	134	59	142
779	133	59	143
780	133	58	144
780	132	57	144
781	131	56	145
782	130	55	144
782	130	54	144
782	130	53	142
782	129	53	140
782	130	52	138
781	130	52	136
780	130	51	135
777	130	51	134
775	131	51	133
773	132	51	134
770	132	51	135
768	133	51	135
765	132	51	136
763	133	51	137
760	134	51	138
758	134	51	139
755	134	51	140
753	135	51	141
751	134	50	143
749	134	50	143
748	134	49	144
746	133	49	145
744	132	49	145
743	132	49	144
742	131	49	144
741	130	50	142
740	131	50	141
739	131	50	140
739	130	50	138
739	130	50	136
738	131	50	134
739	132	51	133
739	133	51	133
739	134	52	133
737	135	53	134
737	135	54	134
734	137	56	135
732	137	58	136
730	138	60	137
732	138	60	138
730	139	61	139
734	140	60	139
733	140	59	140
734	140	58	141
736	140	57	142
736	139	56	142
738	139	55	142
739	140	54	142
741	140	53	141
742	141	52	140
742	140	52	138
744	141	51	136
743	142	52	134
743	144	52	132
744	144	52	131
744	145	52	131
744	146	52	132
744	147	52	133
745	148	52	134
746	149	51	136
746	149	51	136
746	150	51	137
746	150	52	138
747	152	51	140
747	152	51	141
747	152	51	142
747	152	50	143
747	152	50	144
747	152	50	145
746	152	50	145
746	151	51	144
744	150	51	144
742	151	51	143
742	151	52	142
741	151	51	140
740	150	51	138
738	151	51	136
735	151	51	134
732	152	52	133
729	154	53	133
723	154	55	133
719	154	56	134
715	155	57	135
708	155	59	136
705	155	60	136
703	156	60	137
700	156	60	139
697	155	60	139
694	155	58	140
693	154	56	141
693	154	54	142
691	153	52	141
689	153	51	141
688	152	50	140
687	151	49	139
685	151	49	137
683	150	49	135
681	150	49	133
680	151	49	132
679	151	49	132
679	151	50	132
677	152	50	132
677	152	50	133
677	152	50	134
677	152	50	135
677	152	50	136
677	151	50	137
677	150	50	138
677	150	50	139
678	149	50	140
678	149	50	140
679	148	49	142
680	146	49	143
680	145	49	143
681	144	50	143
681	143	50	143
683	142	49	144
683	142	49	143
684	140	49	143
683	138	49	141
683	137	50	139
683	136	51	136
683	136	51	135
683	136	52	133
681	136	52	132
681	136	52	132
676	136	53	132
674	136	55	132
670	135	56	133
665	134	58	134
663	134	59	134
662	132	58	135
659	132	59	136
659	132	58	137
659	131	57	138
658	129	55	138
657	128	53	139
658	127	52	139
657	126	50	139
657	125	49	138
656	124	48	137
656	121	47	135
656	120	47	134
656	120	47	132
655	120	47	131
655	119	47	131
655	119	47	131
654	119	47	131
654	118	47	132
654	117	47	133
655	116	47	134
656	116	47	134
655	115	47	135
656	114	47	135
656	114	46	136
657	113	46	137
659	113	45	138
661	112	45	139
662	111	44	140
664	110	44	140
666	109	43	141
667	107	43	141
669	106	43	141
671	106	43	140
672	104	44	139
673	102	45	137
674	102	45	134
675	101	46	132
676	101	46	131
678	101	46	130
679	101	46	130
680	101	47	131
679	101	48	132
679	101	50	133
678	100	52	133
678	100	53	133
679	100	54	134
681	99	54	134
682	99	54	135
683	99	54	136
685	99	54	136
686	98	53	137
687	97	52	138
690	96	52	138
691	95	51	138
692	94	50	138
694	94	49	138
695	92	49	136
696	92	48	135
697	92	47	133
698	91	46	131
699	92	45	130
699	92	45	129
699	92	45	128
699	92	45	129
699	93	45	129
700	92	45	130
700	92	45	131
700	93	45	131
699	92	45	132
699	92	45	133
699	92	46	133
698	92	46	134
698	92	46	135
698	93	46	136
698	92	46	136
698	91	46	137
698	91	45	138
699	91	45	138
699	89	45	138
700	89	44	138
700	88	44	137
700	88	44	135
701	88	45	133
701	89	44	131
701	89	44	129
701	90	45	128
700	91	46	128
698	92	47	128
695	92	49	127
694	94	51	128
692	95	53	129
689	95	55	129
689	96	56	130
687	97	57	130
688	97	57	131
687	97	57	132
689	98	56	133
688	99	56	134
690	98	53	135
690	99	52	136
691	98	51	136
691	98	49	136
691	98	48	136
691	98	48	136
694	99	47	135
693	100	46	133
693	100	45	132
693	101	45	130
694	102	44	129
695	104	43	129
695	105	43	128
696	105	43	129
696	107	43	129
696	108	44	130
694	109	44	130
693	110	44	130
691	110	46	131
689	111	46	132
689	111	47	133
688	112	47	134
686	112	48	135
686	113	47	136
685	113	47	137
685	112	46	138
684	113	46	139
683	112	45	139
682	112	45	139
681	113	44	139
678	113	44	138
675	113	44	137
673	112	44	135
670	113	44	132
668	114	44	131
664	115	44	130
660	116	44	129
656	116	44	129
650	117	46	130
643	118	47	131
636	118	50	131
631	119	53	131
626	120	55	132
623	122	55	132
619	122	56	133
617	123	56	133
614	124	56	133
612	124	55	134
611	124	54	134
608	124	54	134
608	124	52	134
607	124	50	134
604	124	48	132
603	125	47	131
601	125	46	129
599	127	44	129
597	128	44	128
597	129	43	128
595	130	43	128
594	131	43	128
593	133	43	129
593	133	43	130
593	134	43	131
592	135	43	132
591	134	44	133
588	135	44	133
590	136	45	134
590	136	45	135
590	137	45	136
591	138	45	137
593	137	45	137
594	138	45	138
595	138	45	139
596	137	45	139
596	137	44	139
597	138	43	139
598	137	42	139
598	137	41	137
600	137	40	136
601	138	40	134
602	138	40	132
603	140	40	131
602	140	41	130
601	142	42	130
600	142	44	130
597	144	46	131
596	145	49	131
594	146	52	132
592	147	54	132
593	147	56	132
594	148	57	132
596	149	56	133
596	149	57	134
599	150	56	134
601	151	56	135
604	150	55	135
606	151	55	134
607	151	54	133
609	150	52	133
610	150	50	132
610	152	49	131
610	152	47	130
612	153	46	130
615	155	45	130
617	156	44	130
619	156	43	132
621	156	43	133
620	157	43	133
620	158	45	134
619	158	46	135
619	158	48	135
620	158	50	136
621	159	51	137
623	159	51	137
625	159	51	137
628	159	51	138
631	158	51	138
633	158	50	139
636	158	49	139
638	158	47	139
640	157	45	139
643	157	44	138
646	157	43	136
648	157	42	135
650	157	42	133
652	158	42	131
652	159	42	130
652	160	43	130
650	160	46	130
648	160	49	130
646	161	53	130
647	161	55	130
643	162	57	131
643	163	60	131
642	163	62	131
644	163	63	132
644	164	63	132
646	163	64	133
647	164	64	133
648	163	64	133
650	163	63	132
652	163	61	131
653	162	58	129
653	163	56	128
653	163	53	127
652	164	51	127
652	164	49	127
651	164	47	127
651	164	46	127
649	165	46	127
646	165	46	128
644	165	46	129
640	164	47	130
634	164	49	130
629	163	52	131
626	164	53	131
622	164	55	132
621	164	55	133
619	163	55	134
620	163	54	134
619	162	55	135
619	161	55	135
619	161	53	136
619	161	52	137
619	160	50	137
619	160	48	137
619	159	46	137
619	159	44	136
619	158	42	134
619	158	41	132
619	157	40	131
621	156	40	129
621	157	40	129
619	157	42	128
618	157	46	127
617	158	50	127
613	158	55	127
612	158	58	128
613	159	62	128
616	159	63	128
620	159	64	129
622	159	65	129
625	159	65	129
630	158	66	129
632	159	66	129
638	158	64	129
641	157	62	128
646	156	60	127
649	157	58	126
651	156	55	126
652	156	53	125
654	156	50	124
656	157	48	124
657	157	46	124
659	158	44	125
660	158	43	126
659	159	43	127
658	158	44	127
656	158	45	128
653	157	47	128
650	157	50	129
646	157	52	128
645	157	55	128
643	157	56	129
643	157	57	129
644	157	57	129
646	157	56	129
648	156	55	130
651	155	54	130
650	155	54	131
651	154	53	131
650	154	52	131
652	154	50	132
652	153	48	131
652	153	44	130
652	153	42	129
651	152	40	127
650	152	39	126
649	152	39	125
647	152	39	124
642	152	42	123
642	151	44	122
638	151	47	122
635	151	49	122
631	151	52	122
627	151	56	122
624	152	60	121
623	152	63	121
623	152	64	121
623	152	66	121
623	151	66	122
624	151	66	122
624	150	66	121
625	149	65	120
626	149	64	120
626	149	61	120
629	149	58	120
630	148	54	120
631	147	49	120
631	148	44	121
632	147	41	121
633	148	38	121
634	148	36	121
633	146	36	121
630	146	37	121
628	147	39	122
624	145	42	122
621	145	46	121
619	145	50	121
617	144	54	121
616	144	57	120
616	144	59	120
617	143	60	121
618	142	61	121
619	141	62	121
621	140	62	122
623	139	61	122
624	139	60	122
625	137	58	121
628	136	55	121
626	136	52	121
628	135	48	121
628	134	44	121
627	133	42	120
626	133	39	119
626	134	38	120
624	133	38	120
620	132	39	120
616	131	42	119
613	129	45	118
609	129	49	118
603	129	55	117
601	129	59	117
599	130	62	117
599	129	64	117
600	129	65	117
600	128	66	117
600	127	67	117
602	126	66	118
602	126	65	118
603	125	63	118
604	125	61	118
605	125	58	118
605	124	55	118
606	124	51	118
605	123	47	118
605	122	43	118
604	123	39	118
604	122	37	118
603	121	36	117
601	121	36	117
598	121	37	118
595	121	39	119
591	120	42	119
585	119	47	118
581	119	52	118
579	119	56	117
577	119	60	117
576	119	62	117
576	119	64	117
576	118	65	117
577	117	66	117
579	116	65	118
581	116	64	118
582	115	62	118
582	115	61	118
583	114	58	118
583	113	55	118
582	113	52	118
582	113	48	118
582	112	44	118
581	112	41	118
580	112	39	118
580	112	37	119
578	112	37	119
576	112	38	120
571	111	40	120
567	110	43	119
564	110	47	119
560	110	51	118
559	110	54	118
558	110	57	118
557	111	59	118
556	110	61	118
556	111	61	118
556	111	62	118
556	111	62	118
557	112	61	119
559	112	59	119
559	113	58	119
557	113	56	119
556	113	54	119
554	113	52	119
554	114	48	119
551	115	45	118
549	115	42	118
547	115	39	117
545	116	36	117
542	116	36	117
540	116	37	117
535	116	40	117
531	117	43	116
530	118	45	116
524	118	50	116
521	119	55	116
518	120	58	116
517	120	61	116
516	121	63	117
517	121	63	117
518	122	63	117
519	122	62	117
520	123	61	117
520	123	60	117
520	124	60	117
519	125	58	118
518	125	57	118
515	126	55	118
517	127	51	117
514	128	48	117
512	130	45	117
512	130	41	118
510	132	39	119
510	133	38	120
508	132	38	122
505	133	40	123
502	133	43	123
500	133	46	122
497	134	50	122
493	135	53	120
494	136	56	120
493	137	57	120
493	139	59	120
493	139	60	120
494	140	60	121
494	141	61	120
494	142	61	121
494	142	60	121
495	142	58	121
496	143	56	120
496	144	54	120
495	144	51	119
495	145	48	119
494	146	45	119
492	146	43	119
491	147	40	118
493	146	38	118
493	147	38	117
492	148	40	117
489	148	42	117
487	149	45	116
483	150	49	116
481	150	54	116
476	151	58	116
474	152	62	117
473	153	65	117
472	153	66	118
474	153	67	118
474	154	67	118
476	154	67	119
477	154	66	119
478	155	65	119
478	155	63	119
478	155	61	119
478	156	60	119
478	157	58	119
478	157	56	118
479	158	53	118
478	159	49	118
479	160	46	118
479	162	43	119
481	162	40	120
483	163	39	122
485	164	39	123
487	165	40	125
487	165	42	126
488	165	45	126
488	165	48	126
492	166	50	126
493	168	52	126
498	167	53	126
501	168	53	125
506	169	53	125
509	169	53	124
514	170	53	124
518	171	52	123
522	171	51	123
526	172	49	122
531	173	47	121
535	173	45	121
539	173	43	121
545	174	41	120
550	174	39	119
557	174	39	118
560	176	40	118
564	176	42	117
568	177	44	117
571	177	46	117
574	178	49	117
577	179	52	118
581	180	55	118
586	179	56	118
592	180	57	118
598	180	58	118
602	180	58	118
608	180	59	118
613	180	59	118
617	180	58	118
622	180	57	118
625	180	55	118
629	179	54	117
633	179	52	117
637	180	50	116
638	179	48	116
641	178	47	115
644	179	45	115
646	179	44	115
646	179	43	116
647	180	43	118
647	180	43	120
647	180	43	122
645	180	43	123
642	179	44	124
640	178	44	124
638	178	44	124
635	178	45	124
633	178	44	124
630	178	44	123
628	178	43	123
626	177	43	122
624	177	42	121
622	177	42	120
620	177	41	119
618	177	41	118
615	176	41	118
613	175	41	117
611	175	41	116
609	175	41	115
608	174	41	114
607	173	41	113
606	173	41	113
605	173	41	112
604	172	41	112
603	172	42	112
602	172	43	112
600	173	45	114
600	172	47	114
600	171	48	115
601	171	49	115
602	171	49	115
603	171	48	116
605	172	48	116
607	171	48	117
609	170	48	117
610	170	48	117
613	169	48	116
614	168	47	116
616	167	46	116
616	166	45	115
618	166	44	114
618	165	44	114
619	165	43	113
619	163	42	113
619	162	42	112
619	163	42	112
618	163	42	114
618	163	42	116
617	162	42	118
615	162	42	120
612	161	41	121
611	160	41	122
607	159	41	122
604	159	41	122
601	159	41	122
598	159	41	122
594	159	40	122
592	158	40	122
588	158	40	121
586	157	40	120
583	157	40	120
580	156	40	119
577	156	40	119
575	155	40	119
573	154	40	118
571	153	40	117
571	153	41	117
569	153	40	116
568	152	40	115
566	152	41	115
565	152	41	114
564	152	41	115
562	152	42	116
561	153	42	118
559	153	43	119
558	152	44	120
557	152	45	121
558	152	45	121
557	152	45	121
557	153	45	121
