440	439	99	169
440	445	100	165
439	449	101	163
440	450	101	160
441	450	101	159
441	453	101	159
441	453	100	157
442	453	100	157
443	453	99	159
445	453	99	160
446	455	99	159
446	456	99	159
446	460	100	157
447	456	100	158
448	461	99	157
449	461	100	155
449	463	100	154
450	463	99	153
450	464	100	151
450	466	99	149
451	467	99	147
452	468	98	146
453	469	98	144
454	471	97	142
454	471	96	141
455	473	96	139
456	474	96	138
457	475	94	138
458	476	94	137
458	478	93	136
459	476	92	138
460	477	92	137
461	479	91	137
462	478	90	137
463	480	90	137
464	481	89	137
465	480	88	138
466	480	88	138
467	478	87	139
468	478	87	140
470	478	87	140
471	477	86	140
472	479	86	139
473	479	85	139
473	477	85	140
475	477	84	140
476	477	84	141
477	477	83	141
478	477	83	142
479	478	82	141
480	478	82	142
481	478	82	142
482	478	81	142
482	477	81	143
483	478	80	145
484	476	80	145
486	477	80	145
487	477	80	145
486	479	80	145
488	478	79	145
488	479	79	145
490	479	79	145
491	480	78	144
491	481	79	144
492	482	79	144
493	482	79	142
493	483	79	142
494	482	78	142
496	483	78	140
494	484	78	140
497	484	78	138
497	485	77	138
498	485	77	137
499	485	77	136
500	485	75	136
501	486	75	134
501	486	75	133
502	487	74	132
503	486	74	131
503	487	74	130
505	486	74	130
505	487	74	129
504	486	74	128
505	486	74	127
507	486	74	127
507	486	73	127
507	486	73	128
508	486	74	128
508	485	74	129
509	483	74	129
509	483	74	126
510	484	74	124
511	485	74	123
511	484	74	122
511	486	73	122
512	486	73	122
513	485	73	121
513	485	73	121
514	486	72	121
514	485	72	120
514	485	73	119
515	486	72	118
516	485	72	118
517	485	72	118
518	485	71	118
518	485	71	119
518	483	70	120
519	484	70	120
520	483	70	121
521	483	69	122
522	483	69	122
521	482	69	122
522	483	69	122
522	482	68	122
523	482	68	123
524	482	67	123
525	481	67	122
525	481	67	122
525	481	67	122
525	480	67	121
527	480	67	120
526	480	67	119
527	480	67	118
528	479	67	117
528	479	67	117
529	478	67	117
530	478	66	117
531	477	66	116
531	477	66	116
532	477	66	115
533	476	66	115
534	476	65	114
533	475	65	114
534	474	65	113
535	474	64	112
536	473	64	111
537	473	63	111
537	472	63	110
538	471	62	109
538	471	62	109
539	469	62	108
539	469	62	107
540	467	62	107
540	466	62	107
541	466	61	106
541	465	61	106
542	464	61	106
542	463	61	105
543	462	60	105
543	461	60	104
544	461	60	104
545	460	59	103
545	459	59	103
546	459	59	102
545	458	59	101
546	458	59	101
547	457	59	100
548	457	59	100
548	456	59	100
548	456	59	100
550	455	59	99
551	454	58	99
550	453	58	99
552	453	58	98
552	452	58	98
552	452	58	98
553	451	58	97
554	451	58	97
555	451	58	97
555	451	58	97
556	449	58	97
557	449	58	97
558	449	58	96
558	449	58	96
559	448	58	96
559	447	58	96
560	447	58	95
561	447	58	95
561	446	58	95
561	446	57	95
562	445	57	95
563	445	57	95
564	445	57	95
564	444	56	94
565	444	56	94
566	443	56	94
566	443	56	94
567	443	56	94
568	442	56	93
569	443	55	93
569	442	55	92
570	442	55	92
571	441	55	92
572	441	55	91
572	441	55	91
573	441	54	91
574	441	54	90
576	440	54	90
576	440	54	90
577	440	53	89
578	439	53	89
579	439	53	89
580	439	53	88
581	439	53	88
582	439	52	88
583	439	52	87
584	439	52	87
585	439	52	86
586	439	51	86
586	438	51	86
587	438	51	85
588	437	51	85
589	437	50	85
590	436	50	85
591	435	50	86
591	435	50	86
592	434	50	86
593	433	49	86
594	433	49	85
595	433	49	85
596	432	49	85
596	432	49	85
597	432	49	85
599	431	49	85
599	432	49	84
601	432	49	84
601	431	49	84
602	431	49	83
603	431	49	83
604	431	49	83
605	431	49	82
606	431	48	82
607	430	48	81
608	430	48	80
608	430	48	80
610	430	48	80
610	429	48	80
611	428	48	81
611	426	48	82
612	426	48	81
613	426	48	81
614	426	48	81
615	427	48	80
616	427	48	79
616	427	48	79
617	427	48	79
618	427	47	78
618	427	47	78
619	427	47	78
620	427	47	78
621	427	47	78
622	427	47	77
622	428	47	77
623	427	47	77
624	427	47	78
624	427	47	78
625	426	46	79
626	426	46	78
626	426	46	78
627	426	46	77
628	426	46	77
629	426	45	77
629	427	45	76
630	426	45	76
631	426	45	76
632	427	45	75
633	427	44	75
633	428	44	75
633	428	44	74
634	428	44	74
634	428	44	74
635	428	44	75
636	427	43	75
637	427	43	75
638	427	43	75
638	427	43	75
639	427	43	75
640	427	43	75
641	428	43	74
641	428	43	74
642	428	42	74
643	428	42	74
643	428	42	74
643	428	42	75
644	427	42	75
644	428	42	75
645	427	42	74
646	427	42	74
647	428	41	73
647	428	41	73
648	427	41	72
648	428	41	72
649	428	41	71
650	428	41	71
650	428	41	72
651	428	41	71
652	428	40	71
652	428	40	71
652	428	40	70
653	428	40	71
653	428	40	70
654	428	40	71
655	427	40	71
655	427	40	70
655	427	40	70
655	428	40	71
655	428	40	70
657	428	40	70
657	428	40	70
657	428	40	70
657	429	40	69
656	429	40	69
657	429	39	69
657	429	40	69
658	429	39	69
658	430	39	69
659	430	39	69
658	430	39	70
660	430	39	70
660	430	39	70
660	430	39	69
660	430	39	68
661	430	39	68
661	430	39	68
661	430	39	68
662	431	38	68
662	430	38	68
662	430	38	68
662	430	38	68
663	431	38	68
662	431	38	68
663	431	38	68
663	431	38	68
663	431	38	68
662	431	38	68
663	432	38	68
663	432	38	68
663	432	38	68
663	432	38	68
663	432	38	68
663	432	38	68
663	432	38	67
664	433	38	67
663	433	38	67
664	433	38	67
664	433	38	67
664	433	38	67
663	433	38	67
664	433	38	67
663	433	38	67
664	432	38	67
663	433	38	67
664	432	38	67
664	432	38	67
664	432	37	67
664	432	37	67
664	432	37	66
664	432	37	66
664	432	37	66
664	432	37	66
665	432	37	66
664	432	37	66
664	432	37	66
665	432	37	66
664	432	37	65
664	431	38	65
665	431	38	65
664	431	38	65
664	430	38	65
664	430	38	65
664	430	38	65
664	430	38	64
664	429	38	64
664	429	38	64
663	428	38	65
663	428	39	65
663	427	39	65
662	426	39	65
663	426	39	65
663	426	39	64
662	426	39	64
662	425	39	64
663	425	39	64
663	425	38	64
664	424	38	64
664	424	38	64
664	423	38	64
663	422	37	64
664	422	37	64
665	421	37	63
664	421	37	63
664	420	37	63
664	420	37	62
664	420	37	62
664	420	37	62
664	419	37	62
664	419	37	62
664	419	37	62
664	418	37	62
664	417	36	62
663	417	36	62
663	417	36	62
664	417	36	62
663	416	37	61
663	415	36	61
663	415	37	61
663	414	37	61
663	414	37	61
662	413	37	61
662	413	37	61
662	412	37	61
662	413	37	61
662	412	36	60
662	412	36	60
662	412	36	60
661	412	36	60
662	410	36	60
662	411	36	60
661	410	37	60
661	410	37	60
661	409	37	60
661	409	37	60
661	409	37	60
660	408	36	59
661	409	36	59
660	408	36	60
660	407	36	59
659	409	37	60
660	408	36	59
660	407	36	60
660	407	36	59
659	407	37	59
658	407	37	59
659	407	37	59
659	407	37	59
659	406	36	59
658	405	37	59
658	405	37	59
658	406	37	59
657	405	37	58
657	405	37	58
656	405	37	58
657	404	37	58
656	404	37	58
657	404	37	58
656	403	37	58
655	403	37	58
656	402	37	58
655	402	37	58
656	401	37	58
656	401	37	58
655	401	37	57
655	401	37	57
656	400	36	57
655	400	36	57
656	399	36	57
656	399	36	57
655	399	36	57
655	399	35	57
655	398	35	57
655	397	35	57
655	396	35	57
654	396	36	56
654	396	36	56
655	395	36	56
654	395	36	56
654	395	36	56
653	394	36	56
654	395	36	56
653	394	36	56
652	393	36	55
653	393	36	55
652	393	36	55
653	392	36	55
653	392	36	55
653	392	36	55
652	391	36	55
652	391	36	55
651	391	36	55
652	391	35	55
652	390	35	55
652	390	35	55
652	389	35	55
651	389	35	55
651	389	35	55
651	388	35	56
651	388	35	56
651	387	35	56
651	388	35	55
650	387	35	55
649	387	35	55
650	387	35	55
649	387	35	55
649	386	35	55
650	387	35	55
649	387	35	55
648	387	35	55
648	385	35	55
648	385	35	55
648	385	35	55
648	386	36	55
648	386	36	55
647	386	36	55
648	386	36	55
647	385	36	55
647	385	36	55
647	384	36	54
646	385	36	54
646	385	36	54
646	384	36	54
646	385	36	54
646	385	36	54
646	384	36	54
646	384	36	54
645	384	36	54
646	384	36	54
645	384	35	54
646	384	35	54
646	384	35	54
646	383	35	54
646	384	34	54
646	383	34	55
646	383	34	55
646	383	34	55
646	383	34	55
645	382	34	54
645	383	34	54
645	382	34	54
644	383	35	54
644	382	35	54
644	382	35	54
643	382	35	54
644	382	35	54
643	382	35	54
643	381	35	54
644	382	35	54
643	381	36	54
643	382	36	54
642	382	36	54
644	382	35	54
643	381	35	54
643	382	35	54
643	381	35	54
642	382	35	54
642	382	35	54
642	381	35	54
643	382	35	54
642	382	35	54
642	381	35	54
642	381	35	54
642	381	35	54
641	381	35	54
641	381	34	54
641	381	34	54
640	381	35	54
641	381	35	54
640	381	35	54
641	382	35	54
639	381	35	54
639	381	35	54
639	382	35	54
639	381	35	54
639	381	35	54
638	381	35	54
639	381	35	54
638	382	35	54
638	381	35	54
637	381	35	54
638	382	35	55
637	382	35	55
637	382	35	55
636	382	35	55
636	382	35	54
636	382	35	54
635	383	35	54
636	383	35	55
635	383	36	54
635	383	36	54
634	383	36	54
634	384	36	54
634	384	36	54
634	385	36	54
635	385	36	54
634	385	36	54
634	386	36	54
634	385	35	54
634	385	35	54
633	386	35	54
633	387	35	54
634	387	35	54
634	386	35	54
634	387	35	55
633	387	35	55
634	387	35	55
633	387	35	55
634	388	35	54
633	388	35	54
632	388	35	54
633	388	35	54
632	388	34	54
632	388	34	54
632	389	35	54
632	389	35	54
631	389	35	54
632	390	35	55
630	390	35	55
630	390	35	55
630	391	35	55
629	391	35	55
630	390	35	55
630	391	35	55
629	392	35	55
629	391	35	55
629	392	34	55
628	392	34	55
629	393	34	55
628	393	34	55
628	393	34	55
627	394	34	55
627	394	34	55
627	395	34	56
626	395	34	56
627	395	34	56
627	396	34	56
626	396	34	56
625	396	34	56
625	396	34	56
626	397	34	56
625	397	34	56
624	398	34	56
625	397	34	56
624	398	34	56
623	398	34	56
623	399	34	56
623	398	34	56
622	399	34	56
622	399	34	56
623	400	34	57
622	400	34	56
621	400	34	56
621	401	34	56
622	402	34	56
621	401	34	56
621	402	34	57
620	402	35	57
620	401	35	57
619	402	35	57
619	402	35	57
619	402	35	57
619	402	35	57
618	403	36	57
617	404	36	57
617	404	36	57
617	403	36	58
616	404	36	57
616	404	36	57
615	404	36	57
615	405	36	57
615	405	36	57
615	405	36	58
615	406	36	58
615	406	36	58
614	406	36	58
614	406	36	58
614	406	36	58
613	407	36	58
614	407	36	58
613	407	36	58
613	407	35	58
612	407	35	58
613	408	35	58
613	408	35	58
612	408	35	58
612	409	35	58
612	409	35	58
611	409	35	58
610	410	35	58
611	410	35	58
611	410	35	57
610	410	35	58
610	410	35	57
610	411	35	57
609	411	35	57
609	411	36	58
608	411	36	58
607	411	36	58
607	411	36	58
608	412	36	58
607	412	36	58
607	412	36	58
606	412	36	58
606	412	36	58
606	413	36	58
606	414	36	58
606	414	36	58
605	414	36	58
605	414	36	58
605	414	36	58
604	414	36	58
604	415	36	58
604	415	36	58
603	415	36	58
603	415	36	58
603	415	35	59
603	415	36	59
603	415	36	59
603	415	36	59
602	417	36	59
602	416	36	59
602	417	35	59
602	417	35	59
602	417	35	59
601	417	35	60
602	417	35	60
601	417	35	60
601	417	35	60
600	418	35	60
600	417	35	60
600	418	35	60
599	418	35	60
600	418	35	60
598	418	35	60
599	418	35	60
598	418	36	60
598	418	36	60
597	419	36	60
597	418	36	60
596	418	36	60
596	418	36	60
595	419	36	60
596	419	36	60
596	419	36	60
595	419	36	60
595	420	36	60
594	420	36	60
594	420	36	60
594	420	36	60
594	420	36	60
594	420	36	60
593	420	36	60
593	419	36	60
593	420	36	60
593	420	36	60
591	420	36	60
591	420	36	60
592	420	36	59
591	420	36	59
592	421	36	59
591	421	36	59
591	421	36	59
591	421	36	59
591	421	36	58
591	421	36	58
591	421	36	58
591	422	36	58
590	422	37	58
590	422	36	58
590	422	37	58
589	423	37	58
589	423	37	57
589	423	37	57
590	423	37	57
589	423	37	57
589	424	37	57
588	423	37	57
588	423	37	57
589	424	37	57
589	424	37	57
588	425	37	57
588	426	37	56
588	427	37	55
588	428	37	54
589	428	37	53
588	429	38	52
588	431	38	52
588	432	38	50
589	433	38	49
588	434	38	48
588	436	38	47
588	437	38	46
587	439	39	45
587	442	39	43
588	442	40	41
587	445	40	40
587	446	40	38
587	448	40	37
588	449	40	35
587	451	40	34
588	451	41	34
589	453	41	33
588	455	42	33
589	456	42	32
590	458	42	32
590	458	43	32
591	455	43	31
590	460	44	31
590	463	44	30
589	462	44	30
588	464	44	30
587	441	45	30
581	443	46	29
578	446	47	28
576	448	48	28
571	450	49	28
566	452	49	28
576	454	50	27
586	420	51	26
583	419	54	23
578	421	54	21
578	423	52	21
578	424	49	21
579	424	46	23
580	424	45	23
581	425	43	25
582	425	42	26
584	426	40	28
585	425	39	30
586	425	37	32
586	424	36	34
587	425	35	36
587	425	35	38
587	426	35	39
587	425	35	41
587	426	35	42
587	426	35	44
587	426	36	46
587	425	36	48
587	424	36	49
587	425	37	51
587	425	37	52
587	425	37	54
588	425	36	56
588	424	36	56
588	424	36	57
588	424	37	57
588	424	36	57
588	424	36	57
588	424	36	58
588	424	36	57
588	423	36	58
588	424	36	58
588	423	36	58
588	423	36	58
589	423	36	59
588	423	36	59
588	423	36	59
588	423	35	59
589	422	35	60
589	422	35	60
589	422	35	60
589	422	35	60
589	422	35	60
589	422	35	60
589	421	35	60
589	421	35	60
589	421	34	59
590	421	34	59
589	421	34	59
589	421	34	59
589	421	34	59
589	420	34	59
590	421	34	59
590	420	34	59
590	420	34	59
590	420	34	59
590	419	34	59
589	419	34	60
589	419	34	60
589	418	34	60
588	418	35	60
589	418	35	60
588	419	35	60
589	419	35	60
588	418	35	59
589	419	35	59
588	418	36	59
588	419	36	59
589	417	36	59
588	417	36	58
588	417	36	59
587	418	36	58
588	417	36	58
588	416	36	58
588	416	36	58
588	416	36	58
588	416	36	58
589	416	35	58
589	415	35	58
589	414	35	58
589	414	35	58
589	414	35	58
589	414	35	57
589	414	35	57
589	413	35	57
589	413	35	57
589	412	35	57
589	412	35	57
588	412	35	57
589	412	35	57
589	411	35	57
589	411	35	57
589	410	35	57
589	410	35	57
590	409	34	57
589	409	34	57
590	409	34	57
589	408	34	56
590	408	34	56
590	408	34	56
590	407	34	56
590	407	33	56
591	406	33	57
591	406	34	56
590	406	34	56
591	406	34	57
590	405	34	56
590	404	34	56
591	403	33	56
591	403	34	56
591	403	34	56
591	402	34	56
591	401	34	56
592	401	34	56
591	401	34	56
591	400	34	56
591	399	34	56
592	400	34	56
591	399	34	56
591	398	34	56
592	398	34	56
591	398	34	56
590	397	35	56
591	397	35	56
591	397	35	56
591	396	36	56
590	395	36	56
590	394	36	55
591	395	36	55
590	394	36	55
590	393	36	55
590	393	36	55
590	393	36	55
590	393	36	55
590	392	35	55
591	392	35	55
591	391	35	55
591	390	35	55
591	389	34	55
591	389	34	55
592	388	34	55
591	389	34	54
592	388	34	54
592	388	34	54
592	388	34	54
592	387	34	54
592	387	34	54
592	386	34	54
593	386	34	53
592	385	34	53
592	385	34	53
592	384	34	53
592	384	33	53
593	384	33	53
592	383	33	53
592	383	33	52
593	382	33	52
593	382	33	52
593	381	33	52
593	380	33	52
593	379	33	52
593	378	33	52
593	378	33	53
593	378	33	52
594	378	33	52
594	377	32	52
594	376	33	52
593	376	33	52
594	375	33	52
594	375	32	52
594	374	33	52
594	373	32	52
595	373	32	52
595	372	33	52
595	372	33	52
594	371	33	52
595	371	33	52
594	370	33	52
594	370	33	51
594	369	33	51
595	369	33	51
595	368	34	51
595	367	34	51
595	366	34	51
595	366	34	50
595	365	34	50
595	365	34	50
595	363	34	50
596	362	34	51
596	362	34	50
596	361	34	51
596	360	34	50
597	359	34	50
597	359	33	50
597	358	33	50
597	356	33	50
597	355	33	50
597	354	33	50
598	353	33	50
598	352	33	50
597	351	33	50
597	351	33	49
598	350	33	49
598	350	33	49
598	349	33	49
598	347	33	49
599	347	33	49
599	346	32	49
599	344	32	49
600	344	32	49
600	343	32	48
599	341	32	48
599	341	32	48
600	340	32	49
600	338	32	49
600	338	32	48
600	336	32	48
601	335	32	48
600	334	32	48
600	334	32	48
600	333	32	48
601	332	32	48
601	331	32	48
601	331	32	48
600	329	32	47
600	329	32	47
601	327	32	47
601	326	33	47
601	325	33	47
601	325	33	47
602	324	33	47
601	323	33	47
602	322	33	47
601	320	33	46
601	320	33	46
601	319	33	46
602	318	33	46
602	317	33	46
602	316	33	46
602	316	32	45
602	314	32	45
603	313	32	45
602	312	32	45
603	311	33	45
603	310	33	45
603	309	32	45
603	308	32	45
604	307	32	45
604	306	32	45
604	305	32	45
605	304	32	45
604	303	32	44
604	302	32	44
604	301	32	44
604	300	31	44
604	299	31	44
604	298	31	44
605	297	31	44
605	296	31	44
606	295	31	44
606	293	31	44
605	292	31	44
605	292	31	44
605	291	31	44
606	289	31	44
606	289	31	43
606	287	30	43
606	287	31	43
606	286	31	43
605	285	31	43
606	285	31	43
606	284	31	43
605	283	31	42
605	283	31	42
605	281	31	42
605	281	32	42
605	280	32	42
605	279	32	42
605	280	32	42
606	279	32	42
605	278	32	42
605	278	32	42
605	277	32	42
605	277	31	42
606	277	31	42
605	276	31	41
606	275	31	41
606	276	31	41
606	275	31	41
606	276	31	41
605	275	31	41
605	275	31	41
605	274	31	40
605	274	31	40
606	273	31	40
605	273	31	40
606	272	31	40
606	272	31	40
606	272	30	40
605	271	30	40
606	271	30	40
606	271	30	40
606	270	30	40
606	270	30	40
607	270	30	40
606	269	30	40
607	268	30	40
606	268	30	40
606	268	30	40
606	267	30	39
606	267	30	39
606	266	30	39
606	267	30	39
606	266	30	39
606	266	30	39
606	266	30	39
605	266	30	39
605	266	30	39
606	266	30	38
606	267	30	38
605	269	30	38
605	270	30	38
605	272	30	38
604	272	30	38
605	272	30	38
605	273	30	37
605	275	30	37
605	275	30	37
605	277	30	37
605	278	30	37
605	279	30	37
604	280	30	37
605	282	30	37
605	285	29	37
605	289	29	37
605	292	29	37
605	295	29	37
605	297	29	37
605	300	29	37
605	303	28	37
605	306	28	37
605	310	28	36
605	313	28	36
605	316	28	36
605	318	28	36
605	321	28	36
605	325	28	36
604	328	28	36
604	330	28	36
604	332	28	36
604	334	29	36
604	336	29	36
603	338	29	36
603	340	29	36
603	341	29	36
603	343	29	36
603	345	29	36
603	345	29	36
603	347	29	36
603	348	29	36
603	349	29	36
602	350	29	36
601	350	29	36
602	351	29	36
602	352	29	36
603	352	29	36
603	351	29	36
603	351	29	36
602	351	29	36
603	351	29	36
603	350	28	36
602	349	29	36
603	349	28	36
602	349	28	36
603	348	29	36
603	347	28	36
602	347	28	35
602	347	28	35
602	346	28	35
602	347	28	35
603	347	28	35
602	348	28	35
602	348	28	35
602	350	28	35
602	350	28	35
602	351	28	35
603	354	28	35
602	355	28	35
602	355	28	35
603	356	28	35
602	358	28	35
602	359	28	35
601	360	29	35
601	361	29	35
601	362	29	35
601	362	29	35
601	364	29	35
601	364	29	35
601	365	29	35
600	366	29	35
600	367	29	35
600	367	29	35
600	366	29	35
600	366	29	35
600	366	29	35
600	365	29	35
600	364	29	35
600	363	29	35
599	363	29	35
600	362	28	35
600	362	28	35
599	361	28	34
599	361	28	34
599	361	28	34
599	361	28	34
599	359	28	34
599	359	28	34
599	358	28	34
599	357	28	34
599	357	28	34
599	357	28	34
599	356	27	34
599	355	27	34
598	355	27	34
599	354	27	34
598	354	27	34
599	354	27	34
599	352	27	34
598	353	27	34
599	351	27	34
598	351	27	34
597	351	27	34
597	351	28	33
597	350	28	33
596	350	28	33
596	349	28	33
596	347	29	33
595	347	29	33
595	346	29	33
595	347	29	33
595	345	30	33
595	345	29	33
595	344	29	33
595	344	29	33
595	344	29	33
595	343	29	33
595	342	29	33
595	342	29	33
595	341	29	33
595	341	29	33
595	340	28	33
595	339	28	33
595	339	28	33
596	338	28	33
595	338	28	33
595	338	28	33
595	337	28	33
595	337	28	32
595	337	28	32
594	336	28	32
595	335	28	32
594	335	28	32
594	335	28	32
594	334	27	33
594	334	27	33
594	333	27	32
594	332	27	33
594	332	27	33
594	331	27	33
594	330	27	32
594	330	27	32
595	329	28	32
594	329	28	32
593	329	28	32
593	329	28	32
592	329	28	32
593	328	29	32
593	327	29	32
593	326	29	31
592	326	29	31
592	325	29	31
592	324	29	31
592	324	29	32
592	323	29	32
592	323	29	32
593	322	29	31
592	321	29	31
592	320	29	31
592	320	29	31
593	319	29	31
593	319	29	31
593	318	28	31
592	317	28	31
593	316	28	31
593	315	28	31
592	315	28	31
592	314	27	31
593	313	28	31
592	312	27	31
592	312	27	31
592	311	27	31
593	311	27	31
592	310	27	31
592	309	27	31
592	308	27	31
592	308	27	31
591	307	27	31
591	306	27	30
591	306	27	30
591	306	28	30
591	304	28	30
590	305	28	30
590	304	28	30
589	304	28	30
590	303	29	29
589	303	29	29
589	302	30	29
589	301	29	29
589	301	29	29
589	300	29	29
589	299	29	30
589	298	29	30
590	297	29	30
589	298	29	30
589	296	29	30
590	296	28	30
590	296	29	30
590	294	29	30
589	294	29	29
590	293	29	29
589	293	28	29
590	292	28	29
590	292	28	29
589	290	28	29
590	291	27	29
590	290	27	29
590	288	27	29
590	288	27	29
590	287	26	29
590	287	26	30
590	286	26	30
589	285	26	30
589	285	27	30
590	283	27	29
589	283	27	30
589	283	27	30
588	281	27	29
589	282	28	29
589	281	28	29
588	281	28	29
588	281	28	28
588	280	29	28
588	280	29	28
587	279	29	28
588	278	29	28
587	277	29	28
588	277	29	29
588	277	29	29
589	276	30	28
588	276	30	29
589	275	30	29
588	276	29	29
588	275	30	28
589	275	30	28
588	274	30	28
588	275	29	29
589	274	29	28
589	273	29	28
589	273	29	28
588	272	29	28
588	272	28	28
589	271	28	28
589	271	28	28
589	271	28	28
590	271	28	28
590	270	27	28
589	269	27	28
589	269	27	28
589	269	27	28
589	268	27	28
590	268	27	28
589	267	27	29
589	267	27	29
589	265	27	29
589	265	27	29
589	265	27	29
589	264	28	29
589	264	28	29
588	264	28	29
589	263	29	29
588	264	29	29
587	263	29	28
587	263	29	28
587	263	29	28
586	262	29	28
587	262	30	28
587	261	30	28
587	261	29	28
586	260	29	28
587	260	29	29
586	260	29	29
587	260	30	29
588	260	29	29
588	259	29	29
588	259	29	29
588	259	29	29
588	258	29	29
588	259	29	29
588	258	29	28
588	258	29	29
588	258	29	28
589	258	29	29
589	257	29	28
588	257	28	28
589	256	29	28
589	257	28	28
589	256	28	28
589	256	28	28
589	256	28	28
589	256	28	28
590	256	28	28
590	255	28	28
589	255	28	29
590	255	28	29
589	255	28	29
589	255	28	29
589	254	28	29
589	255	29	29
589	254	29	29
590	254	29	29
589	254	29	29
589	254	29	29
589	254	29	29
589	254	29	29
590	253	29	29
589	253	29	29
590	253	29	29
589	253	29	29
589	253	29	29
590	253	29	29
590	253	29	29
590	253	29	29
590	252	29	29
589	253	29	29
590	252	29	29
589	252	29	29
590	252	29	29
589	252	29	29
589	252	29	29
589	252	29	30
589	252	29	30
590	252	29	30
589	251	29	29
589	251	29	29
589	252	30	30
589	251	30	30
589	252	30	30
590	252	30	30
589	252	30	30
589	252	30	30
589	251	30	30
589	252	30	30
589	252	30	30
590	252	30	30
589	252	31	30
588	252	31	30
589	252	31	30
590	253	31	30
589	253	31	31
589	252	31	30
589	252	31	31
589	253	31	31
589	253	31	31
589	253	31	31
589	253	31	31
588	253	31	31
587	254	31	31
588	254	31	31
587	255	32	31
588	255	32	31
587	255	32	31
586	256	32	31
587	255	32	31
588	256	32	31
587	256	32	32
587	257	32	32
588	257	31	32
587	257	32	32
587	258	32	32
586	258	32	32
586	257	32	32
586	258	32	32
586	258	32	32
586	258	32	32
586	259	32	32
587	259	32	32
586	259	32	32
586	259	32	32
586	259	32	33
586	259	33	33
586	259	33	33
586	260	33	33
585	259	33	33
585	259	33	33
585	260	33	33
586	259	33	33
584	260	33	33
584	260	33	34
584	259	33	34
584	260	33	34
584	260	33	34
585	260	34	34
584	260	33	34
584	260	34	34
584	260	34	34
583	260	34	34
584	260	34	34
583	259	34	35
584	259	34	35
584	260	34	35
583	260	34	35
582	260	34	35
583	259	35	35
583	260	35	35
582	260	35	35
582	260	35	35
582	259	35	35
582	260	35	35
582	260	35	35
582	260	35	35
581	260	35	36
582	260	35	36
581	260	35	36
582	260	35	36
581	260	35	36
581	260	35	36
581	260	35	36
581	260	36	36
581	259	36	36
581	260	36	36
581	259	36	36
581	260	36	36
581	260	36	36
580	260	36	36
581	260	36	36
580	259	36	36
580	260	36	36
581	260	37	36
581	260	37	36
580	260	37	36
580	260	37	36
580	259	37	36
580	260	37	36
580	260	37	36
580	259	37	36
579	259	37	37
580	259	37	37
579	258	37	37
580	258	37	37
579	258	37	37
579	257	37	37
580	256	37	38
579	257	38	38
579	255	38	38
579	255	38	38
579	255	37	39
578	256	38	39
578	255	38	39
578	254	38	39
579	254	38	39
578	254	38	39
578	254	38	39
578	253	38	39
578	253	38	39
579	253	38	39
578	253	39	39
578	252	39	39
578	252	39	39
578	252	39	39
578	252	39	39
578	252	39	39
578	251	39	39
578	252	39	39
578	251	39	39
577	251	40	38
577	252	40	38
577	252	40	38
577	251	40	38
577	251	40	38
577	250	40	38
577	250	40	38
577	249	40	38
576	249	40	38
576	249	40	38
575	249	41	38
576	248	40	38
575	248	40	38
576	247	40	39
576	247	40	38
576	247	40	38
575	245	41	38
575	246	41	38
575	245	41	38
574	245	41	38
574	244	41	38
575	244	41	38
574	243	41	38
574	243	41	38
574	242	40	39
574	242	40	39
574	242	40	39
574	240	40	39
575	241	40	38
574	241	40	38
573	240	41	38
574	239	41	38
574	239	40	38
573	239	41	38
572	238	41	38
573	238	40	38
573	237	40	38
574	237	40	38
573	236	40	38
573	236	40	38
572	236	39	38
572	235	40	38
573	234	39	38
572	234	39	38
572	234	39	38
572	233	39	38
572	232	40	38
572	232	40	38
572	232	40	38
571	231	40	38
571	231	41	38
571	231	41	38
571	230	41	38
571	228	41	38
570	229	41	38
570	228	41	38
570	227	41	38
570	226	41	38
569	226	41	38
570	225	41	39
569	225	41	38
569	224	41	38
569	223	41	39
569	223	41	38
569	222	41	39
569	221	41	39
568	221	41	39
568	221	41	39
569	220	41	39
568	220	41	39
568	219	41	39
568	220	41	39
567	220	42	39
567	219	42	39
567	219	42	39
566	218	42	39
567	218	41	39
566	219	41	39
567	218	41	39
566	218	41	39
566	218	41	39
566	219	41	39
566	220	41	39
565	220	41	39
566	220	41	39
565	219	41	39
565	220	41	39
565	220	41	39
565	220	41	39
565	221	41	39
565	221	41	39
564	222	42	39
563	223	42	39
564	224	42	39
564	225	42	39
563	226	42	39
564	228	42	39
563	229	41	39
563	231	42	39
563	232	42	39
564	233	42	39
563	234	42	39
562	236	42	39
563	237	42	39
563	238	42	39
563	239	42	39
562	241	42	39
562	241	42	39
563	244	42	38
563	245	42	38
563	245	42	38
564	247	42	38
566	249	43	38
567	249	42	39
568	250	42	39
569	251	42	39
570	252	42	39
571	253	43	39
572	254	42	39
572	255	43	39
574	255	42	39
574	255	42	39
574	255	42	39
573	256	42	39
575	255	42	39
575	256	42	38
574	257	42	38
575	256	42	38
575	255	42	38
575	256	42	38
575	255	42	38
575	255	42	38
576	254	42	38
577	255	42	38
577	253	43	38
577	254	43	38
577	252	43	38
578	252	42	38
579	250	43	38
579	249	43	38
580	249	43	38
580	248	43	38
581	247	43	38
581	247	43	38
582	246	43	38
583	245	42	38
583	245	42	38
584	244	42	38
585	244	42	38
585	242	42	38
586	242	43	38
586	242	43	38
588	240	43	38
588	239	43	38
588	240	42	38
590	238	42	38
591	238	42	38
591	237	42	38
592	237	43	37
593	235	43	38
593	235	43	37
594	235	43	38
595	233	43	38
596	232	42	38
597	233	43	37
598	231	42	37
598	231	42	37
599	229	42	37
601	228	42	37
601	228	42	37
602	227	42	37
602	226	42	37
603	225	42	37
603	224	42	37
605	223	42	37
606	222	42	37
606	222	42	37
607	220	42	37
607	220	42	36
607	219	42	36
609	218	42	36
610	218	42	36
610	217	42	36
610	216	42	36
611	216	42	36
612	215	42	36
612	215	42	36
612	214	42	36
613	213	42	36
614	212	42	36
615	212	42	36
615	211	42	36
615	210	42	36
616	209	42	36
617	210	42	36
617	208	41	36
618	208	42	36
618	208	42	36
618	207	42	36
619	206	42	36
619	207	42	36
619	206	42	36
619	205	42	36
620	204	42	36
621	204	43	36
620	204	42	36
621	204	42	36
621	203	42	36
621	203	42	36
622	202	42	36
622	202	42	36
622	202	42	36
622	201	42	36
622	201	42	36
622	202	42	36
623	201	42	36
623	200	43	36
623	199	42	36
623	199	42	36
623	198	43	36
623	198	43	36
623	198	42	36
623	197	42	36
623	197	42	36
623	197	42	36
623	197	42	36
623	197	42	36
623	196	42	36
623	196	42	36
623	196	42	36
623	195	42	36
622	195	42	36
622	194	42	36
621	195	43	36
622	193	42	36
622	192	42	36
622	192	42	36
621	192	42	36
621	192	42	36
621	192	43	36
621	191	42	36
621	192	42	36
621	190	42	36
621	190	43	36
621	190	42	36
621	190	42	36
621	188	42	37
621	189	42	37
621	188	43	37
621	188	42	37
620	187	42	37
620	188	42	37
619	187	42	37
619	187	43	37
619	187	43	37
619	187	43	37
619	186	43	37
619	186	43	37
620	186	43	37
619	186	43	37
620	185	43	37
619	185	43	37
618	185	44	37
619	184	44	37
618	184	44	37
618	184	44	37
618	184	44	37
618	183	44	38
618	184	44	38
618	183	44	38
617	183	44	38
617	183	44	38
616	183	44	38
617	183	44	38
617	183	44	38
616	183	44	38
616	182	44	38
616	183	44	38
616	182	44	38
616	182	44	38
616	182	44	38
615	182	44	38
615	182	44	38
615	181	44	38
614	181	44	38
614	181	44	38
