595	428	46	46
595	429	45	44
595	430	45	43
594	431	46	43
594	429	46	43
594	430	45	42
594	430	45	42
594	430	45	42
594	430	45	42
594	429	46	42
593	429	46	42
593	429	45	42
592	429	46	42
592	429	45	42
592	429	45	42
593	429	45	42
592	428	45	42
592	429	45	42
592	428	45	42
592	428	45	42
592	428	45	42
591	427	45	42
592	427	45	42
591	428	45	42
592	427	45	42
591	428	45	42
591	428	44	42
591	427	44	42
590	428	44	42
591	427	44	42
591	427	44	42
590	427	44	42
590	426	44	42
589	426	44	42
590	427	44	42
590	427	44	42
589	427	44	42
589	426	44	42
588	427	44	42
589	426	44	42
589	426	44	42
588	426	44	42
589	427	44	41
588	426	44	42
588	426	44	41
587	426	44	41
588	426	44	41
588	426	44	41
587	426	44	41
587	425	44	41
586	426	44	41
587	425	44	41
586	425	44	41
586	426	44	41
586	425	44	41
585	425	44	41
585	425	44	41
585	425	44	41
584	425	44	41
585	426	44	41
585	425	43	41
584	425	43	41
585	425	43	41
584	425	43	41
584	425	43	41
584	424	43	41
584	425	43	41
584	425	43	41
584	425	43	41
583	424	43	41
583	424	43	42
583	424	43	42
583	424	43	41
583	424	44	42
582	424	44	42
582	423	44	42
582	424	44	41
582	423	44	41
582	424	44	41
582	424	43	42
582	424	43	42
582	423	43	42
581	423	43	42
581	424	43	41
581	424	44	41
581	424	44	41
580	424	44	42
579	422	44	42
580	423	44	42
579	423	44	42
579	423	44	42
579	423	44	42
580	423	44	42
579	423	44	42
579	424	44	41
579	423	44	41
579	423	44	41
579	423	44	41
579	424	44	41
579	424	44	41
578	423	44	41
578	424	44	41
578	423	44	41
578	422	44	41
578	422	44	41
578	423	44	41
577	423	44	42
577	422	44	42
577	423	44	42
577	423	44	42
577	422	44	42
577	423	44	42
577	422	44	42
577	423	44	42
577	424	44	42
576	423	45	42
577	422	45	42
576	423	45	42
576	423	44	42
576	423	44	41
577	424	44	41
576	423	44	41
576	424	44	41
576	422	44	41
576	424	44	41
576	423	43	41
576	423	43	41
576	423	43	41
575	423	43	41
575	424	43	41
575	424	43	41
575	424	43	41
575	423	43	41
575	423	43	41
575	423	43	42
575	423	43	42
575	423	43	42
575	423	43	42
574	423	43	42
574	424	44	42
574	423	44	41
573	423	44	41
574	423	43	41
574	424	43	41
574	423	44	41
573	423	44	42
573	424	43	42
573	423	43	41
573	423	43	42
573	423	43	42
574	424	43	41
573	423	44	41
573	424	44	41
573	423	44	41
572	424	43	41
573	424	43	41
572	424	44	41
572	423	44	41
572	423	44	41
572	423	44	41
572	422	43	42
572	423	43	42
572	423	43	42
571	422	44	42
571	422	44	42
571	423	43	42
571	423	44	42
571	423	44	42
571	423	44	42
570	422	44	42
571	423	44	42
570	423	44	42
570	423	44	42
570	424	44	42
570	422	44	42
570	423	43	42
570	423	43	42
569	422	44	42
570	422	43	42
570	422	43	42
569	423	43	41
569	423	43	41
569	422	43	41
569	422	43	41
569	423	42	41
569	423	42	41
569	422	43	41
569	423	42	42
569	422	43	42
568	422	43	42
568	422	43	42
568	423	43	42
568	424	43	42
568	423	43	42
568	424	43	41
568	423	44	41
568	424	44	41
568	424	44	41
567	424	44	41
567	424	44	42
567	424	44	42
567	425	43	41
567	425	43	42
567	424	43	42
566	425	44	42
567	426	44	42
566	425	44	42
566	425	44	42
565	425	44	42
566	425	44	42
565	425	44	42
566	425	44	42
565	425	44	42
565	426	44	42
565	426	44	42
565	426	44	42
564	427	44	42
564	427	44	42
564	427	44	42
564	427	44	42
563	427	44	42
563	427	45	43
563	427	45	43
563	428	45	43
563	428	45	43
562	427	45	43
562	428	45	43
562	427	45	43
561	428	45	43
561	429	45	43
561	429	44	42
561	430	44	42
561	429	44	43
561	430	44	43
561	429	44	43
560	430	44	43
560	430	44	43
560	429	44	43
559	430	44	43
559	430	44	43
558	431	44	43
558	431	44	43
558	431	44	43
558	432	44	43
558	432	44	43
558	432	44	43
558	432	44	43
557	433	44	43
556	433	44	43
556	433	45	44
556	434	45	44
555	434	45	44
555	435	46	44
554	435	46	43
555	435	45	44
554	435	45	44
554	436	45	44
553	435	46	44
553	436	45	44
553	436	45	44
553	436	45	44
552	437	45	44
552	437	45	44
551	438	45	44
551	438	45	44
550	438	45	44
550	438	46	44
550	439	46	44
550	439	46	44
549	439	45	44
549	440	45	44
549	440	45	44
549	440	45	44
547	440	45	44
547	441	46	44
546	441	46	45
546	441	46	45
546	441	46	45
545	442	46	45
545	441	46	45
545	442	46	45
545	443	46	45
544	443	46	46
544	444	46	45
544	444	46	45
544	444	46	45
544	445	46	45
544	445	46	45
543	446	46	45
543	447	46	45
543	447	46	45
544	447	46	45
544	447	46	46
543	447	46	46
543	447	46	46
544	448	46	46
543	447	46	46
543	447	46	46
543	449	46	46
543	448	46	46
543	449	46	46
544	449	46	46
544	450	46	46
544	450	46	46
544	451	46	46
544	451	47	46
544	451	47	46
544	451	47	46
544	452	47	46
544	453	47	46
544	453	47	46
544	453	47	46
545	453	47	46
545	453	47	46
545	453	47	46
545	453	47	46
545	454	47	46
546	454	47	46
545	454	47	47
546	454	47	47
546	455	47	47
548	455	47	47
549	456	47	47
551	456	47	48
552	455	47	48
552	455	47	48
553	456	47	47
554	456	47	48
555	457	48	47
556	456	48	48
557	457	48	48
557	457	48	48
558	456	48	48
560	457	48	48
561	457	48	48
562	458	49	48
561	459	49	48
562	458	49	48
564	459	49	48
565	459	49	48
566	460	49	48
567	459	49	48
568	461	49	48
569	461	49	48
569	461	49	49
569	461	49	49
571	462	49	49
572	463	49	49
571	463	48	49
572	462	49	49
573	463	49	49
573	463	49	49
573	464	49	49
573	464	49	49
573	464	49	49
574	464	49	49
574	464	49	49
574	465	49	49
575	465	49	50
575	466	49	50
576	466	49	50
576	467	49	50
577	468	49	50
578	468	49	50
579	468	50	51
580	469	50	51
581	469	50	51
582	469	50	51
585	470	50	51
585	470	50	51
587	470	50	51
588	471	50	51
589	471	50	52
591	472	50	52
592	473	50	52
593	473	50	52
594	474	50	52
595	473	50	52
597	474	50	52
598	475	51	52
598	476	51	52
599	476	51	52
600	477	51	52
600	477	51	52
600	478	51	52
601	478	52	52
601	478	52	52
601	479	52	52
602	479	52	52
602	479	52	53
603	480	52	53
603	480	52	53
604	480	52	53
604	481	51	53
605	482	52	53
605	482	52	53
606	483	52	53
607	483	52	53
606	484	53	54
607	484	53	54
607	484	53	54
608	485	53	54
608	485	53	54
608	485	53	54
609	486	53	55
610	487	53	55
610	487	53	55
610	487	53	55
612	487	53	55
611	488	53	55
612	488	53	55
613	489	53	55
613	490	54	56
613	490	55	56
613	491	55	56
614	491	55	56
615	492	55	56
615	492	55	56
616	493	55	57
616	493	56	57
616	493	56	57
616	494	56	57
616	494	56	57
617	494	55	57
618	495	55	57
618	496	55	57
618	496	55	57
619	496	56	57
619	497	56	57
619	498	56	58
620	498	56	58
620	499	56	58
620	499	56	58
621	499	55	58
622	500	55	58
622	501	55	58
622	501	55	58
622	502	55	58
623	502	55	59
623	502	55	59
624	502	55	60
623	503	56	60
624	503	56	60
624	503	56	60
624	504	56	61
625	504	56	61
624	504	56	61
625	505	56	61
624	505	56	61
625	506	57	61
624	506	57	61
625	506	57	62
625	507	57	62
625	508	57	62
624	509	57	62
624	509	57	61
625	509	58	61
624	510	58	62
624	511	58	62
624	510	59	62
623	511	58	62
625	511	58	62
625	513	58	62
624	513	58	62
624	512	58	62
624	513	58	62
625	514	58	62
625	514	58	62
624	515	58	62
625	514	58	63
625	516	58	63
625	516	58	63
625	516	58	63
624	517	57	63
625	517	57	64
625	517	58	64
625	517	58	64
624	517	58	65
625	518	58	65
623	518	58	65
624	518	58	65
624	518	58	65
624	519	59	65
625	520	59	65
624	521	59	65
625	521	59	66
624	522	59	66
624	522	59	66
624	523	59	66
625	524	59	66
624	523	59	67
625	525	59	67
625	525	59	67
624	525	60	67
624	527	60	66
623	527	60	66
624	527	60	66
623	528	60	66
623	529	60	66
623	529	60	66
623	529	60	66
623	530	60	66
624	531	60	66
623	531	60	66
624	532	60	67
624	533	61	67
623	533	61	67
623	533	61	67
623	534	61	67
623	534	61	67
623	535	61	68
623	534	61	68
622	534	62	69
622	534	62	70
622	534	63	70
622	535	63	70
621	536	63	70
622	536	64	70
622	537	64	70
621	537	64	70
622	537	64	70
621	538	64	70
622	538	64	70
621	538	64	70
621	538	64	70
620	538	64	71
621	539	64	71
620	539	64	71
619	539	64	71
620	539	64	71
619	539	64	71
619	540	64	71
619	540	64	71
619	540	65	71
618	540	64	71
619	541	64	71
619	541	65	71
619	541	64	71
619	542	64	72
619	542	63	72
618	543	64	72
618	544	64	72
618	544	63	72
618	544	64	72
617	544	64	73
618	545	64	73
616	545	65	73
615	546	65	74
615	546	66	74
615	547	66	74
614	547	67	74
613	547	67	74
614	547	67	75
612	549	66	76
613	549	67	76
612	549	67	77
612	550	67	77
612	550	67	77
611	550	67	78
610	550	67	78
611	550	66	78
610	549	66	79
610	548	66	80
609	548	67	80
610	548	67	79
609	548	67	79
608	548	67	79
607	547	68	79
607	546	68	79
607	546	68	79
606	545	68	78
606	545	68	78
605	544	68	79
605	544	69	79
604	544	69	80
604	544	69	80
605	544	69	80
604	544	69	80
603	544	69	81
602	544	70	80
602	544	70	81
602	543	70	81
602	544	70	81
601	544	70	81
601	543	70	82
600	543	71	82
600	543	71	83
600	544	71	84
599	544	71	84
598	545	71	84
597	545	71	84
596	546	71	84
595	546	71	85
595	548	72	85
593	549	72	85
594	551	72	85
592	550	73	85
592	552	73	85
591	553	73	86
590	554	73	86
588	555	73	86
588	555	73	87
587	556	74	87
585	558	74	87
585	559	75	88
583	560	76	88
583	561	76	88
582	563	76	88
580	564	77	88
579	562	78	88
577	563	78	88
576	563	79	88
574	562	80	88
573	560	80	89
571	557	81	90
570	557	82	89
569	554	82	90
568	552	83	91
567	548	83	91
566	545	83	92
564	543	84	92
563	541	84	92
562	538	85	93
560	535	86	93
558	533	87	94
557	531	87	94
556	529	88	95
554	526	89	96
552	523	89	97
550	521	91	97
548	519	91	96
546	516	92	96
545	515	92	96
544	512	92	96
542	510	92	97
543	509	91	96
538	506	92	96
539	505	91	96
540	505	90	96
541	504	88	96
537	501	87	96
540	502	85	96
537	500	85	96
541	500	83	95
536	500	83	94
540	502	81	92
536	501	81	91
536	504	81	90
532	506	82	87
534	505	81	87
531	509	81	83
529	509	81	81
527	509	81	79
526	510	81	77
525	508	81	77
523	508	81	77
521	508	82	77
520	507	82	76
517	508	82	76
515	508	82	75
514	506	81	75
512	506	81	75
510	506	81	74
509	505	81	74
506	504	82	74
504	503	82	74
502	502	82	73
500	503	82	73
497	501	82	73
495	500	82	73
492	500	82	72
491	499	82	73
489	498	82	73
487	497	83	73
486	497	82	72
486	495	82	71
485	493	82	71
486	491	82	72
487	490	82	72
486	487	82	71
487	485	82	71
487	482	83	71
487	480	84	70
487	477	84	70
488	473	84	70
487	469	84	70
488	466	84	70
489	463	84	70
488	462	84	69
486	459	84	68
486	456	85	67
486	454	86	66
484	450	85	66
484	445	86	66
483	441	85	66
482	439	85	65
482	436	86	65
481	432	86	65
481	427	86	65
480	423	86	65
481	419	86	65
481	414	86	65
481	410	86	65
483	405	86	66
483	401	86	65
484	397	86	65
487	392	86	66
487	388	86	66
489	384	86	65
490	381	86	65
492	378	86	64
494	375	86	64
496	371	85	64
501	368	86	64
501	364	86	63
504	360	86	63
506	358	85	63
509	355	86	63
510	348	86	63
512	346	86	63
514	342	86	63
515	340	86	63
517	338	86	62
520	332	86	62
521	330	87	62
522	327	87	62
524	326	87	62
526	324	87	62
528	322	87	62
529	321	87	62
531	319	87	62
533	319	87	62
535	318	87	62
538	317	88	62
539	315	88	63
543	315	88	63
544	317	88	62
545	318	88	62
549	318	88	62
552	318	88	62
553	318	89	61
556	317	89	62
557	318	89	62
560	320	89	61
562	319	89	62
564	318	90	62
566	320	90	62
568	319	89	63
572	319	88	63
574	320	88	63
575	321	88	63
577	321	88	63
578	318	88	65
581	323	88	63
582	323	89	63
582	323	89	63
584	324	89	63
585	324	89	63
587	324	89	63
588	325	89	63
590	325	89	63
591	326	89	63
592	326	89	63
593	327	89	63
594	329	89	62
595	326	90	63
597	328	90	62
598	325	90	64
600	330	90	62
602	326	89	63
604	330	90	62
605	328	90	62
607	330	90	62
609	329	90	62
612	330	90	62
615	328	90	64
617	334	89	61
619	329	89	63
622	337	89	61
625	327	89	63
628	332	89	63
629	329	89	64
631	336	90	62
635	333	90	63
638	335	90	62
642	333	89	63
644	337	90	62
648	331	89	64
650	336	90	62
654	329	89	66
658	331	89	67
660	331	89	66
662	331	89	67
665	330	89	67
668	330	89	68
670	328	89	70
674	327	89	71
676	326	89	72
679	325	89	74
681	325	89	75
684	324	89	76
686	324	89	76
688	325	90	76
691	324	90	77
692	324	90	77
696	324	90	78
696	324	90	78
699	323	90	79
701	324	90	78
703	323	91	79
707	323	91	80
708	322	91	80
711	322	91	81
715	322	91	81
716	321	92	82
720	322	92	82
722	322	92	82
724	321	93	82
730	321	92	83
732	321	92	83
735	321	92	83
737	320	92	83
739	322	92	83
744	322	93	83
748	322	92	84
750	322	92	84
754	322	92	84
756	323	92	84
760	321	91	84
762	320	91	85
765	321	91	85
767	321	91	85
770	321	91	85
773	323	91	85
774	323	92	85
777	323	92	84
778	324	92	84
780	323	91	84
783	322	91	85
784	324	91	84
786	321	91	85
787	322	91	86
788	323	91	86
790	322	90	86
790	322	90	86
790	320	90	87
787	319	90	87
786	321	90	87
784	319	90	88
783	322	90	87
778	319	90	87
777	322	90	86
775	320	90	87
770	320	90	88
769	321	89	88
767	322	89	87
764	320	89	88
762	322	88	88
757	322	88	88
755	324	88	87
753	325	88	86
750	325	88	87
746	325	88	87
744	326	88	87
740	323	88	89
738	322	88	89
736	322	88	90
734	321	88	90
730	320	88	91
728	318	88	93
724	315	87	95
722	314	88	96
720	311	89	99
711	305	90	103
708	303	92	106
704	298	93	110
700	292	95	114
697	290	96	117
690	287	98	120
689	288	99	122
684	285	100	124
681	284	102	125
680	284	102	126
674	283	103	126
674	283	103	127
671	284	103	127
669	284	103	127
667	285	103	127
665	285	102	127
662	286	103	126
661	286	103	126
659	288	102	125
658	288	103	126
653	289	102	125
653	290	102	125
652	291	101	125
650	291	101	125
648	292	100	125
646	293	100	124
646	294	100	125
643	295	100	124
643	295	100	125
640	296	99	125
639	297	100	125
638	298	99	125
636	299	99	125
634	299	99	125
635	300	99	125
631	302	99	125
630	302	99	125
628	303	99	125
626	305	98	125
626	307	99	125
623	308	98	125
624	309	98	125
621	311	98	125
621	312	98	125
618	313	97	125
617	314	97	125
615	315	97	125
615	316	97	126
613	318	97	125
612	319	97	125
611	321	97	125
609	321	97	125
609	324	97	125
607	324	97	125
606	325	97	125
606	328	96	125
605	329	96	125
604	330	96	125
603	332	96	125
603	334	96	125
601	336	96	125
601	337	96	125
600	339	95	126
599	342	95	126
598	343	95	126
597	346	95	126
596	347	95	127
595	350	95	127
594	352	95	126
592	354	95	127
592	358	94	126
590	359	95	126
590	360	95	126
591	363	95	127
587	365	94	127
588	368	94	127
585	370	94	127
586	372	95	127
583	374	95	127
585	376	95	127
581	377	95	127
582	379	95	127
580	381	94	127
581	383	94	127
578	384	94	127
579	386	94	127
577	387	94	127
578	388	94	128
577	390	94	128
577	391	94	127
575	392	93	127
575	393	93	127
574	395	93	128
574	395	92	128
572	396	92	129
571	398	92	130
571	398	92	130
568	401	92	130
569	401	92	131
566	403	92	131
