572	174	27	62
573	173	25	61
573	174	24	61
573	175	23	61
573	175	23	62
573	175	22	63
574	175	22	63
574	174	22	63
574	175	22	63
574	173	22	62
574	174	22	61
575	175	22	60
574	174	22	60
575	175	21	59
574	175	21	59
574	176	21	59
575	176	21	60
575	177	21	60
575	178	21	62
575	178	21	62
575	178	21	62
576	178	21	62
576	179	22	62
576	179	22	62
577	178	22	62
577	179	22	62
577	178	23	61
578	178	23	61
578	178	23	60
579	177	23	59
580	178	23	58
581	179	23	57
581	179	24	57
581	180	24	57
581	180	24	57
582	180	25	58
582	181	25	58
582	181	26	59
583	182	26	60
583	182	26	60
584	182	26	61
585	183	26	61
585	182	26	62
587	182	26	62
587	182	25	62
589	182	25	63
590	182	24	63
592	182	23	63
594	181	22	62
595	182	22	62
598	182	21	61
599	183	21	59
600	184	22	58
601	185	23	57
602	186	25	57
603	187	28	56
600	189	30	56
600	189	33	56
600	189	34	57
601	190	34	58
601	190	33	58
604	190	32	58
607	190	31	57
610	190	30	56
612	190	28	55
614	191	27	54
615	192	26	54
617	193	26	54
619	194	26	54
619	195	27	55
621	196	27	56
622	196	27	56
623	197	28	56
624	198	28	57
625	198	28	57
625	199	29	58
626	199	29	58
627	199	30	59
628	200	29	59
630	199	29	60
633	199	28	60
634	199	27	61
637	200	25	60
638	200	25	60
642	201	24	60
643	202	24	59
645	202	23	59
646	203	23	58
649	204	24	58
649	206	25	58
650	207	28	58
651	207	29	58
650	208	30	59
650	209	32	59
649	211	32	59
648	212	34	60
650	213	34	60
650	214	35	61
654	214	34	61
655	215	33	61
658	215	32	61
660	216	31	60
662	216	30	60
664	217	29	59
666	219	28	59
668	220	28	58
669	222	27	58
671	223	27	58
672	224	27	58
674	225	28	57
675	226	29	57
675	228	31	57
675	228	32	58
675	230	34	58
676	230	34	58
678	232	34	59
681	232	33	59
685	232	32	59
688	232	30	58
691	233	28	58
695	234	27	57
697	235	25	57
701	236	23	58
703	237	22	58
704	238	23	58
705	240	25	58
706	240	28	58
705	241	31	58
704	242	34	59
703	243	36	59
704	244	36	60
707	245	36	60
710	245	35	59
712	246	34	59
715	246	32	58
718	247	31	58
721	248	30	58
724	247	29	58
727	248	28	58
728	248	26	58
727	249	26	58
724	250	27	59
719	250	28	60
713	251	29	60
705	252	30	61
698	251	31	62
689	251	32	63
680	250	32	64
672	249	33	65
664	249	33	66
657	248	32	65
651	248	30	65
644	248	28	64
638	248	27	64
632	248	26	63
628	248	25	62
622	249	24	61
616	249	23	60
612	251	23	60
608	252	23	60
603	253	24	61
599	254	26	61
596	255	27	61
594	256	29	62
590	256	29	63
589	257	30	63
588	257	31	64
590	256	31	63
591	257	31	63
593	257	31	63
595	256	30	62
596	257	29	61
599	258	28	61
600	258	27	60
603	258	27	60
603	259	28	59
606	260	28	60
608	260	28	60
609	262	29	60
611	262	29	61
612	263	29	61
613	263	30	62
615	263	30	63
617	263	30	64
618	263	30	64
620	263	29	65
622	263	28	65
625	262	28	64
626	262	26	64
630	262	25	63
632	262	25	63
635	262	24	62
637	262	24	62
638	264	23	63
640	263	23	63
642	264	24	64
644	264	26	64
644	264	27	64
645	264	28	65
643	265	30	65
646	264	31	65
645	264	31	65
649	264	31	65
651	263	31	64
654	264	30	63
655	263	29	62
659	262	29	61
661	262	29	61
663	262	28	60
665	263	28	60
667	263	27	61
667	264	28	61
669	264	28	62
671	263	28	63
672	265	29	63
673	265	29	63
675	265	29	64
676	265	29	64
677	265	29	65
678	265	30	66
680	265	29	67
681	265	29	67
682	264	29	67
683	264	28	67
682	264	27	67
681	264	26	67
679	262	26	66
674	263	25	65
670	263	25	65
664	262	24	64
657	263	24	63
651	262	23	63
642	263	23	63
634	263	23	63
626	264	24	64
616	264	25	65
608	265	25	66
598	265	26	66
589	266	26	67
579	266	27	68
570	265	27	69
562	264	27	69
554	264	27	69
546	264	27	69
540	264	28	68
534	265	28	66
529	265	28	66
524	265	29	65
520	266	29	64
517	268	29	64
513	268	30	64
511	269	30	65
509	269	29	65
507	269	29	66
506	271	29	68
505	270	29	69
505	271	29	70
504	269	29	70
505	269	29	71
506	268	29	72
506	268	28	72
507	267	29	71
508	266	28	70
510	266	28	69
511	265	28	67
513	266	28	67
514	265	28	67
516	266	28	67
517	266	28	66
519	266	27	67
521	267	27	69
523	266	28	70
524	266	28	71
526	266	28	71
528	266	28	72
530	265	27	72
532	264	27	73
533	263	27	74
535	262	28	73
537	260	28	71
538	260	28	70
540	260	29	69
542	260	29	68
543	259	29	67
545	259	29	66
547	260	30	67
549	260	30	67
550	259	30	68
551	259	30	69
553	258	30	70
554	259	30	71
556	258	30	72
558	258	30	73
559	256	29	74
560	255	29	74
562	254	29	74
564	253	28	73
565	252	28	72
566	252	28	70
568	251	28	69
569	250	28	68
570	251	28	67
572	250	28	67
573	249	27	67
574	250	27	67
576	250	27	68
578	250	27	69
580	250	27	70
581	249	27	71
583	249	27	71
583	249	27	72
586	248	27	73
587	246	27	73
588	246	27	73
590	245	28	74
592	244	28	73
593	242	28	72
595	240	29	71
596	241	29	70
599	240	29	69
600	240	30	69
602	239	29	69
604	239	30	69
605	238	30	70
607	239	30	70
609	238	30	71
611	238	30	71
612	238	29	72
613	236	29	72
615	236	29	73
616	234	29	73
618	233	29	73
619	232	29	73
621	231	29	72
621	231	29	71
622	229	29	69
622	229	29	68
622	228	28	67
622	229	28	67
622	228	28	67
622	228	28	68
622	228	27	69
621	228	27	70
621	229	27	72
620	227	27	72
620	227	26	72
620	226	26	72
618	226	26	72
617	225	27	72
616	225	27	72
614	224	27	71
612	223	26	70
610	222	26	69
608	222	26	68
607	222	26	67
604	221	26	66
601	221	26	66
598	220	27	67
594	221	27	68
590	221	28	68
586	220	29	69
582	220	30	70
578	220	31	70
574	220	31	71
571	220	32	71
566	219	33	72
565	219	33	72
562	218	34	72
560	219	34	72
559	218	34	71
558	217	34	70
556	217	34	69
554	217	33	69
552	217	33	68
551	216	33	69
550	217	32	68
548	218	32	68
548	218	32	69
546	217	31	70
545	218	31	71
544	218	30	72
544	218	30	73
544	218	29	74
543	217	28	74
543	217	28	75
542	216	28	75
541	216	28	75
541	214	28	74
541	214	28	73
541	214	28	72
541	214	28	71
541	214	28	69
540	215	29	69
541	215	29	69
542	216	29	69
543	216	30	70
544	216	30	71
545	216	30	71
545	217	30	72
546	217	30	72
547	218	30	73
548	217	30	73
549	217	30	74
550	217	30	74
551	217	29	74
552	216	29	74
552	215	28	73
554	215	28	73
555	215	28	72
555	215	28	71
556	216	28	71
556	216	29	70
557	216	29	70
558	217	29	70
559	218	29	70
559	218	29	70
560	219	30	71
561	219	31	72
562	220	31	73
562	220	31	74
563	220	32	74
565	220	32	75
566	221	31	76
567	220	31	77
569	220	30	77
571	220	30	77
574	220	29	76
575	221	28	76
578	221	28	76
579	221	27	75
581	221	27	74
583	222	26	73
583	222	26	73
584	223	26	72
585	223	26	72
586	224	26	72
585	225	26	72
585	226	26	74
585	227	26	74
585	227	27	74
586	228	27	74
586	228	27	75
586	229	27	75
587	230	27	75
588	230	27	76
589	231	27	76
590	232	27	76
591	232	27	77
592	233	27	77
594	232	27	77
595	232	27	76
595	233	26	75
597	233	26	74
598	234	26	73
599	234	26	72
599	234	26	71
599	236	27	71
600	236	27	70
600	237	28	70
600	237	29	70
600	237	29	70
601	237	29	70
601	238	30	71
602	238	30	71
602	238	30	72
601	239	30	73
602	239	30	74
602	239	30	74
603	239	30	75
604	239	29	76
606	238	29	77
607	239	28	77
609	238	28	78
610	238	27	79
612	237	27	79
614	236	26	80
616	235	25	80
617	235	25	79
618	235	25	79
619	235	25	78
620	235	26	78
621	235	26	77
622	235	26	76
623	235	26	76
623	235	26	75
623	235	26	75
622	235	27	74
622	235	27	74
620	235	28	75
618	235	29	75
617	235	29	75
615	237	29	76
613	236	29	76
612	237	29	77
610	238	29	78
609	239	29	79
607	239	29	80
605	239	28	80
603	239	28	80
600	239	28	79
598	239	28	79
596	240	28	78
594	240	28	78
591	241	28	77
589	241	28	77
586	241	29	76
583	241	29	75
581	243	29	75
578	243	30	75
576	244	30	75
572	244	31	76
570	244	32	77
568	244	33	78
566	245	34	78
565	246	35	78
564	246	36	79
565	247	36	80
565	246	37	81
567	246	37	82
569	247	37	82
570	247	37	83
573	246	36	84
575	246	36	84
576	248	36	83
578	248	36	83
580	248	36	83
582	249	36	82
583	249	35	81
586	250	35	81
587	251	35	80
589	251	34	79
591	253	34	79
592	254	34	79
594	255	34	78
596	256	34	78
597	257	34	79
598	257	34	79
600	258	34	79
602	259	34	79
603	259	34	79
606	260	34	79
607	261	33	79
609	263	34	79
610	262	34	79
612	263	33	80
613	264	33	80
614	265	33	80
615	266	33	80
615	267	33	80
615	268	33	80
614	269	33	80
613	269	33	81
612	271	33	81
611	271	33	81
609	272	33	81
607	273	33	82
605	274	33	81
603	275	33	82
600	275	33	82
599	276	33	82
596	276	33	82
594	278	33	82
593	278	32	82
591	279	32	83
588	281	32	83
586	281	32	83
584	281	32	83
582	282	32	83
581	284	32	83
580	285	32	83
578	285	32	83
577	286	32	83
576	286	31	83
575	287	31	83
573	287	31	83
572	287	31	83
571	288	32	83
570	289	31	83
569	289	32	83
568	289	32	84
567	289	32	84
567	289	32	84
566	290	32	84
565	290	32	85
563	290	32	85
563	290	32	85
562	291	32	85
560	290	32	86
559	291	32	86
557	291	32	86
556	291	32	86
554	290	32	86
553	290	32	86
552	290	32	86
550	290	32	86
549	290	32	87
547	290	32	87
545	290	32	87
544	289	32	87
542	289	32	87
541	288	32	87
538	288	32	87
537	288	32	88
535	287	32	88
534	287	32	88
532	286	32	88
530	286	32	88
529	285	32	89
527	284	32	89
526	284	32	89
525	282	32	89
523	281	32	89
523	281	33	90
521	280	33	90
520	280	33	90
519	278	33	90
517	278	34	90
517	276	34	90
516	276	34	91
516	274	34	91
516	273	35	91
515	272	35	91
515	271	35	91
515	271	36	91
515	269	36	91
515	269	36	91
515	267	36	91
516	265	36	91
515	265	37	91
516	263	37	91
517	262	37	91
516	261	37	91
517	259	37	91
518	258	37	91
519	257	37	91
520	254	37	91
522	254	37	92
522	252	37	92
522	250	36	92
524	249	37	92
524	248	36	92
525	246	36	91
526	245	36	92
527	243	37	92
527	242	37	91
528	241	37	91
527	239	38	91
527	239	38	91
527	237	38	90
528	236	38	90
528	235	39	90
528	234	38	89
528	234	37	89
528	232	37	89
528	232	37	89
528	231	37	89
527	229	37	89
528	228	38	88
527	227	38	88
527	225	39	89
526	224	40	89
526	223	42	89
523	221	44	89
521	220	47	89
518	219	51	89
515	217	54	90
514	216	57	90
513	214	58	90
514	213	59	90
514	212	60	90
515	209	60	90
516	209	60	89
516	206	61	89
515	205	60	89
514	203	60	89
514	201	59	89
515	200	57	89
513	198	55	89
513	197	53	90
513	195	51	90
513	194	48	92
512	193	44	92
512	192	41	94
512	191	38	95
513	190	36	97
514	190	35	98
514	189	36	100
512	188	37	100
511	187	37	101
510	186	39	101
509	186	41	102
509	185	42	102
509	186	42	102
510	186	43	103
509	184	44	103
510	186	44	103
510	185	44	102
510	184	44	102
509	185	44	102
510	184	43	101
509	184	43	101
509	184	42	100
508	183	42	99
507	182	41	99
506	183	41	98
506	182	42	98
506	182	42	97
506	181	42	97
506	180	43	96
506	179	43	95
505	179	44	95
503	179	46	95
502	180	47	95
500	180	48	95
499	179	50	96
498	180	52	97
495	179	54	97
494	179	55	98
492	178	57	98
492	178	57	99
490	178	59	100
489	178	60	100
488	178	60	101
487	177	60	101
486	178	60	102
485	178	60	102
486	177	60	103
486	177	60	103
486	177	60	103
486	175	60	104
484	175	61	103
485	175	60	103
482	175	61	103
482	175	61	103
480	175	61	103
477	175	60	103
475	175	60	103
473	175	59	103
471	175	58	103
471	175	55	103
469	177	53	104
468	178	51	106
469	179	51	109
468	178	50	112
467	178	49	115
466	180	50	117
464	180	51	118
463	181	52	118
462	181	54	119
461	184	56	119
460	183	57	119
459	184	59	118
458	185	59	118
456	185	59	118
455	186	58	117
454	185	56	117
453	185	54	117
452	186	52	116
452	185	52	115
450	186	51	114
450	186	51	113
449	185	52	113
448	185	52	112
446	185	53	112
446	185	53	111
442	187	55	112
439	187	58	113
434	186	61	114
429	187	65	115
426	187	68	115
423	187	71	115
420	188	74	116
418	188	76	117
417	188	78	117
416	188	79	117
414	189	81	117
413	188	82	117
410	187	83	116
408	186	84	117
404	186	84	117
402	185	83	117
398	185	81	117
394	184	80	118
390	183	78	118
389	183	75	118
388	182	70	118
386	183	66	120
386	183	63	123
387	183	62	127
387	181	62	130
388	180	62	132
388	180	64	133
387	181	67	133
387	181	70	133
388	181	73	131
388	180	76	128
389	182	80	128
391	184	83	131
393	184	86	132
393	182	89	133
393	182	90	132
392	182	90	132
390	180	89	132
390	181	87	132
388	177	83	131
387	176	80	131
384	176	76	131
383	175	70	131
382	173	66	131
379	172	65	131
373	171	69	131
373	171	71	130
368	171	74	130
365	170	78	129
357	169	83	127
352	170	88	126
346	171	92	125
340	172	98	124
336	173	102	125
331	171	106	126
327	171	108	127
323	171	109	127
319	170	108	127
314	170	106	127
306	169	100	128
297	166	96	129
291	163	92	131
299	162	84	132
289	158	80	132
291	157	74	133
288	154	70	132
289	155	68	132
289	153	68	133
292	151	70	134
292	150	73	133
290	150	79	132
290	149	85	132
295	150	92	131
305	147	96	130
315	143	97	131
330	142	102	130
339	136	102	131
354	137	105	128
368	127	106	130
385	128	107	127
399	119	106	130
414	116	103	130
431	107	100	134
449	102	95	137
464	95	92	143
477	91	89	145
492	85	86	148
508	81	84	151
520	80	83	152
533	76	80	153
544	74	79	154
553	73	78	154
563	73	77	154
569	73	76	154
574	72	77	155
580	72	77	154
586	69	76	154
590	67	74	153
594	70	74	153
598	68	73	154
598	68	72	154
599	66	72	154
600	65	72	154
600	64	71	154
599	63	71	153
599	64	70	153
598	62	70	153
597	63	70	152
596	61	70	153
596	60	70	153
594	60	71	153
593	59	71	154
593	57	72	154
592	59	71	154
590	57	72	153
588	56	73	154
587	56	73	154
586	57	74	154
584	56	75	155
583	55	76	155
581	55	77	155
581	57	77	154
580	55	77	154
578	58	78	155
577	55	79	156
577	54	80	159
576	54	81	161
576	52	81	163
576	57	82	163
576	54	81	165
576	57	82	164
579	54	80	166
581	55	79	168
585	53	76	171
587	52	74	171
591	54	71	171
593	52	68	169
594	56	67	166
598	55	65	162
599	58	64	160
603	55	63	160
606	55	62	162
610	50	62	165
612	53	62	165
615	51	62	166
617	50	62	167
619	57	63	164
621	52	65	162
622	60	66	158
626	58	69	155
628	61	73	153
627	61	78	151
626	63	84	149
624	64	88	148
623	64	91	149
624	66	93	150
625	65	96	151
630	64	97	153
634	60	98	150
639	63	99	150
646	60	96	149
654	57	94	148
663	57	90	148
669	55	86	146
678	56	80	146
682	56	75	146
682	55	72	147
682	55	70	146
678	55	71	146
674	55	76	145
666	56	81	145
659	56	86	144
651	56	91	144
642	55	95	143
634	57	97	143
627	56	98	143
623	55	99	142
620	52	99	140
616	52	98	138
614	51	95	137
612	51	91	137
608	48	86	138
608	46	79	139
608	45	71	140
606	44	65	141
600	42	62	143
593	42	61	145
589	41	65	145
584	41	70	145
578	40	76	146
570	41	82	147
564	41	87	147
557	39	91	148
552	38	94	150
549	37	94	151
555	35	90	151
561	32	84	150
566	31	79	150
576	28	72	150
586	25	65	150
591	23	59	149
597	23	55	148
601	23	52	149
605	22	53	149
608	22	57	149
610	22	64	148
612	22	72	148
613	23	80	147
611	22	87	146
610	23	93	146
609	24	97	144
609	24	98	143
611	24	97	143
615	23	94	142
621	21	90	143
625	19	86	144
631	17	82	145
635	16	76	146
638	15	70	147
641	15	64	149
642	12	59	150
639	13	56	150
632	12	54	151
626	11	55	152
619	10	60	153
609	10	66	153
597	10	72	154
584	11	76	154
570	10	79	155
559	8	83	156
548	8	82	157
541	5	82	159
533	5	80	160
528	2	77	160
526	2	74	158
521	0	70	158
514	0	66	157
507	0	61	155
501	1	57	155
495	2	55	154
490	3	54	154
487	3	56	155
485	2	61	155
483	3	67	156
479	3	73	156
476	5	78	156
473	5	82	156
470	4	85	156
469	5	85	154
472	6	84	153
477	4	81	153
482	3	78	151
488	2	75	149
495	1	70	147
501	0	65	146
511	0	60	147
517	1	55	146
523	0	53	146
528	0	53	147
533	0	54	148
537	0	55	149
541	0	56	149
545	0	58	150
547	0	61	150
549	0	63	150
551	0	66	151
551	0	69	152
551	0	71	152
551	0	71	152
552	0	70	152
551	0	66	151
551	0	63	150
549	0	58	149
547	0	54	147
545	0	51	145
540	0	49	144
534	0	49	144
528	0	49	144
520	0	50	144
513	0	51	145
506	0	55	146
499	0	60	146
489	0	64	147
478	0	65	149
469	0	67	150
458	0	67	152
449	0	67	153
439	0	67	154
430	0	67	155
422	0	66	155
415	0	64	154
409	0	61	153
405	0	58	150
400	0	56	149
395	0	56	148
391	0	57	148
388	0	60	148
385	0	62	149
383	0	64	150
381	0	65	151
382	0	67	152
382	0	68	153
383	1	69	154
385	0	69	155
387	0	69	155
389	0	68	156
391	0	67	156
393	0	66	156
396	0	64	155
399	0	61	154
402	0	58	153
405	0	56	150
407	0	55	147
411	0	53	144
413	0	53	142
417	0	53	141
420	0	54	141
423	0	55	142
426	0	57	142
430	0	60	143
435	0	62	143
437	0	63	143
440	0	65	142
443	0	66	143
443	0	66	144
445	0	66	145
447	0	65	146
447	0	65	147
450	0	64	146
452	0	62	145
455	0	59	143
458	0	57	142
461	0	55	140
463	0	55	140
464	0	56	140
464	0	57	141
463	0	59	141
463	0	61	142
463	0	61	145
462	0	62	147
461	0	62	148
459	0	62	150
459	0	62	152
456	0	62	154
454	1	61	155
452	0	61	157
449	0	60	159
446	0	60	160
443	0	59	160
439	0	58	161
435	0	57	161
431	0	56	160
428	0	56	158
424	0	55	156
421	0	54	155
418	1	54	155
415	3	54	155
412	4	54	155
411	5	55	157
412	6	58	158
410	7	60	160
411	7	63	161
409	9	64	162
410	10	65	162
411	11	65	163
412	13	63	163
412	13	62	164
413	14	59	165
415	14	56	166
417	12	55	166
418	12	55	165
419	11	55	164
420	11	56	162
421	10	58	160
422	10	60	158
423	12	62	159
424	13	64	158
426	15	65	158
427	15	66	159
428	17	67	159
428	18	67	160
428	19	68	161
427	20	68	162
426	21	68	163
424	21	68	164
421	23	69	165
418	23	68	166
415	24	68	167
410	23	67	168
407	24	66	168
402	24	64	168
398	24	63	167
394	24	61	165
389	25	60	162
385	27	59	160
380	29	58	159
375	31	58	157
371	31	59	158
366	33	59	159
363	35	61	161
358	38	63	162
354	38	65	164
349	40	66	165
347	42	68	166
343	43	68	167
341	44	69	168
338	46	69	169
338	47	69	170
337	48	67	171
336	47	66	172
336	48	64	172
338	46	63	172
338	45	61	172
339	44	61	170
340	42	60	168
341	42	61	165
341	44	61	163
343	43	63	161
345	44	64	160
346	45	64	160
348	45	65	160
350	46	65	161
352	46	65	162
354	46	64	163
357	46	64	164
358	46	63	165
361	46	62	167
363	46	62	167
365	46	62	168
368	44	61	169
370	43	61	169
372	41	61	169
375	39	60	168
378	38	60	168
380	35	60	165
382	34	60	162
385	33	60	160
387	33	61	158
390	33	61	157
391	32	61	157
395	33	62	158
397	33	62	158
399	33	62	159
403	32	63	160
404	32	62	161
408	32	62	162
411	31	62	163
413	30	61	164
415	30	60	165
418	29	59	166
420	28	57	167
423	28	56	167
425	26	55	167
428	24	55	166
430	22	54	166
430	20	54	163
432	18	55	161
433	17	56	158
434	17	56	157
434	17	58	156
436	16	59	156
437	16	60	156
438	15	61	157
439	15	61	158
440	15	61	158
441	15	62	159
442	15	61	160
442	15	61	161
443	14	60	162
445	14	60	163
445	13	59	164
446	12	59	165
448	9	59	165
449	8	58	166
450	5	58	165
451	3	57	164
454	2	57	161
455	1	57	159
457	0	56	157
459	0	57	155
460	0	56	155
462	0	56	155
465	0	56	156
466	0	56	156
468	0	56	157
469	0	56	157
472	0	56	158
474	0	56	159
475	0	56	160
478	0	55	161
479	0	55	161
482	0	55	162
484	0	55	162
487	0	54	162
489	0	54	161
491	0	54	161
493	0	54	159
495	0	54	158
497	0	55	154
499	0	55	150
500	0	56	147
502	0	57	142
503	0	58	139
504	0	59	137
505	0	60	136
505	0	60	136
505	0	61	136
505	0	61	136
504	0	61	137
503	0	61	138
502	0	60	138
500	0	60	139
499	0	60	139
495	0	59	140
494	0	59	140
490	0	59	140
488	0	58	139
484	0	58	137
481	0	57	136
478	0	57	133
473	0	57	130
469	0	58	127
462	0	57	124
457	0	58	122
451	0	57	122
444	0	57	122
436	1	57	122
429	1	57	123
421	1	57	124
415	1	56	125
408	1	56	126
401	1	56	128
396	1	57	129
391	1	57	130
387	1	57	130
384	0	57	130
380	0	56	130
379	0	57	130
377	0	56	129
376	0	57	127
375	0	58	125
376	0	59	122
376	0	59	118
377	0	60	115
378	0	61	113
380	0	61	112
382	0	62	111
384	1	62	110
385	0	62	110
388	1	61	111
389	1	61	112
391	2	61	112
394	2	61	113
396	1	61	114
398	1	61	115
400	0	61	115
402	0	61	115
404	0	61	114
406	0	61	113
408	0	61	112
408	0	62	109
410	0	62	106
412	0	62	102
413	0	62	100
414	0	62	98
415	1	62	98
417	2	63	98
418	1	63	100
419	1	64	100
420	1	63	102
422	2	63	103
424	1	62	104
424	1	62	105
426	1	62	107
428	2	61	108
429	1	61	109
430	0	60	109
432	1	60	109
433	0	60	109
434	0	59	109
435	0	59	107
435	0	59	105
435	0	59	102
436	0	59	100
435	0	60	97
438	0	60	96
438	1	60	96
439	1	60	96
440	2	60	97
441	2	59	98
441	2	60	99
440	2	60	101
441	2	60	102
440	2	61	104
439	2	61	106
439	2	62	107
440	2	62	107
439	1	62	107
438	0	63	107
438	0	63	107
437	0	63	106
436	0	63	103
435	0	63	101
434	0	64	100
435	0	64	99
434	0	64	99
434	2	65	101
434	1	66	103
433	1	66	105
434	0	67	107
435	1	67	109
435	2	67	112
437	1	67	113
437	1	67	116
439	1	66	118
440	1	66	120
442	1	65	122
443	0	64	125
444	0	62	127
446	0	62	128
446	0	61	129
446	0	61	128
447	0	61	127
447	0	62	126
448	0	62	125
448	0	62	125
449	2	63	125
449	4	64	127
450	5	64	129
450	9	65	129
450	9	65	131
450	9	65	134
450	6	66	139
450	5	66	144
450	4	67	149
450	3	67	152
450	3	68	156
451	1	68	160
450	0	68	163
451	0	68	165
451	0	67	167
452	0	67	167
453	0	67	166
452	0	68	165
454	0	68	164
453	0	69	164
454	0	69	165
454	0	70	168
455	0	71	172
455	0	71	175
456	0	71	179
458	0	73	183
459	0	74	186
461	0	76	190
461	0	76	194
462	1	76	196
464	2	76	199
466	4	75	200
466	5	74	202
469	5	72	203
470	6	70	204
472	5	68	204
474	6	67	204
475	5	66	203
478	5	66	200
480	5	67	198
482	6	68	196
483	7	70	196
485	9	72	196
487	12	74	198
489	13	76	199
491	15	77	201
492	17	78	202
494	19	77	203
495	21	76	204
498	23	76	205
499	25	75	207
502	26	74	208
502	26	73	210
504	27	73	211
506	27	72	211
508	27	71	210
509	27	70	208
512	28	68	207
514	28	67	204
517	28	66	201
520	30	65	198
524	32	64	196
526	34	64	195
529	36	63	194
532	39	63	195
536	41	65	196
539	43	67	197
542	45	71	198
545	47	75	200
548	51	78	200
550	54	80	201
551	58	81	202
553	59	83	204
553	61	82	204
554	62	83	205
557	63	82	205
559	63	81	204
562	64	81	205
566	64	80	203
571	65	79	201
577	65	78	198
582	67	78	195
588	69	76	192
593	72	75	191
596	74	74	192
598	76	73	193
599	79	72	195
598	81	71	197
597	84	70	199
594	87	69	200
589	90	68	202
584	93	67	204
578	94	67	206
571	97	67	208
563	99	67	210
555	100	67	212
547	101	67	214
537	101	68	216
526	102	69	217
516	102	69	218
506	102	70	218
494	102	71	218
483	101	71	215
473	103	72	212
462	104	73	208
452	107	74	205
442	111	75	203
433	114	76	203
425	117	76	204
418	120	77	205
