527	312	15	81
526	312	17	80
525	311	19	79
524	312	20	78
523	312	20	78
523	313	20	78
523	313	21	79
523	312	21	78
523	313	21	79
523	314	21	79
522	314	22	81
522	314	22	82
522	315	22	83
521	314	22	84
521	315	22	85
521	314	22	85
520	315	22	86
520	314	22	87
520	314	22	86
519	311	22	84
519	313	22	82
519	312	21	80
518	313	21	79
517	313	21	78
517	314	21	78
516	314	21	79
515	315	21	79
514	315	21	80
513	315	21	80
511	315	22	81
510	315	22	81
509	316	22	82
508	315	22	81
507	316	22	81
506	315	22	82
505	316	22	82
505	315	22	81
504	314	22	81
503	314	22	79
503	315	22	78
502	315	22	77
502	315	22	77
501	315	23	77
500	317	22	79
500	316	22	79
499	318	22	81
499	316	22	81
499	316	23	81
499	317	23	82
498	317	23	84
498	314	24	85
497	314	24	86
497	313	26	88
498	310	27	89
498	307	27	88
498	307	27	88
498	306	27	87
498	305	26	88
496	305	26	89
496	305	26	89
495	306	26	89
494	306	26	90
494	306	26	90
493	307	26	91
492	306	26	92
492	307	26	92
491	307	27	92
491	306	27	92
490	306	27	92
491	306	26	91
491	306	26	90
491	307	26	87
492	308	26	86
493	309	25	85
493	309	25	84
494	311	24	83
494	311	24	82
495	310	23	82
494	310	23	81
494	310	25	80
494	311	26	78
494	314	27	77
495	313	28	76
495	313	27	76
495	314	27	77
495	314	25	78
496	314	25	79
496	313	24	80
496	312	24	81
496	313	24	81
497	312	23	83
498	311	23	83
499	311	23	83
499	310	23	82
499	311	23	82
499	312	23	82
499	312	23	83
500	312	23	83
501	312	23	84
499	312	24	85
500	313	25	86
500	313	25	86
500	311	25	87
499	311	25	88
499	310	24	87
500	309	24	86
501	310	23	85
501	309	23	83
500	309	23	82
501	310	23	81
501	311	23	81
502	310	23	81
502	310	23	80
502	309	23	80
502	309	23	79
502	308	24	78
502	309	24	78
503	311	24	78
504	310	24	79
505	310	24	80
505	309	24	81
505	308	24	83
508	308	24	83
509	307	24	83
510	307	24	83
511	305	24	83
511	304	24	84
513	304	25	83
514	304	25	83
515	305	25	83
516	304	25	82
516	304	25	83
517	304	25	82
517	304	25	82
518	305	25	82
519	305	25	82
519	305	25	83
521	305	24	83
522	304	24	83
522	302	24	82
523	303	24	81
524	303	23	80
525	303	23	80
527	303	23	79
527	302	23	79
528	303	23	79
528	304	24	79
529	303	24	80
530	304	24	81
531	303	24	82
531	303	24	82
533	303	24	82
533	304	24	84
534	303	24	84
535	303	24	84
535	303	24	84
536	302	24	84
538	301	24	83
539	301	23	81
540	301	23	80
541	302	23	79
542	300	22	78
543	302	22	78
543	302	23	77
544	302	23	77
543	303	23	78
544	303	23	78
545	303	24	78
545	303	24	79
545	304	24	80
546	303	23	80
546	304	24	81
547	303	24	80
548	302	24	80
549	301	23	78
549	302	23	78
550	303	23	77
551	304	23	78
552	303	23	77
552	304	23	77
553	304	23	78
554	303	23	77
555	304	24	77
556	305	24	78
556	305	24	79
558	305	24	80
558	306	25	80
560	306	25	81
561	307	24	82
562	306	25	83
562	307	25	84
563	306	25	84
563	306	25	84
564	306	25	84
566	306	25	83
567	306	25	82
568	307	25	82
570	306	24	80
571	308	24	80
572	309	24	79
572	309	24	80
573	310	24	80
574	310	24	81
575	310	24	81
575	311	25	82
576	311	25	83
576	311	25	82
577	311	25	83
578	311	25	82
579	311	24	81
580	311	24	80
581	311	24	79
582	312	24	78
582	312	24	77
584	312	24	77
585	312	23	77
586	313	23	78
587	313	23	78
587	313	24	79
590	313	23	79
590	313	23	79
591	313	24	80
592	314	24	81
593	314	24	81
594	314	24	81
595	314	24	81
596	314	24	82
598	315	24	82
600	314	24	81
601	315	24	81
602	315	24	80
604	315	23	79
606	315	23	79
607	315	23	79
608	316	23	80
608	317	23	80
609	317	23	80
608	318	23	80
608	317	24	81
607	318	24	82
606	319	23	82
604	318	23	82
602	319	23	83
599	319	23	83
598	319	22	82
596	318	22	81
593	318	22	79
590	318	22	78
588	319	23	78
585	320	23	78
583	320	23	79
581	320	23	79
579	320	23	79
577	321	23	79
577	321	23	79
576	320	23	79
575	322	23	80
574	321	24	80
574	322	24	81
574	321	25	81
574	323	25	82
574	321	25	83
576	322	25	83
577	320	25	81
578	321	25	80
580	322	25	80
581	322	25	79
583	322	24	79
585	323	24	79
587	323	24	79
588	324	23	80
589	323	23	80
590	323	23	81
591	324	23	81
592	325	23	81
593	324	23	82
594	324	24	82
595	324	24	82
596	324	24	82
597	324	24	82
599	323	24	80
600	323	24	79
603	322	23	77
604	324	23	77
605	324	23	79
605	324	23	79
606	324	23	80
607	324	23	80
607	324	23	81
609	325	23	81
610	324	23	81
611	325	24	81
611	325	25	82
611	325	25	82
612	326	26	83
613	325	26	82
614	326	27	83
614	325	27	82
615	325	28	82
616	326	28	82
618	326	29	82
619	326	29	82
620	326	29	81
622	326	29	81
623	326	29	82
624	326	29	82
625	327	29	83
627	327	28	83
628	328	28	84
630	328	27	85
631	329	27	86
633	328	26	86
634	328	26	87
636	328	25	87
637	328	25	87
638	328	24	86
639	327	24	84
641	326	24	82
642	327	24	81
642	328	24	80
643	327	24	80
644	328	24	80
646	328	24	80
647	328	24	81
647	328	24	81
649	328	25	81
649	328	25	82
650	329	26	83
650	329	26	83
651	330	26	84
651	330	26	84
652	329	26	83
654	329	26	83
656	328	26	82
657	328	26	82
659	328	25	82
661	328	24	81
663	328	24	80
665	329	23	80
666	331	23	82
667	329	23	83
669	329	23	83
669	329	23	84
670	329	23	84
670	329	24	85
671	330	24	86
671	330	24	87
672	329	24	86
673	327	24	85
674	328	24	84
675	328	24	83
676	327	24	81
677	327	25	80
678	327	25	80
679	327	25	80
680	328	26	80
681	328	26	81
682	328	27	82
683	328	28	82
683	328	29	83
683	329	29	83
683	328	30	84
685	328	30	84
686	327	31	83
688	326	30	82
689	326	30	81
691	326	29	79
693	327	28	79
696	326	27	79
697	325	26	79
698	325	26	78
700	326	25	77
701	326	24	78
702	325	24	79
703	326	25	80
704	327	25	81
704	326	26	83
705	325	26	84
706	325	27	85
707	323	27	85
708	323	27	85
710	322	26	84
711	322	26	84
712	321	26	83
714	320	26	82
714	320	26	82
715	319	26	80
717	319	27	79
717	319	28	79
718	318	28	78
720	318	30	78
721	319	30	78
722	320	31	78
722	319	32	79
722	319	32	80
723	318	32	80
724	318	32	81
726	316	32	81
727	316	31	81
730	315	31	81
731	314	30	81
734	314	28	80
736	313	27	79
738	312	26	78
739	312	26	77
742	312	25	77
742	312	25	77
743	311	25	77
744	311	25	77
745	311	26	78
745	311	26	80
746	309	26	81
748	308	25	80
749	306	25	80
751	306	24	80
753	305	23	80
755	305	23	79
756	304	23	78
757	304	22	78
758	303	22	78
760	302	22	78
761	301	22	76
762	302	22	76
763	302	23	75
764	302	24	74
764	301	26	73
765	300	28	72
765	301	28	73
768	299	27	74
769	299	27	74
771	297	27	74
774	297	26	76
777	295	25	75
778	296	25	77
779	294	25	78
782	292	24	78
784	291	24	78
785	289	24	78
787	289	24	80
788	288	25	80
789	287	26	82
790	286	27	83
791	284	28	84
792	282	28	85
794	283	29	85
796	279	29	84
798	280	29	82
799	282	30	82
802	278	30	81
803	279	31	81
806	277	31	82
807	277	31	83
809	274	32	84
809	275	34	84
811	273	35	83
812	273	36	84
814	274	37	84
817	275	36	82
819	274	35	80
821	276	33	79
823	277	32	78
826	277	30	77
828	276	29	77
830	275	28	78
831	273	27	78
833	272	26	79
834	270	26	78
837	271	25	76
839	271	24	75
840	272	24	74
842	271	24	72
844	272	23	72
846	271	23	71
847	271	23	72
849	270	23	72
850	268	23	72
850	267	23	73
851	264	23	72
853	264	24	72
854	264	24	71
854	264	25	72
856	265	25	72
858	265	26	72
860	265	25	70
860	267	25	71
861	266	24	70
863	266	24	70
864	267	23	71
865	263	23	74
868	263	23	75
868	264	24	76
869	262	24	77
870	265	24	76
872	264	24	77
872	262	24	75
872	264	24	74
871	262	25	72
870	263	26	69
870	263	26	67
872	265	26	67
875	268	27	66
874	267	27	65
873	267	27	65
874	272	27	66
873	266	26	67
913	262	26	67
912	263	26	66
910	265	26	66
878	262	26	66
873	259	27	66
874	268	27	66
873	271	27	66
873	269	27	66
873	267	26	66
872	271	26	65
872	270	26	65
872	265	26	65
867	229	26	66
866	228	25	67
865	227	25	69
865	224	25	69
865	227	25	70
865	226	24	70
863	228	24	71
862	226	24	72
862	226	25	72
861	229	25	75
859	225	25	76
859	221	26	76
858	225	26	77
857	221	26	77
857	224	26	79
856	223	26	80
855	223	26	81
856	222	27	82
855	227	27	84
855	225	28	86
854	226	28	89
853	224	29	90
851	225	29	92
851	224	29	95
850	224	29	99
847	223	29	102
845	229	29	105
846	226	29	106
846	228	29	109
847	229	29	114
846	229	30	119
844	227	30	121
841	222	31	123
836	216	31	123
830	209	32	123
841	221	32	126
837	211	32	127
838	216	32	127
835	207	33	126
836	213	33	126
833	202	34	125
832	202	34	123
834	203	34	122
834	199	35	120
834	198	35	118
833	198	35	117
832	196	35	116
832	196	36	115
830	194	36	114
829	195	36	114
829	196	36	113
827	195	36	113
825	196	36	113
767	195	36	113
756	195	37	112
756	197	38	112
755	197	39	111
752	197	41	111
751	199	41	111
749	201	42	112
750	200	42	112
748	201	43	112
746	199	44	112
741	204	44	114
742	206	43	116
739	208	43	117
738	207	43	117
737	206	44	118
737	204	44	118
736	205	44	118
733	206	44	119
730	207	44	121
728	208	43	123
726	205	44	123
727	206	45	123
724	206	45	125
724	208	46	125
721	209	46	126
718	212	46	128
717	205	47	129
714	210	47	130
713	205	47	131
711	208	48	132
710	205	49	133
708	207	51	133
709	212	52	134
711	212	53	134
711	205	53	134
705	206	54	134
704	210	55	134
702	213	55	134
699	214	57	134
696	216	58	134
695	218	59	134
693	215	60	135
690	216	60	136
689	217	60	137
685	217	60	138
685	219	61	139
682	218	61	139
680	220	61	140
679	216	61	141
678	220	61	141
677	217	61	142
674	216	61	143
678	216	61	144
657	220	61	144
660	225	61	145
661	225	61	147
664	217	61	149
664	225	61	149
663	220	61	150
661	228	62	150
662	218	62	150
661	227	62	150
658	230	62	151
663	213	62	151
659	224	63	151
655	232	63	151
653	234	63	151
650	236	63	151
647	241	63	151
645	237	63	151
644	244	63	151
645	242	63	151
642	246	63	151
640	245	64	151
638	250	64	151
638	250	64	152
637	248	64	152
638	249	64	152
637	245	63	152
638	241	63	153
635	240	63	153
635	251	63	154
634	241	62	154
633	251	62	155
632	245	62	155
630	244	62	155
630	249	62	155
627	255	61	156
621	267	61	156
619	260	61	156
617	272	61	157
615	263	60	158
613	274	60	158
612	266	60	159
610	278	59	159
607	267	59	159
606	276	59	159
606	262	59	159
604	281	59	160
604	268	59	160
600	269	59	160
597	284	59	160
594	284	59	161
592	298	59	161
589	291	58	162
589	279	58	162
586	293	58	162
583	288	58	162
581	285	58	162
578	289	58	162
542	173	60	161
523	180	60	160
489	192	62	158
508	190	63	157
510	192	64	156
539	184	66	154
504	194	66	154
509	198	66	154
531	197	67	153
504	211	67	153
509	215	67	153
536	299	67	153
536	310	67	154
536	317	67	154
534	326	66	154
533	332	66	155
531	325	66	155
527	322	66	156
523	324	65	156
521	316	65	156
519	328	65	157
518	326	65	158
513	327	64	158
509	327	64	158
507	317	64	159
504	305	64	159
505	328	64	159
501	345	64	160
499	348	63	161
497	348	63	161
494	334	63	162
491	329	63	162
488	350	63	162
486	342	62	163
484	331	62	163
481	352	62	163
479	370	62	164
475	367	62	164
473	359	62	165
473	358	61	165
469	363	61	166
467	360	61	166
465	348	61	167
461	335	61	167
460	351	61	167
457	356	60	167
456	329	60	168
451	332	60	168
450	334	60	168
451	332	60	168
447	344	60	168
449	325	60	168
449	313	60	169
450	305	60	169
447	289	60	169
465	321	59	169
456	350	59	170
456	306	59	170
472	321	59	170
462	326	59	171
461	322	59	171
460	309	59	171
475	332	58	172
470	315	58	172
485	339	58	173
480	320	57	173
496	327	57	173
494	334	57	174
515	357	57	174
506	338	56	175
503	359	56	175
524	355	56	176
517	345	55	176
540	375	56	177
534	360	55	177
555	356	56	177
543	354	56	177
539	339	55	177
561	359	55	177
558	378	55	177
548	371	55	177
545	380	55	178
570	392	55	178
571	377	55	178
574	389	55	177
575	407	56	177
573	396	56	177
573	414	56	176
574	400	57	176
572	391	57	176
570	405	57	176
571	399	57	176
570	413	58	176
572	404	58	176
572	419	58	175
573	411	59	175
573	408	59	174
575	425	60	174
540	420	60	174
538	414	61	174
534	422	61	175
533	422	61	176
526	427	61	177
525	440	61	177
523	441	62	178
518	442	62	179
516	438	62	180
512	455	63	181
513	452	63	181
508	455	63	181
502	458	63	182
496	459	63	184
490	466	63	185
485	456	63	187
479	458	62	188
509	458	63	188
514	452	64	187
515	456	66	186
516	460	67	185
512	458	68	185
508	457	69	184
506	459	70	184
506	463	71	183
505	465	73	182
503	464	74	181
503	470	75	181
499	471	75	180
496	475	76	180
491	471	77	180
486	466	77	180
480	461	78	179
478	496	78	179
478	498	79	179
476	496	79	179
471	494	80	178
475	525	81	178
472	528	82	177
467	525	82	177
464	523	83	176
431	515	83	176
429	509	84	176
428	511	84	175
430	519	85	175
431	525	86	175
428	527	86	174
427	529	87	174
423	524	87	174
422	523	87	174
421	520	87	173
421	513	88	173
419	507	88	173
416	499	88	173
375	496	88	173
371	496	88	173
369	509	88	173
364	503	88	174
392	517	88	173
381	513	88	173
345	513	88	173
314	537	88	173
320	529	88	174
320	538	88	174
320	554	87	174
316	554	87	174
312	545	87	174
308	550	87	174
297	553	87	174
255	516	87	174
251	472	87	174
246	471	87	174
237	471	87	174
232	463	87	174
231	456	87	174
229	450	87	174
226	449	87	174
223	450	87	174
217	449	87	174
245	476	87	174
238	478	87	174
232	480	87	174
254	480	87	174
245	480	87	174
239	470	87	174
240	471	87	174
241	472	87	174
239	471	87	174
239	485	87	174
238	490	87	174
231	495	87	175
224	496	87	175
220	499	87	174
214	511	87	175
232	483	87	174
217	497	87	174
242	503	88	174
229	504	88	174
219	511	88	174
206	516	88	174
169	517	88	174
169	506	88	174
170	493	88	174
174	517	88	174
178	527	87	174
143	539	88	174
143	517	88	174
134	529	88	174
0	461	87	176
0	443	83	184
0	436	81	189
0	451	78	198
0	429	74	208
0	407	69	219
0	420	65	231
0	398	61	244
0	418	59	252
0	402	58	258
17	396	61	258
8	392	63	259
1	387	63	260
0	416	63	260
22	388	66	260
12	373	67	263
8	401	68	263
2	401	68	264
1	401	68	266
5	424	69	264
6	409	70	262
0	406	70	263
5	451	70	262
0	432	71	261
0	414	71	262
42	359	72	262
8	392	72	262
16	370	74	261
19	358	74	262
20	323	74	264
15	309	75	266
5	328	74	273
1	311	74	278
2	330	74	283
0	330	72	289
0	327	71	295
0	333	67	305
0	339	65	309
0	336	62	315
0	303	60	322
0	307	61	324
0	214	61	325
27	124	65	324
21	81	66	323
22	44	67	322
67	3	70	320
20	19	70	319
21	36	72	318
14	49	73	318
15	69	73	318
11	76	74	317
24	35	75	316
19	48	77	313
15	54	78	312
18	51	78	311
25	34	80	309
17	51	82	307
18	45	83	305
7	81	83	304
7	55	83	304
10	46	83	304
12	22	83	304
12	14	83	304
8	5	83	304
2	9	83	304
0	0	83	304
0	5	83	304
0	9	83	303
0	30	83	303
0	61	83	304
0	91	83	304
0	87	82	305
0	114	82	307
0	103	82	308
0	89	81	310
0	77	81	312
0	70	81	313
0	102	81	315
0	88	80	317
0	80	80	318
0	104	80	320
0	88	80	322
0	78	80	324
0	74	80	325
0	72	80	326
0	74	80	326
0	72	81	327
0	72	81	326
0	78	81	327
0	74	81	327
0	72	81	328
0	108	81	330
0	95	81	331
0	83	81	331
0	77	81	331
0	111	81	333
0	96	81	334
0	84	81	335
0	76	82	336
0	75	82	336
0	71	82	336
0	63	82	336
0	95	82	337
0	85	82	337
0	116	82	339
0	100	82	339
0	89	82	340
0	78	82	341
0	76	82	341
0	110	82	342
0	91	82	343
0	85	82	343
0	112	82	345
0	138	82	346
0	112	82	347
0	95	82	348
0	80	82	349
0	74	82	350
0	104	82	350
0	76	82	351
0	74	82	351
0	73	82	351
0	67	83	351
0	105	83	353
0	92	83	354
0	79	83	354
0	82	84	354
0	78	84	354
0	81	84	354
0	84	84	354
0	81	85	354
0	86	85	355
0	84	85	356
0	83	85	357
0	84	85	357
0	85	85	357
0	81	85	358
0	84	85	358
0	88	86	358
0	87	86	359
0	118	86	361
0	109	86	363
0	99	86	363
0	94	86	364
0	93	86	365
0	94	86	366
0	93	86	367
0	92	87	367
0	92	87	367
0	91	87	368
0	94	88	368
0	93	88	369
0	91	88	369
0	94	88	369
0	128	88	372
0	105	88	373
0	102	88	373
0	96	89	374
0	86	89	374
0	127	89	376
0	108	89	376
0	94	90	377
0	124	90	378
0	109	90	379
0	102	90	379
0	129	90	380
0	105	90	380
0	135	90	381
0	152	90	383
0	128	90	383
0	150	90	385
0	123	90	385
0	106	90	386
0	135	91	388
0	113	90	389
0	136	91	391
0	152	90	394
0	127	90	395
0	106	91	396
0	130	91	398
0	157	91	399
0	136	91	400
0	163	91	403
0	130	91	405
0	162	91	406
0	141	91	407
0	119	91	409
0	151	92	409
0	129	92	410
0	152	92	412
0	126	92	413
0	108	92	414
0	139	93	415
0	116	93	415
0	136	93	417
0	114	93	417
0	143	94	419
0	121	94	420
0	105	95	420
0	132	95	421
0	105	96	423
0	134	96	425
0	107	96	426
0	137	97	427
0	116	98	429
0	145	98	430
0	117	99	432
0	146	99	434
0	113	99	435
0	146	99	438
0	119	99	439
0	105	100	438
0	92	100	437
0	126	101	438
0	107	101	438
0	102	102	437
0	95	102	436
0	106	103	435
0	100	103	435
0	100	103	435
0	101	104	435
0	111	104	434
0	111	104	435
0	104	104	436
0	110	104	436
0	97	105	436
0	98	105	436
0	135	105	437
0	108	105	438
0	113	106	437
0	109	106	437
0	114	106	436
0	164	106	437
0	144	106	437
1	131	106	436
1	115	106	436
2	107	106	436
1	102	106	436
3	107	106	435
0	141	106	435
0	121	106	435
0	120	106	435
0	113	106	436
0	97	107	437
0	107	107	437
0	139	106	440
0	127	107	440
0	120	108	441
0	157	107	442
0	134	107	444
0	120	108	445
0	101	108	445
0	142	108	448
0	123	108	447
0	112	108	447
0	97	109	447
0	99	109	448
0	149	109	450
0	132	109	450
0	117	109	450
0	109	109	451
0	104	110	450
0	106	110	451
0	156	110	452
0	140	110	453
0	137	110	454
0	129	111	454
0	126	111	455
0	122	111	455
0	112	111	456
0	112	112	456
0	112	112	457
0	113	112	457
