782	118	38	103
778	120	36	101
774	120	36	100
771	121	35	99
767	121	35	99
759	122	37	99
753	123	40	99
746	122	43	100
741	124	47	101
738	125	49	101
734	126	51	102
732	127	52	103
730	127	53	103
728	126	53	103
726	126	52	102
725	125	50	102
723	125	48	101
720	125	46	100
717	125	44	99
714	125	43	99
711	126	42	98
708	126	42	99
706	127	42	99
704	127	43	100
700	127	44	101
699	127	45	102
696	128	47	103
694	129	47	104
692	129	48	105
691	129	47	106
689	129	47	107
687	128	47	108
687	127	46	108
686	127	44	109
686	126	42	108
684	125	40	107
684	124	38	107
682	123	37	105
680	123	36	103
678	123	35	102
676	124	35	101
674	124	35	100
673	123	35	99
670	124	35	99
666	124	36	100
661	125	39	101
659	125	42	103
656	125	44	104
656	126	45	105
655	126	46	105
654	125	46	105
654	126	46	105
653	125	45	105
653	124	44	104
652	124	42	103
651	123	41	101
649	123	40	100
647	122	40	99
645	123	40	98
643	123	42	98
642	123	43	99
641	124	44	100
640	124	45	101
639	124	46	102
638	124	47	103
637	125	48	104
637	125	49	106
636	125	49	106
636	125	49	107
637	125	49	108
638	124	48	109
639	123	46	109
640	123	44	109
641	122	42	109
641	121	40	108
641	120	39	107
642	119	37	105
642	120	36	103
641	120	36	102
640	121	35	101
639	122	35	100
639	123	34	100
637	123	35	100
634	124	37	101
629	125	41	103
626	126	44	104
625	126	46	105
625	126	48	105
624	128	50	106
624	127	50	105
625	127	50	106
625	128	49	106
626	127	48	106
626	126	47	105
627	126	45	103
627	125	44	101
626	126	42	100
625	127	40	99
624	128	40	98
626	129	40	98
624	130	41	98
624	131	41	99
625	131	42	100
625	131	43	101
626	131	44	102
626	132	45	103
627	133	46	104
628	133	47	106
629	133	48	107
631	132	49	108
633	132	49	109
635	131	47	109
636	130	45	109
638	129	43	108
639	128	41	106
641	127	39	105
642	127	38	104
642	128	36	103
643	128	35	102
644	129	35	102
644	129	34	101
644	129	34	101
642	130	35	101
640	131	37	102
639	132	40	104
639	132	42	105
638	134	44	105
639	135	45	106
641	135	47	106
641	135	47	106
643	135	46	106
644	135	45	106
645	135	44	105
645	134	42	103
645	135	41	102
645	136	41	101
644	136	41	101
644	137	42	101
643	138	42	102
642	139	43	103
641	138	44	104
641	139	45	105
639	140	45	106
638	141	45	107
638	141	46	108
638	141	46	110
638	141	46	111
639	140	46	113
639	139	45	113
639	137	44	113
640	136	42	112
641	135	41	111
642	134	40	110
643	134	38	108
644	133	37	105
646	134	36	104
646	134	35	103
647	135	34	102
648	135	34	102
647	136	34	102
646	137	35	104
645	137	36	105
644	138	37	107
645	137	38	108
645	137	39	109
645	138	39	110
645	137	39	110
644	137	39	111
645	136	40	109
643	136	40	108
641	134	40	105
640	135	41	103
638	135	41	102
637	136	42	101
637	136	44	101
636	137	45	102
636	138	45	102
635	139	46	103
636	139	46	104
636	139	47	105
636	140	47	106
637	140	47	108
638	140	47	110
639	141	47	111
640	140	47	112
642	139	46	112
643	139	45	112
645	138	43	112
647	137	42	111
649	137	41	109
650	136	40	107
652	136	39	106
654	137	38	104
656	138	37	104
658	139	36	104
659	140	36	104
659	142	36	105
658	142	38	105
657	143	40	107
657	143	43	109
658	143	45	110
659	144	46	111
660	145	46	112
662	143	45	111
664	143	43	110
666	143	42	109
666	143	41	107
667	142	40	105
667	142	39	102
666	143	39	101
666	143	40	100
665	144	41	100
665	144	42	102
665	146	43	104
665	145	43	105
663	145	44	106
663	145	45	107
661	146	45	108
661	146	46	109
661	146	46	110
661	145	45	111
661	145	44	111
661	144	43	111
661	144	42	110
661	143	41	109
661	142	39	107
661	142	38	105
660	142	37	103
660	142	35	101
661	144	35	101
660	144	34	102
658	144	34	101
657	146	35	103
655	146	36	104
654	147	37	106
654	147	38	108
654	146	38	110
654	146	38	110
656	146	38	111
657	146	37	111
658	145	37	110
659	144	37	109
660	144	37	108
660	144	38	106
661	143	39	104
662	145	41	103
663	145	42	102
664	145	43	102
664	147	44	102
665	147	45	104
665	147	46	105
666	148	46	107
667	147	47	108
666	149	47	110
666	149	47	111
667	148	47	111
668	149	47	112
669	148	46	112
669	148	45	112
670	147	44	112
670	147	43	111
671	146	42	110
671	145	41	108
671	145	41	106
672	146	40	104
672	146	39	102
672	147	38	102
671	149	38	102
670	149	37	103
669	149	37	104
668	151	37	106
667	151	37	107
666	152	37	109
665	151	37	110
664	151	37	110
664	151	37	110
662	151	37	110
660	150	37	109
660	150	38	108
659	149	39	107
658	148	39	105
658	148	40	103
656	148	42	101
656	149	43	101
657	150	44	101
656	151	44	102
657	150	44	103
657	151	45	105
657	152	45	107
657	152	45	109
658	153	45	111
657	152	46	112
657	152	46	112
657	152	47	113
657	153	48	115
658	151	49	115
660	150	49	114
661	150	49	114
662	149	50	112
664	149	50	110
666	149	50	108
668	149	50	106
671	150	49	104
674	152	48	103
677	153	47	103
680	155	46	104
683	155	45	105
685	156	43	106
687	158	41	108
690	159	41	109
692	159	39	109
693	160	39	110
694	161	38	111
694	161	38	111
694	161	38	112
695	160	38	112
695	160	38	111
695	160	38	110
694	159	39	109
693	159	40	108
692	160	41	106
691	160	41	104
689	161	42	103
688	163	43	103
687	163	45	103
685	164	46	104
685	165	46	105
684	166	46	107
684	166	46	108
683	167	46	110
683	167	46	111
683	166	46	111
682	166	46	111
681	166	46	111
682	165	46	111
682	165	46	112
682	164	46	112
682	163	46	111
683	162	45	110
683	161	45	108
683	161	44	106
684	160	43	103
684	162	42	102
686	162	42	102
687	162	41	102
687	163	40	103
687	163	39	104
688	164	38	105
688	165	38	106
689	165	38	106
688	166	38	107
689	165	37	108
688	166	37	109
689	164	38	109
688	163	37	109
689	162	38	108
688	161	38	107
688	159	38	106
688	158	38	103
686	158	39	101
685	160	41	100
684	159	42	99
684	160	43	100
683	160	44	99
683	161	44	100
682	161	45	101
682	163	46	102
684	162	46	104
683	162	45	105
684	163	46	106
685	162	46	107
686	161	46	108
688	160	46	109
689	158	46	109
691	157	45	109
691	156	45	108
693	155	45	106
695	154	44	104
696	155	44	101
697	156	44	101
699	155	43	100
701	157	43	100
702	157	42	100
703	158	42	102
704	158	41	102
705	159	40	103
706	159	40	104
706	159	40	105
707	159	39	106
707	159	40	107
706	158	41	107
705	158	41	107
702	157	41	107
700	155	42	105
697	154	42	104
696	153	41	103
693	153	42	100
690	154	42	99
689	155	42	99
686	154	43	99
684	154	44	100
682	155	44	101
680	155	44	102
678	155	44	103
675	155	45	105
674	155	45	106
672	155	45	107
670	154	45	108
668	154	45	109
667	153	45	109
666	152	45	109
665	151	44	109
664	150	44	108
662	149	43	105
661	147	42	103
659	148	41	100
659	148	39	99
658	150	38	98
656	150	36	98
655	151	35	98
651	152	35	100
647	153	36	101
645	152	37	102
642	153	38	103
641	154	38	103
639	154	37	104
638	153	37	104
635	152	36	105
633	153	37	105
630	151	37	105
628	151	38	104
624	150	38	102
620	151	38	100
617	150	39	99
615	152	40	98
611	152	40	98
608	152	42	98
605	152	43	99
602	153	44	99
599	154	45	100
597	155	45	101
595	155	45	102
594	155	45	103
592	154	45	104
589	154	45	105
588	154	45	105
587	153	43	106
586	153	41	107
584	152	39	105
583	151	37	104
581	149	36	101
579	150	35	100
578	150	34	98
576	151	34	98
573	152	34	98
571	152	34	98
566	153	36	99
560	153	39	100
556	153	42	100
553	154	44	101
553	155	45	102
552	154	46	102
551	155	46	103
549	155	45	103
548	153	45	103
545	153	44	102
543	153	44	102
541	152	43	101
538	152	42	100
535	151	41	98
534	151	41	97
532	152	40	96
532	153	41	96
529	154	41	96
529	154	42	97
528	154	43	98
529	154	44	100
529	154	45	101
530	153	46	102
530	152	47	103
532	152	47	104
535	151	47	105
536	149	46	106
539	148	44	106
542	146	42	106
544	145	40	107
547	143	39	105
550	142	38	102
554	142	37	101
557	141	36	99
560	142	35	98
563	142	35	98
565	143	35	99
566	144	37	100
568	143	39	101
568	143	43	103
569	142	46	103
573	142	47	104
576	142	47	105
579	142	46	105
582	140	45	106
585	140	44	105
587	138	43	105
589	136	42	103
591	136	41	102
592	136	40	101
593	135	40	99
596	134	41	98
597	134	41	97
598	135	42	98
600	134	42	99
602	135	43	100
603	134	44	101
605	134	44	102
607	134	45	103
609	134	45	104
611	133	45	104
613	132	44	105
616	131	44	106
618	130	43	106
620	129	41	105
623	128	40	104
625	127	38	103
628	125	37	100
630	125	36	99
633	124	35	98
635	124	35	98
637	124	34	98
638	125	34	99
638	125	35	99
636	125	36	100
636	124	38	101
636	125	39	101
637	124	40	102
639	125	40	103
639	124	39	104
639	123	38	104
639	122	38	104
638	120	37	103
637	119	37	102
636	118	36	100
635	117	37	99
633	116	37	98
632	116	38	98
630	117	40	98
628	116	41	99
628	116	42	100
627	116	42	101
626	117	43	101
625	116	43	102
624	115	43	103
625	115	43	104
625	113	43	105
625	113	42	105
626	112	41	106
626	111	41	106
628	110	40	106
629	108	39	105
630	106	38	103
631	105	37	101
632	105	37	100
633	105	37	99
635	104	37	99
636	105	37	100
637	106	37	100
638	106	37	101
638	106	37	102
639	106	38	102
641	106	38	103
642	106	38	103
643	106	38	104
645	105	37	105
645	104	37	105
646	103	37	105
648	102	37	105
648	101	38	103
650	99	38	102
651	99	38	101
652	98	38	100
652	98	38	100
653	98	38	99
653	99	39	100
653	99	39	100
653	99	39	101
653	100	39	102
653	100	39	102
652	100	39	103
652	100	39	104
652	100	40	104
651	99	40	105
652	98	39	106
651	97	39	106
650	96	39	106
650	95	39	106
650	94	38	104
650	92	38	102
650	92	38	100
650	92	37	99
650	92	37	99
649	93	38	99
649	94	38	99
648	94	38	100
647	95	38	101
645	94	39	101
644	95	39	102
643	95	39	103
644	94	39	104
643	94	38	104
642	93	38	105
641	92	38	104
641	92	38	104
641	90	38	103
640	90	38	103
639	89	38	102
638	88	38	101
637	88	38	100
636	89	38	100
636	89	38	100
635	90	39	100
635	91	39	102
635	92	39	102
634	93	39	103
634	93	39	104
634	93	40	104
634	93	40	105
634	92	40	105
635	92	40	107
635	91	39	107
635	90	39	106
636	88	38	104
637	88	38	102
637	88	38	100
637	88	37	99
637	88	37	98
637	89	37	99
637	89	37	100
637	90	37	101
637	91	37	102
636	92	38	103
636	92	38	104
635	93	38	105
635	93	38	106
634	92	38	106
634	91	38	107
634	91	38	108
633	90	38	108
633	88	38	107
633	88	38	106
632	89	39	105
633	88	39	104
632	88	39	103
632	88	40	101
631	88	40	101
631	90	40	100
632	91	41	101
632	92	40	101
632	93	40	101
633	94	40	102
635	95	40	102
637	96	39	104
639	96	39	104
640	95	39	104
641	96	39	105
643	96	40	105
645	97	40	105
646	95	40	104
648	95	40	102
648	94	40	101
650	95	40	99
652	97	40	98
654	98	39	98
656	99	40	98
657	100	39	99
658	101	40	100
658	102	41	100
660	103	42	101
660	104	43	102
661	105	44	103
660	105	45	104
662	105	46	105
662	105	47	106
663	105	48	107
665	104	48	107
668	104	47	106
672	103	46	105
675	105	44	104
680	104	41	102
683	105	40	102
687	106	38	101
690	107	37	100
691	109	37	99
693	110	38	99
694	111	41	99
695	112	45	99
696	114	49	99
696	115	53	99
695	116	56	98
697	118	57	98
698	119	59	98
701	120	59	97
704	120	59	98
709	119	59	98
714	120	58	97
719	121	57	97
725	121	56	97
730	121	53	98
736	122	51	98
741	122	49	98
745	124	48	99
748	125	48	100
751	126	49	101
751	127	51	101
753	128	53	102
754	129	55	103
754	130	56	103
755	130	58	104
757	131	59	105
758	131	59	106
763	131	58	106
768	130	56	107
773	129	54	106
777	128	51	104
781	127	48	103
782	130	45	103
783	130	42	103
782	130	40	102
779	130	39	101
773	130	40	101
768	131	41	101
761	131	43	101
756	132	47	102
748	132	49	103
738	131	51	103
731	131	52	104
723	131	53	105
715	130	55	106
710	129	55	106
702	127	54	105
695	126	53	104
689	125	51	103
681	124	48	102
674	124	46	102
666	124	45	102
656	125	44	102
647	125	44	103
637	126	45	104
629	127	45	104
619	128	46	106
609	128	47	109
600	128	47	110
592	128	48	111
583	128	48	112
575	127	48	113
569	126	47	114
564	125	46	113
560	125	45	112
558	124	43	110
556	124	41	109
555	124	40	108
555	123	39	107
555	124	38	107
556	124	38	106
558	124	37	105
560	126	38	105
564	126	39	105
567	128	41	106
569	128	44	107
571	130	46	107
574	130	47	108
573	132	49	109
575	130	49	110
576	130	50	110
578	129	50	110
581	128	49	110
584	128	48	109
588	128	47	108
592	126	46	107
597	125	46	106
600	125	46	105
603	123	47	105
608	124	48	106
610	124	48	107
615	124	48	108
617	123	48	109
621	123	48	110
624	123	48	111
627	123	48	112
629	123	48	113
632	123	48	116
635	121	48	118
637	119	47	118
639	117	46	119
640	116	45	118
641	114	44	116
641	112	43	114
639	111	42	112
638	110	41	110
637	109	41	109
636	109	40	109
634	108	39	108
633	109	38	109
631	109	38	109
630	109	38	109
628	109	38	111
625	109	38	111
622	109	39	112
620	107	39	113
616	106	39	113
613	105	39	114
610	103	39	114
607	101	39	112
602	100	40	111
598	98	41	109
594	97	41	108
590	96	42	107
587	95	42	107
584	95	43	108
582	95	43	109
579	95	44	111
578	94	45	112
577	94	46	113
575	93	45	115
576	94	46	117
575	92	45	118
576	91	46	120
576	89	46	121
578	87	46	121
578	87	46	121
578	86	46	122
579	82	45	119
579	80	44	116
579	79	44	113
579	79	43	111
579	79	42	110
579	78	42	110
579	78	41	110
578	78	41	110
578	78	41	110
579	77	41	112
578	76	41	113
578	76	41	114
578	75	41	115
578	73	41	116
579	71	41	116
580	69	41	117
581	66	40	115
583	63	40	113
584	61	40	111
585	60	41	109
586	60	42	109
587	60	42	109
589	59	43	109
591	59	44	110
592	59	44	111
593	58	44	112
595	58	44	113
596	57	43	113
599	56	44	114
599	56	43	115
601	54	43	116
602	52	43	116
603	49	44	116
604	47	44	116
605	44	44	114
606	41	43	112
606	39	43	110
607	38	42	110
608	37	42	110
608	36	41	110
609	36	41	110
610	35	41	111
611	34	41	113
612	34	41	114
612	32	41	114
613	31	41	114
615	30	41	115
615	28	42	115
617	26	42	115
618	24	41	115
619	21	41	113
620	18	41	111
621	17	41	109
622	16	41	109
623	15	41	110
624	14	41	111
624	14	40	111
625	13	41	112
625	13	41	112
625	12	41	113
625	13	40	114
624	12	41	115
623	11	41	116
623	10	41	116
622	8	42	115
621	6	43	114
620	5	43	113
618	2	43	110
617	2	42	108
616	0	41	106
615	1	41	105
615	0	41	105
614	0	41	105
612	0	41	105
611	0	41	105
610	0	42	106
609	0	42	107
608	0	42	108
608	0	42	108
607	0	42	110
607	0	43	110
607	0	43	109
607	0	43	109
608	0	42	109
610	0	42	107
610	0	42	105
611	0	41	102
612	0	40	100
613	0	40	99
614	0	40	98
616	0	39	99
617	0	39	99
619	0	38	100
621	0	38	102
622	0	38	103
624	0	38	104
625	0	38	106
626	0	38	107
628	0	38	109
629	0	38	109
631	0	38	110
633	0	38	110
634	0	38	109
635	0	38	108
636	0	39	107
637	0	39	106
638	0	40	104
639	0	41	102
639	0	42	101
641	0	43	102
641	0	43	103
642	0	44	104
642	0	44	106
643	0	45	107
645	0	45	109
646	1	45	110
648	0	45	112
648	0	45	114
651	0	46	115
653	0	45	115
655	0	44	115
657	0	44	114
659	0	43	112
660	0	43	110
663	0	43	107
665	0	42	104
667	0	41	103
669	0	40	102
671	0	39	103
672	0	39	104
674	0	39	106
674	1	39	108
675	1	39	110
677	1	39	112
678	1	39	114
679	1	38	115
680	0	38	114
681	0	38	114
683	0	38	113
683	0	37	112
684	0	38	110
685	0	39	108
686	0	40	107
686	0	41	106
686	0	42	106
687	0	43	107
687	0	44	107
687	0	45	109
688	0	46	110
689	1	46	112
690	1	47	114
691	1	48	116
692	1	48	118
694	0	48	119
697	0	48	120
698	0	48	119
701	0	48	118
703	0	47	115
707	0	46	113
708	0	45	111
712	0	44	110
714	0	43	110
717	0	42	110
719	0	41	111
720	2	41	114
722	1	40	115
724	2	40	117
725	3	39	117
728	3	39	118
729	4	39	119
731	4	40	121
731	3	40	122
733	3	40	121
733	1	40	120
733	1	41	117
733	1	41	115
732	1	42	114
731	1	43	114
731	3	44	114
730	4	45	115
730	5	46	116
729	8	46	120
728	10	47	123
727	10	47	125
726	11	47	127
726	10	47	128
724	10	47	128
724	8	47	126
723	8	47	125
723	8	47	124
722	7	46	122
722	6	45	120
721	5	45	118
722	5	43	116
721	6	42	116
721	7	41	117
720	8	41	119
719	9	40	120
717	10	40	120
715	10	40	121
714	12	40	123
714	12	39	124
713	13	39	124
714	12	38	124
713	12	38	123
713	12	38	122
713	12	37	120
711	12	38	118
709	11	39	116
706	11	41	115
706	11	42	115
703	12	44	116
702	13	46	117
701	14	48	120
699	15	50	123
697	16	51	125
696	15	51	125
695	17	51	125
694	17	51	124
692	19	51	124
691	18	51	124
688	18	50	125
688	17	49	125
687	16	48	123
688	15	46	121
686	16	43	119
686	16	41	117
683	18	40	117
681	19	39	117
675	20	40	118
667	22	42	119
663	24	45	121
657	24	46	123
655	25	47	125
653	26	47	126
648	27	48	126
647	27	47	125
644	26	46	124
642	26	44	122
639	27	43	120
634	27	41	118
629	27	42	117
624	28	43	116
620	29	45	117
616	31	48	120
614	32	50	121
610	34	53	122
608	35	55	124
606	37	56	125
605	40	58	127
605	40	58	131
604	40	58	131
606	40	58	133
607	39	56	133
609	39	54	131
610	39	51	130
613	38	49	128
616	39	46	127
619	38	44	125
622	39	42	123
624	42	41	123
625	44	39	123
625	45	40	124
624	48	42	126
622	50	45	127
621	52	47	128
624	52	49	130
625	53	50	130
626	54	50	130
629	55	49	130
632	55	48	130
634	54	46	129
636	54	45	127
637	56	43	124
637	56	43	123
637	58	44	123
636	59	47	124
635	61	49	126
634	63	52	127
634	64	54	127
634	67	57	129
633	69	58	131
632	70	60	133
634	72	61	137
634	70	61	138
636	71	61	138
639	72	60	139
641	72	57	139
644	70	54	136
647	70	51	134
651	70	49	132
653	71	46	130
656	73	44	129
657	75	43	128
657	77	43	128
655	81	45	129
652	83	49	131
651	84	52	133
652	86	55	134
653	87	57	135
654	89	58	135
655	89	58	135
657	90	57	134
660	90	56	132
663	91	53	130
664	92	51	128
664	93	48	126
665	94	47	125
663	96	48	126
663	98	51	127
661	100	54	128
660	101	56	130
658	104	59	131
656	107	61	133
655	108	63	135
653	110	64	137
653	110	64	138
653	111	64	138
651	111	63	138
652	111	61	138
651	111	58	136
651	110	54	134
653	110	50	132
653	111	47	130
651	113	45	129
648	113	45	127
645	115	45	128
640	116	46	128
633	118	49	129
625	119	52	130
619	121	56	131
617	122	59	133
614	124	61	134
613	125	62	135
612	125	62	134
612	126	60	134
612	126	59	133
612	124	56	131
611	125	52	128
608	124	49	126
606	126	46	124
603	127	45	124
601	128	46	126
599	129	48	127
594	129	51	127
593	129	53	128
592	131	56	130
590	132	58	131
589	132	61	133
588	132	63	134
587	131	65	135
588	130	65	136
589	128	63	135
591	126	60	134
591	125	56	131
593	125	51	130
595	125	47	129
596	125	43	128
595	124	42	126
594	125	41	126
593	125	42	126
590	126	45	126
584	127	51	127
580	127	57	128
578	128	62	128
578	129	66	129
579	129	67	129
578	129	68	128
580	128	66	127
581	129	64	127
583	127	61	126
583	127	58	126
582	126	53	124
580	126	49	123
577	127	46	123
574	128	45	125
572	127	46	126
570	126	48	127
567	127	51	128
567	127	54	129
565	128	58	130
562	129	61	131
560	128	64	132
559	128	67	133
557	126	68	133
556	126	68	132
558	124	65	131
559	124	60	131
558	122	55	129
559	122	50	128
560	122	45	128
560	122	43	127
560	123	41	128
560	122	42	128
557	123	46	127
553	125	52	128
548	126	57	129
547	127	62	131
549	128	65	131
550	130	67	131
553	130	67	130
555	130	66	129
558	129	64	128
560	129	61	126
560	129	58	125
558	129	54	123
557	129	51	122
556	130	48	123
554	131	46	124
553	131	46	125
552	132	48	126
550	133	50	127
550	134	54	128
547	136	58	128
546	138	62	129
543	139	65	130
544	140	67	130
545	140	68	130
547	140	68	129
547	140	66	128
548	142	63	128
549	141	60	126
552	141	57	125
553	144	55	125
555	144	52	125
555	146	51	125
556	147	50	125
555	148	48	125
555	149	49	125
551	151	54	125
546	153	59	124
542	156	65	126
539	159	69	127
537	161	72	130
539	163	75	132
541	163	76	132
545	165	76	132
546	165	75	131
549	166	74	131
551	168	73	130
552	169	70	130
553	170	66	128
554	170	62	127
554	172	58	126
553	173	53	125
551	176	50	124
548	178	48	125
547	180	48	125
546	181	49	126
544	183	51	128
538	185	57	128
534	187	63	128
530	190	69	129
528	191	74	129
526	192	77	130
526	193	79	130
526	193	80	130
528	193	79	132
527	194	77	132
527	195	74	132
527	193	70	130
527	192	64	129
526	195	58	128
526	196	53	127
526	198	48	126
525	200	46	127
525	200	44	127
524	201	44	126
521	202	48	125
514	205	56	125
509	207	63	124
506	209	69	124
503	210	75	124
503	212	79	124
504	213	81	123
504	214	83	122
505	215	83	122
506	216	82	122
506	216	80	123
506	217	77	124
505	216	74	124
503	216	69	123
503	216	64	123
499	218	58	123
497	219	54	123
496	220	53	123
497	220	54	122
492	222	59	122
486	224	65	122
479	224	74	121
473	225	81	120
471	226	87	120
472	225	90	120
473	225	91	121
472	224	91	121
472	224	89	123
470	221	86	123
468	220	82	124
466	219	77	125
463	217	72	126
461	217	65	126
461	217	59	126
461	215	56	126
462	215	55	126
458	215	58	125
452	214	64	124
443	216	72	122
439	216	80	121
437	217	85	121
435	218	90	120
435	218	92	120
436	217	92	120
435	216	91	121
433	214	89	122
431	212	84	121
431	210	79	122
433	208	74	122
432	206	68	122
436	207	61	124
441	204	58	124
445	203	59	123
444	203	63	123
440	202	70	122
439	201	76	122
441	200	82	122
445	198	86	122
448	196	88	123
452	193	88	123
454	191	85	124
454	188	82	125
454	184	78	125
454	182	74	125
454	181	68	126
451	180	61	127
451	177	56	127
451	176	53	127
450	175	54	126
443	173	59	125
435	174	66	123
427	175	74	122
422	175	81	122
421	175	87	122
420	176	89	121
420	173	89	121
417	174	88	120
414	173	85	120
411	172	82	121
408	169	78	122
404	168	73	123
400	165	69	124
396	165	62	125
396	165	58	126
394	163	57	126
392	163	59	126
386	163	63	125
379	162	69	124
372	162	75	123
368	162	81	122
366	161	85	122
362	161	88	121
357	160	90	122
352	159	89	122
351	158	88	123
345	155	85	124
343	151	81	124
339	151	75	125
335	148	68	127
333	146	63	128
331	145	60	129
328	143	60	128
326	144	62	129
322	143	66	128
314	144	71	127
309	146	77	125
303	146	82	124
300	146	87	124
296	147	90	122
293	146	91	121
287	146	93	121
279	146	93	121
272	145	92	122
266	144	90	123
262	142	87	123
257	141	83	125
251	139	78	126
249	137	73	127
247	138	72	128
244	138	73	127
240	137	74	127
237	137	77	127
233	136	80	126
229	137	84	125
225	135	87	124
218	135	91	125
212	134	93	125
207	133	94	126
202	130	93	127
197	128	91	128
191	127	89	127
185	124	87	127
181	124	83	126
178	125	79	127
177	125	78	127
173	124	79	127
170	123	80	127
166	126	82	129
