692	367	36	21
690	367	36	21
689	368	36	21
688	368	36	21
687	368	36	21
685	369	36	21
685	369	36	21
683	370	36	21
682	371	36	21
680	371	36	21
679	372	37	21
678	373	36	21
677	374	36	22
675	375	37	22
675	375	37	21
673	376	37	22
672	376	36	22
671	377	36	22
671	378	36	22
669	378	36	22
667	380	37	22
665	380	37	22
664	381	37	22
664	382	37	22
662	382	37	22
661	383	37	22
660	383	37	22
659	384	37	22
658	386	37	22
656	386	37	22
655	386	37	22
654	388	36	22
654	388	36	22
652	388	36	22
651	389	36	22
650	391	36	22
649	391	36	22
649	392	36	22
648	391	36	22
648	393	35	22
646	393	36	22
646	394	36	22
645	395	36	22
645	395	36	23
645	396	36	23
643	397	36	22
643	398	36	22
643	398	36	23
642	399	37	23
642	400	37	23
642	400	36	23
642	401	36	23
641	402	36	23
641	403	36	23
641	403	36	23
641	403	36	23
641	405	36	23
642	405	36	23
641	405	36	23
642	407	36	23
642	407	36	23
643	409	36	23
644	409	36	23
644	410	36	23
644	410	36	24
645	411	36	24
646	412	36	24
647	412	36	24
647	413	35	24
648	413	35	25
649	415	35	25
650	414	35	25
650	416	35	25
651	416	35	25
652	417	35	25
652	418	35	25
652	419	35	26
652	419	35	26
652	420	35	26
652	421	35	26
652	421	35	26
652	422	35	26
652	422	35	26
651	422	35	26
651	423	35	26
651	424	35	26
649	425	35	26
649	426	35	26
649	427	35	26
649	427	35	27
648	428	34	27
647	428	34	27
647	429	34	27
646	429	34	27
645	430	34	27
644	431	34	27
643	431	34	27
643	432	34	27
642	433	34	27
640	434	34	27
639	435	34	27
637	435	34	27
637	436	34	27
636	436	34	27
634	436	34	28
633	438	34	27
632	437	34	28
630	438	34	28
629	439	34	28
628	439	34	28
627	441	34	28
626	441	34	28
625	441	34	28
624	442	34	28
622	442	34	28
621	443	34	28
620	444	34	28
619	444	34	29
617	444	34	29
617	445	34	29
615	446	34	29
613	446	34	29
613	446	34	29
612	447	34	29
611	448	34	29
609	448	33	29
608	448	33	29
608	450	33	30
607	450	33	30
606	450	33	30
603	450	33	30
603	450	33	31
602	451	34	30
600	452	34	30
599	453	34	31
598	453	34	31
598	454	34	31
596	455	33	32
595	455	33	32
594	456	33	32
594	457	33	32
592	457	33	32
592	457	32	31
590	458	32	31
589	458	32	31
588	460	32	31
587	460	32	30
586	461	32	30
585	461	32	31
584	461	32	31
583	461	31	31
583	462	31	31
581	463	31	32
580	463	31	32
579	464	31	32
577	464	31	32
576	465	31	32
576	465	31	32
575	465	31	32
574	467	31	32
573	467	30	32
573	468	30	32
572	468	30	32
570	469	30	32
570	469	30	32
568	471	30	32
568	471	30	32
567	471	30	32
566	472	30	32
566	472	30	32
565	473	29	32
564	474	29	33
563	473	29	33
563	473	29	33
562	474	29	33
561	475	29	33
560	474	29	33
561	476	29	33
559	476	29	33
559	477	29	33
557	477	29	34
557	478	29	34
557	478	29	34
556	478	28	34
556	478	28	33
556	480	28	33
555	480	28	33
554	480	28	33
554	481	28	33
553	481	28	33
552	481	28	33
553	481	28	33
551	482	27	33
552	483	27	33
551	484	27	33
551	484	27	33
550	484	27	33
550	485	26	33
549	485	27	33
548	485	26	34
548	485	26	34
548	486	26	34
547	486	26	34
546	486	26	34
546	486	26	34
545	487	26	34
544	487	26	34
544	488	25	34
545	488	25	34
543	488	26	33
543	489	25	33
542	489	25	34
543	489	25	34
541	490	25	34
541	490	25	34
540	489	25	34
540	490	25	34
539	491	25	34
539	491	26	34
537	491	26	34
537	491	26	34
536	492	26	34
536	492	26	35
535	493	26	35
535	493	25	35
534	493	25	36
534	494	25	35
534	493	25	35
532	493	25	34
532	495	25	34
531	495	25	34
532	495	25	34
531	495	25	33
530	497	25	33
530	495	25	34
529	497	25	34
529	497	25	34
529	497	24	34
528	496	24	34
528	497	24	35
527	497	24	35
527	497	24	35
527	497	24	35
526	498	24	35
525	498	24	35
525	498	24	36
524	498	24	36
524	499	25	36
523	499	25	35
522	500	24	35
522	501	24	35
521	501	24	35
522	501	24	35
521	501	24	35
521	502	24	35
520	503	24	35
519	502	24	35
519	503	24	35
519	503	24	35
518	503	24	35
517	504	24	35
518	504	24	35
516	504	25	36
517	505	25	36
515	504	25	36
515	506	25	36
516	506	25	36
515	506	25	36
515	506	25	36
514	506	25	36
514	506	25	36
513	506	25	36
513	507	25	36
514	506	25	36
512	507	25	36
512	508	24	36
512	508	24	36
513	508	24	36
512	508	24	36
511	509	24	35
512	509	24	36
511	509	24	36
510	510	24	36
511	510	24	36
510	510	24	36
509	510	24	36
509	510	24	36
508	511	25	36
507	511	25	36
508	511	25	36
506	512	25	36
506	512	25	36
506	513	24	36
505	512	24	36
506	513	24	36
505	513	24	36
505	513	24	36
505	515	24	36
504	515	24	35
504	515	24	35
503	515	24	36
504	515	24	36
503	516	24	35
503	516	24	36
503	517	24	36
502	517	24	36
502	517	24	36
501	518	24	36
502	518	24	36
501	518	24	36
501	518	23	36
501	519	23	35
501	519	23	36
500	520	23	36
499	519	23	36
499	521	23	36
499	521	23	36
498	521	23	36
498	522	23	36
498	523	23	36
497	523	23	36
497	523	23	36
497	523	23	36
497	524	23	36
497	523	23	36
496	524	23	36
496	524	23	36
495	524	23	36
495	524	23	36
495	524	23	36
495	525	23	36
493	526	23	36
493	526	23	36
493	526	23	36
493	527	23	36
492	527	23	36
492	528	23	36
492	528	23	36
491	529	24	36
490	529	24	36
490	530	24	36
489	530	24	36
489	530	24	36
489	530	24	36
490	530	23	37
489	531	23	37
489	531	23	38
488	531	23	37
488	533	24	37
488	532	23	37
487	533	23	37
488	533	23	36
487	534	23	36
486	535	24	36
487	536	23	36
486	536	23	36
485	537	23	36
485	536	23	36
484	537	23	36
484	538	23	36
485	538	23	37
483	538	23	37
484	539	23	37
483	539	23	37
483	539	22	38
482	540	23	38
482	540	23	38
482	540	23	38
481	541	24	38
480	541	24	38
480	542	24	38
480	542	24	38
480	542	24	38
479	543	24	38
480	543	24	38
479	544	24	38
479	545	25	38
480	545	25	38
480	545	25	38
480	546	25	38
482	545	25	38
483	546	25	38
485	546	25	38
485	545	25	38
487	546	25	38
488	546	25	38
490	547	25	38
492	546	24	38
494	546	24	38
496	546	24	38
499	546	24	38
502	545	24	38
504	545	23	38
506	545	23	38
509	545	23	38
513	544	24	38
516	544	23	38
518	544	23	38
522	543	23	38
524	543	23	38
530	542	22	38
532	543	22	38
535	542	22	38
537	543	22	38
540	542	22	38
544	542	22	38
546	542	22	38
549	541	22	38
551	541	21	38
553	542	22	38
555	542	21	38
557	542	21	38
559	542	21	38
561	542	21	38
562	543	21	38
563	543	20	38
565	544	21	38
565	544	20	38
565	544	20	38
564	545	20	38
565	546	21	39
565	545	21	39
564	546	21	39
565	547	21	39
564	547	21	39
564	548	21	39
564	548	21	40
565	548	21	40
564	548	21	39
564	549	20	39
564	550	21	39
563	550	21	39
563	551	20	39
564	552	20	39
564	552	20	39
562	553	20	38
562	554	20	38
562	554	20	38
562	555	20	38
562	556	20	38
562	555	19	39
562	557	19	38
561	557	19	39
562	558	19	38
561	559	19	38
561	559	19	38
561	560	19	38
561	560	19	39
560	560	19	39
560	561	19	39
560	562	19	39
560	562	19	39
559	563	19	39
560	563	19	39
559	564	19	39
558	565	19	39
558	566	19	39
557	565	20	39
556	567	20	40
556	567	20	40
555	568	20	40
555	569	21	40
555	569	21	40
555	570	20	40
554	570	20	40
554	571	20	40
554	572	20	40
554	573	20	40
554	575	21	40
552	574	20	40
553	576	20	40
552	576	20	40
552	577	20	40
551	578	20	41
551	578	20	41
551	579	20	41
550	580	20	41
550	582	20	41
549	582	20	41
549	584	20	41
549	585	20	40
548	586	20	40
548	587	19	40
547	587	19	40
547	588	19	40
547	590	19	40
546	590	19	40
545	591	19	40
545	592	20	40
546	593	19	40
545	595	19	40
544	596	19	40
544	596	19	40
543	598	19	40
542	599	20	40
542	600	20	41
542	602	20	41
541	603	20	41
540	604	20	41
541	605	20	41
540	606	21	41
540	608	21	41
538	609	21	41
538	610	21	41
538	611	21	42
537	612	21	42
537	614	21	42
536	616	21	42
536	618	21	42
537	619	21	42
535	621	21	42
535	622	21	42
535	623	21	42
534	624	21	42
534	626	21	42
533	628	21	42
532	629	21	43
532	631	21	43
532	632	21	43
532	633	21	43
530	635	21	43
530	637	21	43
529	638	21	43
529	639	21	42
529	641	21	42
528	643	21	42
528	645	20	43
527	646	20	43
526	648	20	43
526	649	20	43
525	651	21	44
524	652	21	44
523	654	21	43
522	656	21	43
521	657	22	43
520	659	22	43
520	661	22	43
519	662	22	44
519	665	22	44
518	666	22	44
518	668	21	45
517	669	21	45
517	671	21	45
516	673	21	45
516	674	21	44
515	676	21	43
515	678	21	42
514	680	21	41
514	682	21	40
513	682	21	39
512	685	21	37
512	687	21	35
512	689	21	33
510	690	21	31
510	692	21	30
509	694	22	27
508	696	23	25
507	698	24	24
507	700	25	22
505	702	25	20
504	705	26	18
503	706	27	16
500	708	29	14
498	709	31	13
520	684	30	15
520	688	28	16
520	692	27	17
520	694	25	18
520	696	25	18
521	698	24	20
521	699	24	20
521	700	25	20
521	699	25	20
499	705	27	18
498	705	28	16
497	704	27	16
496	703	25	16
496	702	23	17
497	700	22	19
498	698	21	20
500	690	20	20
501	685	20	20
502	680	20	19
504	674	20	19
505	670	20	19
507	663	19	19
509	657	19	19
509	652	19	18
511	646	19	18
512	642	19	18
513	638	19	18
514	634	19	18
516	630	19	18
516	628	18	18
517	625	18	17
519	622	18	17
520	620	18	17
520	619	18	18
521	618	18	17
522	619	18	17
523	621	18	17
523	624	18	17
524	626	18	17
525	627	18	17
524	629	18	17
525	630	18	17
525	632	18	17
525	633	18	17
525	635	18	17
525	635	18	17
524	638	18	17
524	639	18	17
524	640	18	17
523	641	18	17
524	643	18	17
523	645	18	17
523	646	18	17
523	647	19	17
523	649	19	17
522	650	19	18
522	651	18	18
522	652	18	18
522	654	18	18
522	654	18	18
521	655	19	18
522	656	19	18
522	657	19	18
522	658	19	18
522	658	19	18
521	658	19	18
522	658	19	18
523	658	19	18
522	658	19	18
523	658	18	18
524	658	19	18
523	658	19	18
523	657	19	18
524	657	19	18
524	655	18	18
524	654	18	18
524	651	18	18
523	649	18	18
524	645	18	18
523	641	19	18
523	638	19	18
523	633	19	18
522	629	19	18
522	626	19	18
522	624	19	18
521	621	19	18
521	618	19	18
521	616	19	18
521	614	19	18
522	613	18	18
521	610	19	18
521	606	18	18
522	603	18	18
523	600	18	18
523	598	18	18
523	596	18	18
523	593	18	18
524	592	18	17
524	590	18	17
524	589	18	17
525	587	18	17
525	584	18	17
525	582	18	17
525	579	18	17
524	577	18	17
524	574	18	17
524	571	18	17
524	569	18	17
524	567	18	17
523	565	18	17
523	562	18	17
522	560	17	17
522	559	18	17
522	557	18	17
521	555	18	16
521	553	18	16
521	550	18	16
521	547	18	16
521	545	17	16
521	544	17	16
521	542	17	16
521	540	17	15
522	538	17	15
521	536	17	15
521	534	17	15
521	533	17	15
521	531	17	15
520	530	17	15
520	529	17	15
519	527	17	15
520	526	17	15
519	523	17	15
519	522	17	15
519	521	17	15
518	521	18	15
517	519	17	15
516	518	17	14
516	517	17	14
515	515	17	14
515	514	17	14
515	514	17	14
514	513	17	14
514	512	17	14
513	510	17	14
513	509	17	14
512	509	17	14
512	508	16	14
512	507	16	14
511	506	16	14
510	505	16	14
510	504	16	14
509	503	16	14
509	501	17	13
509	501	17	13
508	499	17	13
508	499	17	13
507	498	16	14
507	496	16	14
507	495	16	14
507	495	16	13
506	493	16	13
506	492	16	13
506	491	16	13
505	490	16	13
505	489	16	13
504	489	16	13
504	487	16	13
503	486	16	13
503	486	16	13
503	484	16	13
502	483	16	13
502	482	17	13
502	481	17	13
501	481	17	13
501	480	17	13
501	478	17	13
500	478	17	13
501	476	16	13
499	476	16	13
500	475	16	13
499	474	16	13
499	473	16	13
499	472	16	13
499	472	16	13
499	470	16	13
499	471	16	13
497	469	16	13
498	468	16	12
497	468	16	12
497	467	16	12
497	466	16	12
497	465	16	12
496	465	16	12
496	464	16	12
496	464	16	12
496	463	16	12
495	462	16	12
496	461	16	12
495	461	16	12
495	460	16	12
495	458	16	12
495	459	16	13
495	457	16	13
495	456	16	13
495	456	16	13
494	456	16	12
494	454	16	12
494	455	16	13
494	454	16	13
494	452	16	12
493	453	16	13
493	452	16	13
493	451	16	13
493	450	16	13
493	449	16	13
493	449	16	13
492	448	16	13
492	447	16	13
492	448	16	13
493	446	16	13
493	446	16	12
492	445	16	12
493	445	16	12
491	444	16	12
491	443	16	12
491	442	16	12
491	441	16	12
491	441	16	12
491	440	16	12
491	441	16	12
491	439	16	12
490	438	16	12
491	437	16	12
490	438	16	12
490	437	16	12
490	436	16	12
489	435	16	12
489	435	16	12
489	435	16	12
489	434	16	12
489	433	15	12
489	433	16	12
488	433	16	12
488	431	15	12
488	431	16	12
488	431	16	12
487	430	16	12
488	430	16	11
488	429	16	11
488	428	16	11
488	427	16	11
488	427	16	12
487	427	16	12
487	426	16	12
487	426	15	12
487	425	15	12
487	425	15	12
487	424	15	11
487	423	15	11
486	422	15	11
486	422	15	11
486	422	15	11
486	421	15	11
486	420	16	11
485	420	16	11
485	420	16	11
485	420	16	11
484	419	16	11
484	419	16	12
483	417	16	11
483	418	16	12
483	417	16	12
483	416	16	12
483	415	16	12
483	416	16	12
482	415	16	12
482	415	16	12
481	415	16	12
482	414	16	12
482	414	16	12
481	414	16	12
482	413	16	12
482	413	16	12
482	412	16	12
482	412	16	12
481	412	16	12
481	411	16	12
480	410	16	12
481	411	16	12
481	410	16	12
481	410	16	12
480	410	16	12
480	409	16	12
479	410	15	12
480	409	15	12
479	410	15	12
479	409	15	12
479	409	15	12
480	408	16	11
479	409	16	11
479	408	16	11
479	408	16	11
478	408	16	11
478	408	16	11
478	407	16	11
478	408	16	12
477	407	16	12
477	406	16	12
478	407	16	12
477	406	16	12
477	406	16	12
477	406	16	12
477	406	16	12
476	405	16	12
477	406	16	12
476	405	16	12
476	405	16	12
476	405	16	12
476	404	16	12
476	404	16	12
476	404	16	12
475	404	16	12
475	403	16	12
475	403	16	12
475	403	16	12
475	403	16	12
475	402	16	12
475	402	15	12
475	402	16	12
475	402	16	12
474	402	15	12
475	402	15	12
475	402	15	12
474	402	15	12
474	401	15	12
474	401	15	12
473	401	16	12
473	401	16	11
473	401	16	12
473	400	16	11
473	401	16	12
473	400	16	11
472	400	16	11
473	399	16	11
472	400	16	12
472	399	16	12
472	399	16	12
473	399	16	12
472	399	16	12
472	399	16	11
472	399	16	11
472	398	16	11
472	398	16	11
471	399	16	11
472	399	16	11
472	398	16	11
471	398	16	11
471	397	16	11
471	397	16	11
471	397	16	11
471	396	16	11
471	396	16	11
470	396	16	11
471	396	15	11
470	396	15	11
471	396	15	11
471	395	15	11
471	395	15	11
470	395	15	11
471	395	15	11
470	395	15	11
470	395	15	11
470	394	15	11
469	394	15	11
470	394	15	11
469	394	15	11
470	394	16	11
469	394	16	11
469	393	16	11
469	394	16	11
469	393	16	11
469	393	16	11
469	393	15	11
469	393	15	11
469	393	16	11
468	393	16	11
469	392	15	11
469	392	16	11
469	392	16	11
468	392	16	11
468	391	15	11
469	391	15	11
469	391	15	11
468	391	15	11
468	391	15	11
468	391	15	11
468	390	15	11
468	391	15	11
468	390	15	11
468	390	15	11
468	390	15	11
468	389	15	11
468	389	15	11
468	390	15	11
468	389	15	11
468	389	15	11
467	389	15	11
468	389	15	11
468	388	15	11
468	388	15	11
468	388	15	11
468	387	15	11
468	388	15	11
467	387	15	11
467	387	15	11
466	386	15	11
467	387	15	11
466	386	15	11
467	387	15	11
467	386	15	11
466	386	15	12
466	385	15	12
465	385	15	12
466	385	15	12
466	384	16	11
466	385	15	11
466	385	15	11
466	384	15	11
466	384	16	11
466	385	15	12
465	384	15	12
465	384	15	12
466	384	15	12
465	384	16	11
465	383	16	11
465	383	16	11
465	384	15	11
464	383	15	11
465	383	15	11
465	382	15	11
464	382	15	11
465	382	15	11
465	382	15	11
465	382	15	11
465	382	15	11
464	382	15	11
465	381	15	11
464	380	15	11
464	381	15	11
464	381	15	11
464	380	15	11
464	380	15	11
464	380	15	11
463	380	15	11
464	379	15	11
464	379	15	11
463	379	15	11
463	378	15	11
463	379	15	11
463	378	15	11
463	378	15	11
463	378	16	11
463	377	16	11
463	378	15	11
463	378	15	11
463	377	15	11
462	377	16	11
463	377	16	11
463	377	16	11
462	377	16	11
462	377	15	11
462	376	15	11
462	376	15	11
462	376	15	11
462	376	15	11
462	375	15	10
462	376	15	11
461	375	15	11
461	376	15	11
461	375	15	11
461	375	15	11
461	374	15	11
461	375	15	11
461	374	15	11
460	374	15	11
460	374	15	11
460	374	15	11
460	374	15	11
459	373	15	11
459	373	15	11
460	374	15	11
459	373	15	11
459	372	15	11
459	372	15	11
459	373	15	11
459	372	15	11
459	373	15	11
459	371	15	11
459	372	15	12
459	371	15	11
458	371	15	11
458	371	15	11
458	371	15	11
458	371	15	11
457	371	15	11
457	371	15	11
457	371	15	11
457	370	15	11
457	371	15	11
457	371	15	11
457	370	15	12
457	370	15	12
456	371	15	12
457	370	16	12
456	370	16	12
456	370	16	12
456	370	16	12
456	370	16	13
456	369	16	12
455	369	16	12
455	370	16	12
455	369	16	12
470	385	16	12
471	390	17	11
455	392	16	12
454	391	16	12
454	391	16	13
469	396	17	12
470	399	18	11
470	401	18	10
469	402	18	10
470	406	18	10
469	407	18	10
470	409	18	10
469	411	17	10
469	412	17	10
469	415	17	10
469	416	17	10
468	419	17	10
469	420	17	10
469	422	17	10
469	424	17	10
469	426	17	10
468	429	17	10
469	430	17	10
468	432	17	10
469	435	17	10
468	437	17	10
468	438	18	10
468	440	17	10
468	442	17	10
468	445	17	10
467	447	18	10
467	448	18	10
467	450	18	10
468	452	18	10
467	455	18	10
467	457	18	10
467	459	18	10
467	460	18	10
466	463	18	10
467	464	18	10
466	467	18	10
466	469	18	10
466	471	18	10
466	473	18	10
467	476	18	10
466	477	18	10
466	480	18	10
465	481	18	10
466	484	18	10
466	486	18	10
465	488	18	10
465	491	18	10
465	493	18	10
465	495	18	10
464	498	18	10
465	499	18	10
465	502	18	10
464	503	18	10
465	506	18	10
464	509	18	10
464	511	18	10
464	513	18	10
464	515	18	10
464	518	19	10
464	520	19	10
464	523	19	10
464	525	19	10
464	527	19	10
463	528	19	10
463	532	19	10
463	535	19	10
463	537	19	10
463	539	19	10
463	541	19	10
462	544	19	10
463	547	19	10
463	548	19	10
463	552	19	10
462	553	19	10
462	557	19	10
462	559	19	10
462	561	19	10
462	564	19	10
462	567	19	10
462	569	19	10
462	572	19	10
462	575	19	10
462	577	19	10
461	579	19	10
461	583	19	10
461	585	19	10
462	588	19	10
461	591	19	10
461	592	19	10
460	596	19	10
460	598	19	10
460	600	19	10
460	603	19	10
460	606	19	10
459	609	19	10
459	611	19	10
460	615	19	10
460	617	19	10
459	620	19	10
459	623	19	10
459	626	19	10
460	628	19	10
459	631	19	10
458	635	19	10
459	638	19	10
458	640	19	10
459	643	19	10
458	646	19	10
458	648	19	10
459	652	19	10
458	655	19	10
458	658	19	10
458	661	19	10
457	663	19	10
457	667	19	10
457	671	19	10
457	673	19	10
457	676	19	10
457	678	19	10
457	683	19	10
457	685	19	10
457	688	19	10
457	691	19	10
457	694	19	10
457	697	19	10
456	701	19	10
457	703	19	10
456	706	19	10
457	710	19	10
457	712	20	10
454	712	21	10
442	713	23	10
435	711	24	10
430	711	24	10
424	711	25	10
423	711	25	10
426	711	26	10
430	712	27	10
431	712	27	10
433	711	27	10
431	710	28	10
430	710	28	10
428	710	28	10
426	709	28	10
424	709	28	10
427	709	28	10
427	710	29	10
421	711	30	10
408	711	31	10
412	711	31	10
406	711	32	10
411	710	33	10
409	710	33	10
409	710	34	10
405	710	35	10
410	710	35	10
417	710	36	10
417	710	37	10
411	710	37	10
408	710	38	10
410	709	39	10
410	709	39	10
413	709	40	11
412	709	40	11
412	710	41	11
412	710	41	11
416	711	42	10
414	710	42	10
417	709	43	10
418	709	43	11
413	706	43	12
416	706	44	12
418	705	44	13
414	705	44	13
415	706	44	14
408	707	45	14
404	709	47	13
401	708	49	13
402	707	50	13
399	707	52	13
397	708	53	12
397	706	54	13
397	706	54	13
399	706	54	13
399	706	55	14
399	705	55	14
399	705	56	14
398	705	56	14
396	705	57	14
396	704	58	15
396	704	58	15
398	704	59	15
398	704	59	15
401	705	60	15
402	705	60	16
405	705	60	16
405	704	60	16
400	704	60	16
401	703	60	16
402	702	60	16
405	701	60	17
402	701	60	17
406	701	60	17
399	701	60	17
392	702	61	17
395	702	61	17
425	654	59	19
423	647	55	20
428	649	51	21
430	653	47	22
432	656	44	21
433	659	41	22
435	661	38	21
435	665	37	20
437	669	35	19
437	672	34	18
436	676	33	18
437	679	33	17
436	682	32	16
437	686	31	16
437	690	31	15
436	693	31	15
436	696	31	15
436	699	31	14
436	703	31	14
435	706	31	14
435	709	31	13
433	711	31	11
434	712	33	10
418	710	33	10
