723	314	63	143
721	314	64	144
720	316	65	144
719	316	66	146
718	316	66	147
719	316	66	149
718	317	66	149
718	316	65	150
718	315	65	151
719	314	64	151
719	314	64	150
719	313	63	150
721	312	63	149
720	311	62	146
720	311	61	142
721	311	60	140
720	312	60	138
721	313	59	138
720	314	58	139
720	314	58	140
719	315	58	141
718	315	58	142
716	315	57	143
715	316	57	145
713	316	57	146
713	316	57	147
711	315	56	147
710	314	56	147
709	314	55	147
707	313	55	147
706	313	55	147
705	312	55	144
702	312	56	142
700	312	57	140
699	313	58	138
696	314	59	137
696	315	59	137
695	316	60	137
694	317	60	138
693	317	60	139
691	318	60	141
691	319	60	142
691	319	60	143
690	319	60	145
689	319	60	146
690	317	59	146
689	318	59	146
688	318	59	146
688	318	59	145
688	319	58	144
689	317	58	143
689	317	57	140
688	318	56	137
689	319	55	135
688	319	55	134
688	321	54	135
688	321	54	136
687	321	54	137
687	322	53	138
686	323	53	139
685	323	53	140
684	324	53	141
683	324	53	142
683	323	52	142
682	322	52	142
681	322	52	142
680	322	52	141
679	321	52	141
678	320	52	139
676	320	53	137
675	320	54	134
674	321	55	132
673	322	56	131
671	323	56	130
671	323	57	131
671	324	57	132
670	324	57	133
670	326	57	134
670	327	57	135
670	325	57	137
670	326	57	137
670	326	56	138
671	326	56	139
672	325	56	139
672	326	56	139
673	324	56	139
673	325	55	138
674	324	55	136
674	325	54	133
675	325	54	130
675	326	53	128
676	328	53	128
676	326	52	129
676	327	52	130
676	327	51	131
676	328	52	132
676	328	51	133
675	329	52	134
675	329	52	135
674	329	51	136
673	329	51	137
674	328	51	137
673	328	50	137
672	327	50	137
672	326	50	136
671	326	51	135
670	326	52	132
669	326	52	129
668	327	54	127
667	328	54	126
666	328	55	126
666	329	55	127
666	330	56	128
666	331	56	129
666	332	56	130
666	331	57	132
667	333	57	132
667	332	57	133
667	332	57	134
669	332	57	135
670	332	57	135
670	331	56	136
671	332	56	135
672	331	55	134
672	332	55	132
673	332	54	129
674	331	54	127
675	332	53	124
676	333	52	124
676	333	52	124
676	334	51	125
676	335	51	126
676	335	51	127
676	336	51	129
676	336	51	130
676	336	51	131
677	336	51	132
676	336	51	133
676	336	51	133
675	334	50	133
675	333	51	134
675	333	50	134
675	332	51	133
674	332	51	132
673	332	52	129
672	333	52	126
672	335	53	125
671	337	54	124
672	340	54	125
671	343	55	125
672	347	55	126
672	348	55	127
672	350	54	128
673	352	54	130
673	353	54	131
674	353	55	132
675	352	54	133
675	352	55	134
676	351	55	134
677	349	55	134
677	349	55	134
678	350	54	133
680	348	54	132
680	348	54	129
682	349	53	126
682	349	53	124
683	351	52	124
684	352	52	125
684	352	51	126
685	352	51	128
685	352	51	129
685	352	51	130
685	353	52	131
685	353	51	133
685	353	51	133
685	354	51	134
685	353	51	134
685	352	50	134
685	352	51	134
683	351	51	133
684	350	51	132
683	350	52	130
682	351	53	127
681	351	54	125
681	352	55	124
681	353	56	124
682	353	56	125
681	354	56	126
683	355	56	127
684	355	56	128
683	356	56	130
684	355	56	131
685	355	56	132
687	354	56	133
688	354	55	134
688	353	55	134
689	353	55	134
690	352	55	133
691	352	54	132
692	352	54	129
694	352	53	127
694	353	53	124
695	355	52	123
696	356	52	124
696	356	51	125
696	356	51	126
697	358	51	127
696	358	51	128
696	358	51	129
697	359	51	130
696	359	51	132
697	359	51	132
696	358	50	133
695	357	50	133
695	357	50	133
695	358	50	133
694	357	50	132
693	356	51	130
692	357	52	128
691	358	53	125
690	358	54	124
690	360	54	125
689	360	55	125
689	362	55	126
689	362	56	128
690	362	56	129
689	363	56	130
689	364	56	131
689	365	56	133
690	365	57	134
690	366	56	135
691	365	56	135
691	365	56	135
692	365	56	135
693	364	56	135
694	364	55	134
694	365	54	131
696	365	54	128
696	366	54	125
698	366	53	124
698	368	53	124
698	368	52	125
698	369	52	126
698	369	52	127
698	370	52	129
698	370	53	130
697	370	52	132
697	371	52	133
697	371	52	135
697	371	51	135
696	371	51	135
695	370	51	135
695	370	51	135
695	370	51	134
693	369	52	133
692	370	52	131
692	369	53	128
691	370	54	126
691	370	55	125
690	371	56	125
690	371	56	126
689	372	57	127
689	372	57	128
689	372	57	130
690	373	57	131
689	374	57	132
691	374	57	133
691	374	57	134
692	374	57	135
693	374	57	135
693	373	57	135
693	373	57	135
693	373	57	134
694	373	57	133
696	372	57	131
696	372	56	127
697	373	56	125
698	373	56	123
699	375	55	123
700	375	55	123
701	375	54	124
701	375	54	125
702	375	54	127
702	375	53	128
702	375	53	130
702	375	53	131
701	374	53	133
702	373	53	133
702	372	53	134
702	371	52	134
701	371	53	134
701	371	53	134
700	369	53	133
700	367	53	132
700	367	54	130
699	366	54	127
699	366	54	125
699	367	54	123
699	367	54	124
699	367	54	124
699	365	54	125
700	367	54	126
700	366	54	127
701	366	53	128
701	366	53	129
702	366	53	131
702	365	53	132
703	364	52	133
703	364	52	134
705	362	52	134
705	361	51	134
706	360	52	134
706	359	52	134
706	357	53	131
706	357	53	128
705	356	54	126
706	357	54	124
704	358	56	123
703	359	56	123
704	359	57	124
704	358	57	125
702	358	57	126
703	358	57	127
704	358	56	128
704	358	56	129
704	357	55	130
704	357	55	132
705	356	54	132
705	355	54	133
705	354	53	133
705	353	52	133
705	352	52	133
704	351	52	133
703	350	51	132
703	348	51	130
703	347	51	127
702	347	51	124
703	348	51	122
703	349	50	121
702	350	50	121
703	349	50	122
702	351	50	122
703	350	49	123
703	351	49	123
703	352	49	124
704	352	49	125
704	353	49	125
704	354	49	125
704	355	49	126
704	356	49	126
703	356	49	127
704	358	50	126
704	358	50	126
705	358	50	124
705	359	50	121
705	358	50	119
705	359	50	118
705	360	49	118
705	360	49	118
705	360	49	119
705	360	50	120
704	362	50	121
704	362	50	122
704	364	50	122
703	364	51	123
702	366	51	123
702	366	51	123
701	367	51	123
700	369	51	124
700	371	50	124
699	372	50	124
699	372	50	123
698	372	49	120
698	373	49	118
698	374	49	116
697	374	49	114
697	375	49	114
696	375	49	115
696	376	50	116
695	377	50	117
695	378	51	117
694	378	51	118
694	378	51	119
693	379	52	120
693	381	52	120
692	381	52	121
692	381	52	121
693	383	53	122
692	386	53	122
692	386	53	122
692	386	54	121
691	387	54	120
691	388	54	119
692	388	54	117
691	388	54	116
691	390	53	115
691	391	53	116
690	392	54	117
691	391	54	118
690	392	54	119
690	393	54	120
690	394	54	121
689	394	54	122
688	397	53	122
687	399	53	122
687	400	53	123
686	401	52	123
685	403	52	123
684	404	51	121
683	405	51	118
682	406	50	116
682	408	50	115
681	407	50	115
680	408	50	116
679	409	51	117
679	409	51	118
679	411	52	119
678	410	53	120
678	412	53	120
677	413	54	121
676	413	54	123
676	415	55	123
676	417	55	124
676	418	55	124
676	420	56	124
677	421	55	123
677	422	55	122
678	423	55	120
680	423	54	117
680	424	53	116
681	425	52	115
682	427	52	115
682	427	52	116
682	428	52	117
683	429	52	118
683	431	52	119
683	431	52	120
682	433	52	121
682	435	52	121
681	437	52	122
681	438	52	122
680	440	52	121
680	441	51	121
679	442	51	120
679	444	51	117
678	446	51	115
678	447	51	114
678	448	51	114
678	448	52	115
678	450	52	116
678	450	52	117
678	452	52	118
678	453	52	119
678	454	52	120
679	456	52	120
679	457	52	121
679	458	52	122
679	460	51	123
680	462	51	123
681	464	51	123
681	466	51	123
681	467	51	123
682	469	51	122
683	469	50	120
684	472	51	118
684	471	51	116
684	474	51	116
684	475	51	116
684	477	51	117
684	477	51	118
684	479	52	119
684	480	52	120
684	482	52	121
683	484	52	122
683	487	53	122
682	489	53	123
682	490	53	123
683	493	52	123
683	496	51	123
683	498	51	122
683	499	51	120
682	500	50	117
683	502	50	115
682	504	50	115
683	505	50	115
683	507	50	115
683	507	50	116
683	509	50	117
684	511	50	118
684	512	50	119
684	513	50	120
684	515	51	121
684	518	51	121
685	520	51	122
686	522	51	122
687	524	51	123
687	527	51	122
688	527	51	122
689	529	51	119
689	531	51	117
690	532	51	114
690	533	51	113
691	535	51	113
691	537	52	114
691	538	52	115
691	538	53	116
691	540	53	117
691	541	53	118
691	543	54	119
691	545	54	120
691	546	54	121
691	547	53	121
691	550	53	122
692	551	52	122
691	553	51	121
692	553	51	120
692	553	51	117
691	554	51	115
692	554	51	114
692	555	52	113
691	556	53	113
690	557	54	114
690	558	55	116
690	558	55	117
690	558	56	118
690	558	56	119
691	559	56	120
692	559	56	122
693	560	56	122
693	560	56	123
693	561	56	124
694	561	56	124
695	561	56	123
696	560	55	121
697	562	55	120
698	561	54	117
699	561	53	114
699	561	54	112
699	562	54	111
699	563	56	112
698	564	57	114
698	564	58	115
698	565	58	117
697	565	59	119
698	564	59	121
698	564	58	123
698	564	57	125
698	563	57	126
698	562	56	128
698	561	55	129
697	559	55	129
698	559	54	128
698	558	54	127
698	558	54	125
697	557	54	122
697	557	54	120
696	557	55	117
697	557	54	115
696	558	54	115
696	560	54	116
696	560	54	117
695	561	54	119
695	560	54	120
695	562	54	122
696	561	54	124
696	561	54	126
696	561	54	128
696	561	54	129
695	560	55	129
696	561	55	128
696	561	55	127
696	560	55	126
697	559	55	124
698	560	55	120
698	561	55	117
697	563	55	115
699	564	54	115
699	565	54	116
698	566	54	117
698	566	54	119
699	566	54	121
698	567	53	122
698	568	53	124
697	569	52	126
696	569	52	127
696	569	51	127
695	569	51	126
694	569	51	125
692	570	51	122
691	570	52	119
690	571	53	117
689	573	54	115
687	574	55	114
686	576	56	115
685	579	56	116
685	579	57	117
684	580	57	118
683	581	57	120
683	582	57	122
683	584	57	123
683	584	58	125
683	585	58	125
683	586	58	125
685	587	57	124
685	587	57	123
686	588	56	121
686	589	55	119
686	591	54	117
686	593	54	116
685	594	54	116
685	597	53	116
685	599	53	117
684	601	53	117
684	602	53	117
683	604	53	116
682	606	53	115
681	608	53	113
679	609	53	111
677	612	54	109
674	615	55	106
674	618	55	104
672	619	56	102
671	621	56	100
668	621	56	99
667	622	57	98
667	624	57	97
665	625	57	96
666	625	57	95
664	628	57	94
664	628	57	93
664	630	57	91
663	633	57	89
662	634	57	87
663	637	57	85
661	639	58	83
661	642	58	80
661	644	58	78
660	646	58	76
660	648	58	74
660	650	58	72
660	651	57	70
660	652	57	69
660	654	57	67
660	656	57	65
659	657	57	64
658	659	57	62
658	660	57	61
657	662	58	60
655	663	58	58
654	665	57	56
653	668	58	54
653	670	57	52
652	672	57	50
650	675	56	48
649	677	55	45
648	679	54	43
648	681	53	41
647	683	52	39
647	686	52	37
647	687	51	35
646	689	50	33
648	690	49	31
649	692	47	29
651	694	47	28
640	694	47	28
647	696	47	27
657	698	48	27
646	700	49	25
643	701	50	24
642	702	51	23
647	702	52	22
646	701	53	22
640	703	53	22
641	701	53	22
650	703	53	22
665	703	53	21
670	704	54	21
671	703	54	21
670	700	54	21
669	700	54	21
667	700	54	21
665	701	54	21
662	701	54	21
647	701	54	21
643	701	55	21
637	701	55	21
631	701	55	21
624	700	55	21
621	701	55	21
620	692	55	21
621	691	55	21
622	689	55	21
622	684	55	21
622	681	55	21
611	678	55	21
611	677	55	21
611	675	55	22
610	673	55	22
610	669	54	22
608	665	54	22
597	663	54	22
595	661	54	22
595	660	54	22
595	659	54	23
594	661	54	23
592	670	54	23
591	669	54	23
590	669	54	23
589	668	54	23
588	677	54	23
589	691	54	24
587	694	54	24
587	695	54	24
586	697	55	24
586	699	55	23
590	702	56	23
592	703	56	23
592	697	56	23
591	696	57	23
592	696	57	23
591	694	57	23
589	693	57	23
586	690	57	23
585	688	57	24
579	691	57	24
571	694	57	24
558	698	58	24
555	698	58	23
555	699	59	23
552	700	59	23
550	700	59	23
548	701	60	23
544	700	60	23
544	700	61	22
542	700	61	22
535	699	61	22
530	697	62	22
523	695	62	22
518	696	62	22
511	699	62	22
491	699	62	22
469	695	62	23
442	685	58	26
446	677	46	35
451	668	36	44
454	658	30	53
457	648	25	62
458	643	23	68
463	607	21	72
464	591	20	77
466	571	18	82
467	550	17	86
469	537	16	91
470	511	16	96
470	492	16	100
471	474	16	103
472	455	16	105
472	438	16	106
473	414	17	107
472	396	17	107
474	381	17	108
473	369	17	110
474	363	17	111
474	351	17	111
474	348	17	111
474	346	17	111
475	346	17	112
476	345	17	112
476	345	17	112
476	346	17	112
477	346	16	112
477	346	17	111
476	345	17	110
477	347	16	109
476	347	17	109
477	348	16	109
477	349	17	109
476	349	17	109
476	351	17	109
476	352	16	109
476	352	16	109
476	352	16	108
477	353	16	109
477	353	16	108
476	353	16	109
476	354	16	109
476	354	16	110
477	354	16	111
477	354	16	111
476	353	17	109
477	354	16	109
477	354	16	109
477	354	16	109
478	355	16	109
478	355	16	108
479	354	16	108
479	356	16	108
478	356	16	108
478	356	16	107
479	357	16	108
478	357	16	108
479	358	16	108
479	358	16	108
479	360	16	108
479	360	16	108
479	361	16	108
479	362	16	107
479	362	17	107
479	365	16	108
478	366	16	109
479	367	16	109
478	368	16	108
478	369	16	108
478	371	16	108
478	372	16	108
479	373	16	109
478	376	16	109
478	376	16	108
478	379	16	108
478	380	16	108
478	381	16	108
479	383	16	108
477	384	16	108
478	386	16	108
478	388	16	108
478	390	16	108
478	391	16	108
476	393	16	108
477	396	16	108
477	397	16	108
476	398	16	108
477	398	16	108
476	402	16	108
477	405	16	109
476	406	16	109
476	409	16	109
476	411	16	109
476	412	16	109
476	417	16	109
476	419	16	109
476	423	16	110
476	424	16	110
476	426	16	110
476	431	16	109
476	434	16	109
477	436	16	110
477	439	16	110
477	441	16	109
477	447	16	110
477	447	16	110
477	452	16	110
478	454	16	111
477	458	16	111
478	462	16	111
478	463	16	111
477	467	16	112
478	469	16	111
478	471	16	111
478	476	16	110
478	478	16	111
479	479	16	111
479	483	16	112
478	484	16	112
478	489	16	111
479	490	16	111
478	495	16	111
479	496	16	111
478	499	16	111
479	504	16	111
478	505	16	112
479	507	16	112
479	509	16	112
479	511	16	112
478	518	16	114
479	519	16	114
479	520	15	114
479	522	15	114
480	525	15	114
478	528	16	114
479	532	16	114
478	535	16	114
478	537	16	115
478	539	16	115
479	543	16	114
478	547	16	116
477	554	16	121
476	559	16	126
477	554	16	123
476	558	16	124
475	560	16	125
476	561	17	124
476	563	17	123
475	567	17	123
475	570	17	123
475	573	17	124
475	575	17	125
474	580	18	126
473	582	18	127
472	585	18	129
471	586	19	129
471	588	20	129
470	590	20	129
469	591	20	128
469	595	20	126
468	596	21	125
467	600	21	123
467	601	21	121
466	606	22	117
465	610	22	114
465	613	23	111
466	614	22	108
466	618	22	105
467	619	21	103
466	624	21	99
466	625	21	96
467	629	21	94
466	632	20	91
465	635	20	88
466	638	20	85
466	641	20	82
465	643	19	79
466	645	19	77
466	648	19	74
466	650	18	72
466	653	18	69
466	655	17	67
466	657	17	65
465	659	17	63
465	661	17	60
467	663	16	58
466	666	16	56
466	668	16	54
466	670	15	52
465	674	15	49
464	676	15	46
465	678	15	44
464	681	15	42
464	684	15	39
464	687	15	36
463	688	15	34
461	690	16	32
461	692	18	30
459	695	19	29
456	699	24	26
452	701	28	24
446	703	34	21
446	704	38	19
455	705	39	18
463	706	40	17
463	706	40	17
463	706	40	17
463	707	40	17
459	705	41	17
456	706	41	17
455	707	41	17
453	707	41	17
452	707	41	17
451	706	41	17
450	707	42	16
449	708	42	16
440	705	42	16
438	707	42	16
427	706	43	16
422	706	43	16
418	706	43	16
415	706	43	16
412	706	43	16
411	707	43	16
411	707	43	16
411	705	43	16
411	706	44	16
412	707	44	16
414	707	44	16
413	705	44	15
410	706	44	15
409	707	45	15
406	706	45	15
401	705	45	15
398	705	45	15
396	707	45	15
392	706	46	15
388	708	46	15
377	707	46	15
371	708	47	15
367	707	47	15
366	707	47	15
365	707	47	15
364	707	48	14
361	709	48	14
358	705	48	14
355	707	48	14
352	706	49	14
351	707	49	14
349	707	49	14
348	707	49	14
347	707	49	14
344	706	49	14
341	707	49	14
330	707	50	14
328	707	50	14
328	707	50	14
326	707	50	14
324	708	50	14
323	705	50	14
323	706	50	14
323	706	50	14
322	707	50	14
322	706	50	14
321	706	50	14
320	707	50	14
320	706	50	14
319	704	50	14
319	705	51	14
319	706	51	14
318	706	51	15
328	705	51	15
329	706	51	15
328	706	51	15
325	705	51	15
320	704	52	15
317	704	52	15
317	704	52	15
320	705	52	15
319	705	52	15
320	706	52	15
321	706	53	15
337	708	53	15
340	709	54	15
323	705	54	15
319	706	54	15
317	706	55	15
317	706	55	15
318	706	55	15
319	707	55	15
319	706	55	15
322	707	55	15
322	705	55	15
325	707	55	15
333	705	55	15
333	706	55	15
344	706	55	15
347	707	56	15
351	707	56	15
351	706	56	15
351	707	57	15
349	705	57	15
348	707	57	15
344	707	58	15
332	705	58	15
335	706	58	15
330	706	58	15
333	708	59	14
324	707	60	14
326	708	62	13
322	708	63	13
315	708	64	13
315	709	65	12
315	708	67	12
317	708	68	12
316	709	68	12
309	708	69	12
306	709	70	12
307	707	70	12
309	710	71	12
305	709	71	12
305	707	72	12
306	709	72	12
302	707	72	12
301	710	73	12
289	707	73	12
286	708	73	12
281	708	73	12
276	707	73	12
276	708	73	12
269	706	74	12
267	707	74	12
265	707	74	12
264	707	74	12
261	706	74	12
260	707	74	13
256	707	74	13
254	706	74	13
252	707	74	13
252	707	74	13
251	707	74	13
252	707	74	13
254	707	74	13
253	707	74	13
255	707	74	13
255	707	74	13
253	706	74	13
229	707	74	13
195	705	73	15
176	704	71	16
161	702	71	16
161	702	73	17
156	701	74	18
151	700	73	19
157	699	73	20
157	698	74	21
166	697	74	22
155	695	75	23
158	695	76	24
167	692	74	26
167	690	74	28
176	689	74	29
183	688	70	31
186	686	63	33
190	684	57	35
193	684	53	36
195	682	50	37
195	682	48	37
196	681	47	38
197	680	46	39
198	679	46	40
198	678	45	41
199	677	45	42
199	675	45	43
199	674	45	45
200	673	44	46
201	671	43	48
201	669	43	49
202	669	43	50
202	667	43	52
203	666	44	53
204	666	44	53
206	666	45	54
207	664	46	55
208	663	45	56
209	663	43	57
210	661	42	58
212	661	41	59
212	659	40	60
215	658	40	61
214	657	40	63
216	655	40	64
216	654	40	65
217	653	41	67
219	651	41	68
219	652	41	68
221	651	42	69
222	651	42	69
223	651	42	70
224	651	42	70
225	650	42	71
226	649	43	71
226	648	43	72
226	647	44	73
227	646	43	73
228	645	42	74
228	644	41	75
229	643	41	77
229	642	41	77
232	642	42	78
232	641	43	79
234	640	45	79
234	640	46	80
235	640	47	80
236	640	47	80
236	639	46	81
239	638	44	81
240	638	43	82
242	635	40	82
243	634	38	83
244	633	37	84
246	632	37	84
247	631	37	84
248	631	37	84
249	631	38	85
250	630	38	86
251	630	39	87
252	630	39	87
251	629	39	88
253	630	40	89
254	629	40	89
254	627	41	89
255	627	41	90
255	626	41	90
257	624	40	89
256	623	39	88
258	622	38	86
259	622	37	85
259	622	37	84
260	623	37	85
262	623	37	85
263	623	39	86
264	623	40	86
266	624	40	87
265	624	40	88
267	624	39	89
268	623	37	89
269	623	36	89
270	622	34	89
272	620	34	88
272	620	33	86
274	619	33	84
274	619	33	83
275	619	34	82
276	620	35	82
276	620	35	83
277	621	36	83
278	622	37	84
277	623	38	85
278	623	38	86
278	625	38	87
279	624	39	88
280	623	39	88
280	623	38	88
280	622	38	87
281	623	37	85
281	622	36	84
282	622	35	83
282	622	34	82
283	623	34	82
283	624	34	82
285	625	35	83
284	627	36	84
285	627	37	85
285	628	36	86
285	628	35	87
287	628	34	87
287	628	32	87
288	628	31	86
289	627	31	85
291	627	31	83
290	628	31	82
291	628	32	80
292	629	33	80
292	630	34	80
292	632	35	80
292	632	35	81
292	634	36	82
293	634	36	83
292	635	36	83
292	636	36	83
292	635	37	83
293	637	37	82
292	636	37	82
292	637	36	82
292	636	36	81
292	637	35	79
293	636	34	78
292	638	34	78
292	639	33	78
292	640	33	78
293	641	33	78
293	641	33	78
293	642	34	78
293	643	33	77
294	644	33	77
294	644	32	76
295	644	31	76
296	644	31	75
297	644	31	75
297	644	31	75
297	644	31	75
298	645	31	75
299	645	31	74
298	646	32	74
298	646	33	73
298	647	33	73
299	648	33	72
298	649	34	72
299	650	34	71
299	649	34	71
299	649	34	71
300	648	34	71
299	649	33	71
299	649	33	71
299	649	33	70
299	650	32	70
299	651	32	69
300	652	32	68
299	653	31	68
300	654	31	67
300	654	31	66
300	655	31	65
301	656	31	65
300	657	31	64
301	657	30	63
302	658	30	63
302	657	30	62
302	658	30	62
302	658	30	62
302	658	31	61
302	659	31	61
302	659	32	62
302	659	33	61
300	659	34	61
302	660	33	61
301	660	35	60
299	661	36	59
301	662	36	59
301	663	36	58
302	664	36	57
302	665	35	57
302	665	34	56
302	666	34	55
301	666	33	55
301	667	32	55
301	667	31	54
301	667	31	54
300	668	30	53
300	668	30	53
301	669	29	52
300	670	29	51
300	670	28	50
300	672	28	49
301	672	27	49
301	673	27	48
300	675	27	47
302	675	27	46
302	675	26	46
303	676	26	46
303	676	26	45
304	676	27	45
304	676	27	45
304	676	28	45
305	677	28	44
305	678	29	44
305	677	30	43
305	679	30	43
306	679	30	42
307	680	30	41
306	681	30	40
307	682	31	39
307	683	31	38
307	683	31	38
307	683	31	37
306	683	31	37
307	683	31	37
307	682	30	38
308	680	29	39
309	680	28	40
309	678	28	41
310	677	27	42
309	676	27	44
311	676	27	45
311	674	27	45
311	674	27	46
313	672	26	47
313	672	26	47
315	671	26	48
316	670	26	49
317	668	26	51
318	667	26	52
318	666	26	53
319	665	26	54
321	664	27	56
321	663	27	57
322	662	28	58
322	661	28	59
324	660	28	60
324	659	28	60
325	659	29	61
326	658	29	62
326	657	29	62
326	657	29	63
327	655	29	64
328	653	29	65
328	653	29	66
329	651	28	67
329	650	28	67
330	648	27	67
331	647	27	67
331	646	26	68
332	646	26	68
332	646	25	69
334	645	25	69
335	644	25	69
336	644	25	70
336	643	24	71
337	642	24	71
339	641	24	71
339	640	24	71
341	639	25	71
341	638	24	69
342	636	24	68
344	635	25	67
345	635	25	67
345	634	25	66
346	633	26	66
347	633	27	66
347	633	27	67
348	632	27	67
349	631	27	67
349	632	27	67
350	631	27	68
350	630	27	68
350	629	27	68
351	628	27	68
352	626	27	67
352	625	26	66
353	624	26	65
352	623	25	64
354	623	25	64
355	623	25	64
355	622	24	64
356	622	24	65
356	621	24	65
356	621	24	65
357	622	24	66
359	621	24	66
359	620	23	66
360	619	23	67
360	618	23	66
362	616	23	66
362	616	23	65
363	614	24	64
364	614	24	63
364	614	24	63
365	613	24	63
366	612	24	63
366	612	24	63
367	612	24	63
368	612	24	64
367	612	24	64
368	612	24	64
368	611	24	65
369	610	25	65
368	609	24	65
369	608	24	64
369	607	24	64
369	606	24	63
370	605	24	62
370	605	23	61
371	605	23	61
371	604	23	61
372	605	23	62
371	604	23	62
372	604	23	62
373	604	23	63
373	604	22	64
374	604	22	64
375	602	22	64
375	603	22	64
376	601	22	64
377	600	22	63
377	599	22	62
378	599	22	61
378	598	22	61
378	599	22	60
379	598	23	60
380	599	23	60
380	598	23	61
380	598	23	61
380	598	24	61
380	599	24	62
381	598	24	62
381	597	24	62
381	596	24	63
381	596	24	62
381	595	23	61
381	593	23	60
381	593	23	60
381	594	22	59
382	594	22	60
381	594	22	60
382	593	23	60
382	594	22	60
382	593	22	61
383	594	22	61
383	593	22	62
383	593	22	62
384	592	22	62
384	592	22	62
384	592	22	61
385	591	22	60
385	590	22	59
385	590	22	58
386	590	22	58
386	590	22	58
387	589	22	58
387	590	22	58
387	589	22	59
387	590	22	59
387	589	22	59
387	589	22	59
388	589	22	60
387	589	22	60
387	588	22	60
387	587	22	60
387	586	22	59
387	585	22	58
387	585	21	57
386	585	21	57
387	585	22	57
387	584	22	57
387	584	22	58
386	584	22	58
386	584	21	59
387	585	22	59
387	584	21	60
387	584	21	60
387	583	21	60
387	583	21	60
387	583	21	59
388	582	21	58
388	582	21	58
388	581	21	58
389	582	21	57
388	582	21	57
388	582	21	57
388	582	22	57
388	582	22	57
388	582	21	57
389	582	22	58
388	582	21	58
388	582	21	59
387	582	21	59
387	582	21	59
386	581	21	59
386	580	21	59
386	579	21	58
386	578	21	57
385	578	21	57
385	578	21	57
385	578	21	57
385	579	21	57
384	579	21	57
384	579	21	58
383	579	21	58
384	579	21	59
384	579	21	59
384	579	20	59
384	579	20	59
384	578	20	59
384	577	20	58
383	576	20	57
383	576	20	57
383	576	20	57
383	576	20	57
382	575	20	57
382	575	20	57
382	575	20	57
381	576	20	57
381	577	20	57
381	576	20	57
380	576	20	58
379	576	20	58
379	576	20	58
378	575	20	58
377	575	20	57
376	574	20	57
375	574	20	56
375	574	20	56
374	573	20	56
373	573	20	56
372	574	21	57
