674	311	18	64
674	310	18	64
674	310	19	65
675	310	19	65
673	310	19	66
674	311	19	67
671	311	20	67
672	310	19	68
673	311	19	69
671	311	19	69
671	311	19	70
672	312	19	71
671	311	19	71
671	310	19	72
672	310	18	72
671	309	18	69
670	310	18	68
671	310	18	67
670	310	18	66
669	311	19	65
668	311	19	65
669	312	19	65
667	312	20	66
666	313	19	66
667	313	20	66
666	313	20	66
666	314	20	66
665	313	20	67
665	314	21	67
666	313	21	67
666	314	21	66
666	314	21	66
666	314	21	66
667	314	20	66
666	314	20	65
666	314	20	65
666	314	20	65
666	314	19	66
666	315	19	66
665	315	19	68
665	315	19	69
664	316	19	70
664	316	19	70
663	316	20	71
663	316	20	72
662	317	20	73
661	317	20	73
661	317	20	74
662	318	20	73
661	317	20	72
660	316	20	71
660	316	20	68
659	317	20	68
659	317	20	67
657	318	20	67
657	318	20	66
656	319	20	66
656	320	20	67
655	320	21	67
655	321	21	68
655	321	21	68
654	322	21	68
654	322	21	68
654	322	21	68
654	322	21	67
653	323	22	67
654	323	21	67
653	323	21	67
654	324	21	66
655	324	20	65
654	324	20	65
653	324	20	65
653	325	20	65
653	325	21	65
652	325	21	65
652	325	21	66
651	326	21	68
651	325	21	69
651	326	21	69
651	326	21	71
650	326	21	71
651	326	21	72
651	326	21	73
651	327	21	74
650	327	21	74
651	326	21	73
649	325	22	70
648	326	22	69
648	326	22	68
648	327	22	67
648	327	22	67
647	328	22	68
647	328	22	69
646	329	22	69
646	328	23	70
646	329	23	70
645	329	23	71
646	329	23	72
644	329	23	72
644	330	23	71
645	329	23	70
644	331	23	70
644	331	23	69
645	331	22	68
645	332	22	67
646	332	22	66
646	332	22	67
645	333	22	68
643	334	21	69
645	333	22	69
643	334	22	70
644	333	22	72
644	334	22	73
644	334	22	75
643	335	22	76
643	335	23	77
641	335	22	77
642	336	23	78
642	335	23	79
641	335	23	80
642	335	23	80
640	334	23	78
640	333	22	75
641	334	22	73
639	335	21	72
639	336	21	72
639	337	21	71
638	337	21	71
637	338	21	71
636	338	21	71
636	339	21	71
637	339	21	72
636	340	21	72
637	341	21	73
635	341	22	73
636	341	22	73
636	340	21	73
636	340	21	73
638	341	21	72
638	341	20	71
639	341	20	70
639	341	20	70
638	341	20	70
638	342	20	71
638	341	20	72
638	341	20	74
638	342	20	74
636	342	21	75
638	343	21	76
637	343	21	77
638	343	21	78
638	344	21	79
637	344	22	80
638	343	22	81
638	343	22	81
637	343	22	82
638	342	22	81
637	342	22	79
637	341	22	77
637	340	22	76
636	341	22	74
635	341	21	74
636	342	21	73
636	343	21	73
636	343	22	74
636	344	22	74
637	344	22	73
636	344	22	74
636	345	23	74
637	345	23	73
638	345	22	73
638	345	22	72
639	344	22	71
639	344	22	70
640	345	22	69
641	345	21	70
641	345	21	70
641	345	21	71
640	345	21	71
642	345	20	72
639	345	21	73
642	346	21	74
642	346	21	75
643	346	21	76
640	347	21	76
643	347	22	77
641	346	22	78
643	346	23	80
641	345	23	81
643	345	23	81
643	345	23	82
642	344	23	82
644	343	23	82
643	343	23	81
643	342	23	79
643	342	22	78
643	343	22	77
644	343	21	76
644	343	22	75
645	344	22	75
644	345	22	74
643	345	23	74
644	345	23	74
644	345	24	73
644	345	24	73
646	345	23	73
646	344	23	72
648	343	22	71
647	343	21	70
649	344	21	70
648	343	21	71
648	344	21	73
649	343	21	74
649	343	21	75
649	343	21	76
650	343	21	77
650	343	22	78
649	342	22	79
650	343	22	80
651	343	23	81
650	342	23	82
651	342	23	83
651	342	23	84
651	341	24	85
650	341	24	86
651	339	23	85
652	340	23	85
651	338	23	83
652	338	22	81
651	338	22	78
652	339	22	77
652	340	22	76
652	340	21	76
652	341	22	75
652	341	22	75
652	342	22	75
652	342	23	74
653	342	22	73
653	343	23	73
654	342	22	72
656	342	22	71
657	342	21	70
658	342	21	69
658	342	20	69
659	342	20	69
660	342	21	69
657	343	21	71
659	342	21	71
659	341	20	72
660	342	21	73
660	341	21	75
660	341	21	76
659	341	21	76
660	341	22	77
661	342	22	79
660	342	22	81
660	341	23	83
660	341	23	84
660	341	24	85
661	340	24	84
661	340	23	84
661	339	23	82
660	338	22	81
660	338	23	78
661	339	22	77
660	339	22	76
660	339	22	75
660	340	22	75
661	341	23	75
660	341	23	74
659	341	24	74
661	342	24	74
660	342	24	73
661	341	24	73
662	341	23	72
663	340	23	72
664	340	22	72
663	340	22	72
665	338	21	72
666	338	21	72
664	339	21	73
664	339	21	74
665	339	21	75
663	339	22	75
664	340	22	76
663	340	22	77
663	340	22	78
663	340	23	78
662	340	23	79
662	340	24	80
662	339	24	80
660	340	24	81
661	339	24	81
661	338	24	81
658	337	24	80
658	336	24	78
657	336	24	76
657	337	24	74
655	337	23	73
656	337	23	72
655	338	23	72
655	339	23	72
654	339	23	72
653	339	23	72
652	339	23	72
652	339	23	72
651	339	23	71
650	338	23	71
650	337	23	71
651	337	22	70
649	338	22	69
651	337	21	69
648	337	21	68
650	337	21	68
649	336	21	68
647	336	21	69
647	335	21	70
646	336	21	72
647	336	21	74
644	335	21	75
644	335	21	76
644	335	21	77
643	335	21	79
642	334	21	79
642	333	21	79
640	332	21	79
641	331	21	79
639	331	21	78
639	329	21	77
637	329	20	74
638	329	20	73
636	328	20	73
636	329	20	71
634	329	20	71
634	329	20	71
632	329	20	71
632	329	20	71
632	330	21	72
631	329	21	72
630	329	22	72
629	329	22	72
628	330	22	71
628	328	21	71
630	328	21	71
628	327	21	71
629	327	20	71
628	326	19	70
628	325	19	69
628	325	19	68
627	325	20	69
627	326	20	70
627	326	20	71
626	326	20	73
626	326	20	75
624	325	21	75
624	325	21	76
624	326	21	76
622	324	21	76
623	324	21	76
622	324	21	75
622	322	21	75
621	322	20	74
621	322	20	73
622	321	20	71
620	321	20	70
620	321	20	69
618	321	20	69
618	321	20	68
618	322	20	68
617	322	20	69
617	321	20	69
617	322	20	69
616	322	21	69
616	322	21	69
615	322	21	69
616	322	21	69
616	321	21	68
617	321	20	68
616	320	20	67
617	320	20	67
616	320	19	67
615	319	19	67
615	319	19	67
616	320	19	69
616	320	18	70
615	319	19	72
615	319	19	73
613	319	19	74
613	319	19	75
613	319	19	76
613	319	20	76
612	319	20	76
611	318	20	76
611	318	20	76
611	318	20	75
611	316	20	74
609	316	20	72
611	317	19	71
608	316	20	69
609	317	20	68
607	317	20	68
607	318	20	68
607	318	20	68
606	317	20	68
606	318	20	69
605	318	20	69
604	318	21	69
603	318	21	69
604	319	21	68
603	318	21	68
605	317	21	67
604	317	20	66
605	317	20	66
604	317	20	66
604	317	20	65
604	317	20	64
603	317	20	64
603	317	20	65
602	317	20	66
602	317	20	66
601	317	20	68
601	317	21	68
600	317	21	69
599	317	21	70
599	317	21	70
600	317	20	71
599	316	20	72
599	316	20	73
598	316	20	73
598	316	20	73
596	315	21	71
597	315	21	69
596	315	21	69
595	315	21	68
594	316	21	67
595	316	21	67
594	317	21	68
594	317	21	68
593	317	21	68
594	318	21	68
592	318	21	68
593	318	21	68
593	319	22	68
591	318	22	68
593	318	22	68
593	318	21	67
594	318	21	67
594	317	21	68
593	316	21	68
593	316	20	67
593	316	20	67
594	317	20	68
592	316	20	69
594	317	20	69
591	317	21	70
593	317	21	71
591	317	21	73
593	317	22	74
589	317	22	75
591	317	22	75
591	317	22	76
589	316	23	76
591	315	22	76
588	316	23	76
590	314	22	75
588	313	22	73
589	312	22	73
586	312	22	72
588	312	22	71
586	313	22	71
587	314	22	70
586	314	21	71
585	315	21	71
586	315	22	71
585	316	22	70
584	316	23	70
584	317	23	70
583	316	24	69
585	317	24	70
585	316	23	70
586	315	23	70
585	315	23	70
584	315	23	69
585	314	22	68
585	314	22	68
586	316	22	69
585	315	21	71
585	315	21	73
585	315	21	75
584	314	22	75
584	315	22	76
583	315	22	77
584	315	23	77
583	315	23	78
583	315	23	79
582	314	24	79
583	314	24	80
582	313	24	79
583	313	24	79
582	312	23	77
582	312	23	76
581	312	23	74
581	312	22	73
580	313	22	72
580	314	22	71
580	314	21	72
579	315	22	72
579	314	22	73
579	314	22	73
579	314	22	74
579	315	23	75
580	314	23	75
580	314	23	74
582	315	22	74
581	314	22	74
582	314	21	73
582	315	21	72
583	314	21	71
582	314	20	72
583	315	20	73
582	315	20	75
581	315	21	76
582	315	22	78
580	316	22	78
580	316	23	79
579	315	23	80
581	315	23	80
579	315	23	80
580	314	23	80
579	314	23	80
579	314	23	78
579	314	22	78
580	314	22	77
579	313	22	75
578	314	22	73
577	314	22	72
578	313	22	71
577	314	22	71
577	314	22	71
577	315	21	71
577	315	22	72
577	315	22	73
576	315	22	73
577	315	22	73
577	316	23	72
577	315	23	72
577	315	23	71
579	315	22	71
580	314	21	71
580	314	21	70
580	313	20	70
580	313	20	69
581	314	20	71
580	314	20	73
580	314	20	75
581	314	21	77
579	314	21	78
580	313	22	79
579	313	22	80
578	313	22	80
579	313	22	80
579	312	22	80
580	312	22	79
579	312	22	79
579	311	22	78
580	310	22	77
580	310	21	75
579	309	21	73
580	309	21	71
578	309	21	70
578	309	22	70
578	309	21	70
577	308	21	70
578	309	21	71
577	308	22	71
578	309	22	72
577	309	23	71
578	309	23	71
577	309	24	71
577	309	23	71
579	308	23	71
578	308	22	70
579	307	21	70
580	306	21	70
581	305	20	70
581	305	20	70
581	306	20	72
581	305	20	74
581	306	20	76
581	304	20	77
581	304	20	78
581	302	21	79
580	302	21	80
580	302	22	80
580	301	21	81
581	301	22	79
580	300	22	78
581	300	22	77
580	300	21	76
580	300	21	75
580	298	21	73
580	297	21	71
579	297	21	69
579	297	20	69
578	298	20	68
578	298	20	68
577	297	20	68
579	297	20	68
578	297	21	68
579	297	21	68
577	297	22	68
577	297	22	68
578	297	22	68
578	296	23	68
578	296	23	68
579	294	23	67
580	293	22	66
580	293	22	66
580	293	21	65
579	294	21	65
580	294	21	66
578	294	21	67
580	294	21	67
578	294	21	68
579	293	21	70
579	293	21	72
580	293	21	73
579	292	21	74
579	291	21	74
578	291	21	74
580	291	21	73
577	291	21	73
580	291	21	72
579	290	21	71
579	290	21	69
579	290	21	68
579	290	20	67
579	291	21	67
578	291	21	67
578	291	21	67
577	292	21	68
578	292	21	68
577	293	22	68
577	292	22	69
577	293	22	69
577	293	23	69
576	292	23	69
577	293	23	69
578	293	24	69
579	293	23	69
579	293	22	69
580	292	21	68
581	292	20	67
582	292	19	67
582	291	19	67
582	292	19	68
582	293	19	70
583	293	19	71
582	291	20	72
582	291	20	73
582	292	21	74
582	292	21	75
582	292	21	75
582	292	21	75
582	291	22	74
582	291	21	74
584	292	21	74
584	291	21	73
584	291	20	72
584	290	20	70
584	291	20	69
585	292	20	69
584	292	20	68
584	293	20	69
584	293	20	69
584	293	20	70
585	294	20	70
585	294	21	71
585	295	21	71
585	294	22	71
585	295	22	71
585	296	22	71
586	296	22	71
587	296	22	70
588	295	21	70
590	296	20	70
590	295	19	69
592	295	19	69
591	296	19	69
592	298	18	70
592	298	18	71
593	298	19	74
594	299	19	75
594	299	19	76
592	299	19	76
594	300	20	76
594	300	20	76
595	300	20	75
595	301	20	75
596	300	20	75
596	301	20	75
597	301	20	74
596	300	20	72
597	302	19	71
597	302	19	70
596	303	19	69
598	304	19	69
597	305	20	70
597	306	20	71
598	305	20	71
598	307	21	71
599	307	21	71
600	308	22	72
600	308	22	72
600	308	23	72
601	309	23	72
603	310	23	72
603	309	22	71
605	309	22	71
606	310	21	70
607	311	19	70
609	310	19	69
609	311	19	69
610	312	19	70
610	312	19	70
611	314	19	72
611	314	20	73
611	315	20	74
611	314	21	75
612	315	21	76
612	316	21	75
613	316	21	75
613	316	21	74
615	316	21	74
616	316	21	73
616	317	21	71
616	317	20	70
617	318	20	70
617	317	20	70
617	318	20	70
617	318	20	70
617	319	21	70
617	320	21	71
617	321	21	71
618	321	22	72
618	322	22	72
618	322	23	72
618	323	24	73
618	323	24	73
618	323	24	72
619	323	24	72
621	323	23	71
621	323	22	70
620	324	21	70
623	324	21	69
622	324	20	68
623	324	20	68
622	325	20	69
623	326	21	70
623	326	20	71
623	327	20	72
623	327	21	73
622	328	21	74
622	327	21	74
623	328	21	74
622	328	21	73
623	328	21	73
623	328	22	73
623	328	22	72
624	328	21	72
624	328	21	71
624	329	21	70
624	328	21	69
624	329	22	69
623	329	22	69
623	330	22	70
623	331	22	70
623	331	22	70
624	332	22	70
624	332	23	71
623	332	24	71
623	332	24	71
623	332	25	71
624	332	25	71
624	333	25	70
626	332	24	70
625	332	23	70
627	332	23	69
626	332	23	69
628	332	22	69
626	333	22	70
627	334	21	71
627	334	21	73
627	334	22	75
626	333	22	76
626	333	22	77
626	333	23	77
625	333	23	77
626	333	24	76
626	334	24	76
624	333	24	76
625	333	24	75
625	333	24	75
626	333	23	74
625	333	22	73
625	333	22	71
625	334	22	70
625	334	22	70
626	335	22	70
624	334	22	70
624	335	22	71
625	335	22	71
624	335	23	72
624	336	24	72
625	336	24	72
624	336	25	72
623	336	25	72
624	336	25	71
625	335	25	71
626	335	24	70
626	335	23	70
628	335	22	70
628	334	22	70
628	335	21	69
628	335	20	70
629	336	20	71
629	336	21	72
628	336	21	73
628	335	21	75
628	335	22	75
627	334	23	75
628	335	23	76
628	333	23	75
627	334	23	75
628	335	23	75
629	335	23	74
629	334	23	75
628	334	22	74
629	334	22	72
628	333	22	71
628	334	22	70
628	334	22	69
628	334	22	69
629	335	22	69
628	335	22	70
629	336	22	70
629	336	23	71
628	336	23	71
628	335	24	72
629	336	24	72
629	336	24	71
630	336	24	71
630	336	23	70
632	336	22	70
632	335	22	70
633	333	21	70
634	333	21	69
633	333	20	68
633	334	20	69
634	335	21	69
634	334	21	71
633	334	21	72
634	334	22	73
632	334	22	74
634	334	22	73
633	333	22	73
634	334	22	73
634	333	22	73
634	333	22	72
634	333	22	73
635	332	22	72
635	332	22	71
635	332	22	70
635	331	21	69
635	332	22	68
635	332	22	68
635	332	22	68
634	332	22	68
634	333	22	69
635	333	23	69
635	333	24	69
634	333	25	70
634	333	25	71
633	332	25	70
634	332	25	70
635	331	24	70
635	331	23	69
637	331	23	69
638	330	22	68
639	330	22	68
639	329	22	67
639	329	22	67
639	329	21	67
639	329	21	68
639	330	21	69
640	330	21	69
638	331	20	69
639	331	20	70
639	330	19	70
639	329	19	71
640	329	19	71
639	328	19	72
638	327	19	72
640	325	19	71
641	324	19	70
644	324	18	69
646	326	18	70
647	324	18	69
646	323	18	68
645	324	18	68
645	325	19	68
644	325	19	68
644	325	20	68
642	325	21	68
642	325	22	68
642	325	23	68
642	325	23	69
643	324	24	68
643	325	24	69
644	324	24	69
645	323	23	68
647	324	23	67
647	323	22	67
647	323	22	67
647	323	21	67
647	322	21	67
648	322	21	67
647	323	21	68
648	322	21	69
649	322	21	71
649	321	21	71
649	321	21	72
649	320	22	71
650	321	22	71
649	321	22	71
650	320	21	70
650	320	22	70
650	319	22	70
651	319	21	70
651	318	21	69
652	317	20	68
652	317	20	68
652	317	20	67
652	317	20	67
652	317	20	67
653	317	20	67
652	317	21	68
653	316	21	69
653	317	21	69
652	316	22	69
652	316	23	69
652	315	23	69
654	315	23	69
653	314	24	69
654	314	23	69
655	313	23	69
657	312	22	69
658	311	21	69
659	311	21	69
658	310	21	68
660	312	20	69
659	311	20	70
660	311	20	72
661	310	21	73
661	310	21	73
661	309	21	74
660	309	21	74
661	309	22	73
661	309	21	73
661	308	21	73
662	309	22	72
662	307	22	73
662	307	22	72
663	308	21	71
663	307	21	70
663	306	21	69
663	307	21	68
664	308	21	68
663	307	21	68
663	308	21	68
664	307	21	68
664	308	21	69
664	308	21	69
664	307	21	69
664	307	22	69
665	307	22	69
665	307	23	69
665	306	23	69
666	306	23	69
667	305	22	68
668	304	22	68
668	304	22	67
669	304	21	66
667	303	21	66
669	304	21	67
669	304	21	67
669	304	21	69
669	303	21	70
668	303	21	71
669	303	21	71
668	302	22	71
668	302	22	71
668	303	22	70
668	302	21	69
667	302	22	69
667	302	21	69
668	302	21	68
668	301	21	67
667	301	21	66
668	301	21	66
667	300	21	65
667	301	21	65
666	301	21	65
666	300	21	66
666	300	21	66
666	300	22	66
666	301	22	66
665	301	23	67
665	301	23	67
664	300	23	67
664	299	23	67
664	299	23	67
664	299	23	67
665	299	23	67
666	299	23	67
667	299	22	67
667	298	22	67
668	298	22	68
667	298	22	68
667	298	22	70
667	296	23	71
667	297	23	72
666	297	23	72
666	296	23	72
666	295	23	72
666	296	24	71
666	295	24	72
665	295	24	72
665	296	23	71
665	295	23	72
665	296	23	71
664	296	23	70
664	296	23	68
664	296	23	67
664	295	22	66
662	296	23	66
663	296	23	66
661	297	23	67
661	296	23	68
661	297	23	69
660	297	24	70
660	297	23	70
660	298	23	71
659	297	24	71
659	297	24	72
659	296	24	73
659	296	25	74
659	295	25	75
659	295	25	75
657	294	25	75
658	294	24	75
658	294	24	74
657	294	24	74
658	294	24	75
657	294	24	76
656	295	25	77
655	296	25	79
653	296	26	81
652	296	27	82
651	295	28	83
647	295	29	84
648	294	30	84
648	293	30	85
648	293	29	85
648	293	29	86
648	292	28	85
648	292	27	86
647	292	27	87
647	291	27	88
647	291	27	89
647	291	27	90
646	291	27	91
645	291	27	91
645	290	27	92
646	291	28	92
643	289	28	89
644	289	28	87
644	288	28	85
643	288	27	80
643	288	27	77
642	289	26	74
642	289	25	72
643	289	25	70
643	288	24	69
644	289	23	67
644	288	23	66
644	289	22	66
644	289	22	66
645	290	22	66
645	290	21	66
645	290	21	67
644	290	21	67
645	290	21	68
644	290	21	68
645	290	21	68
645	291	21	69
645	291	22	71
646	290	22	71
646	290	22	72
645	290	22	72
646	288	22	71
645	288	22	70
645	288	22	69
646	288	22	68
647	288	21	67
647	289	20	68
648	290	20	68
648	289	20	68
648	290	20	68
648	290	20	69
648	291	21	69
648	290	21	69
648	291	21	69
650	290	22	70
649	291	22	71
650	290	22	70
650	290	22	69
650	289	22	68
651	289	22	67
652	291	21	69
651	291	21	71
652	291	22	73
652	291	22	74
652	291	23	76
652	292	23	77
652	292	24	78
652	291	24	78
652	290	24	79
650	291	24	78
652	290	24	77
651	290	24	76
651	289	24	76
651	289	23	75
651	289	23	74
652	288	22	72
651	288	22	70
652	287	22	69
652	288	21	67
652	288	21	67
652	289	21	67
652	290	21	67
652	290	21	68
652	290	22	68
652	290	22	68
652	290	23	68
651	290	23	69
651	290	24	69
651	290	24	69
651	290	24	70
651	289	24	70
654	289	24	69
653	288	24	69
654	289	23	70
654	290	23	72
654	291	23	73
654	291	23	75
654	291	23	77
654	291	23	78
654	290	24	80
653	290	24	81
654	289	25	81
653	290	25	81
653	289	25	80
654	289	25	79
653	289	25	77
653	289	24	76
653	289	24	74
653	289	23	73
653	288	23	71
653	288	22	70
653	289	22	68
653	289	22	67
652	290	22	66
652	290	22	66
653	290	22	66
653	291	22	67
651	291	22	67
651	291	22	67
651	291	23	68
651	292	23	68
651	291	23	68
651	292	23	68
651	291	23	68
652	291	23	68
652	291	23	68
653	290	23	68
653	289	23	67
653	291	22	69
653	290	22	70
653	291	22	71
653	292	22	74
652	291	22	75
652	291	23	77
652	291	24	78
651	290	24	78
650	290	24	78
650	290	24	77
650	289	24	75
649	289	24	74
649	289	24	74
649	288	24	73
649	288	24	72
649	288	24	71
649	288	24	69
648	288	24	68
647	289	23	68
646	289	23	67
647	289	23	67
647	289	23	68
646	290	23	68
646	290	23	68
647	290	23	68
645	290	23	69
647	290	23	69
645	291	23	69
645	290	24	70
644	290	25	70
644	290	25	70
645	290	25	71
645	290	25	71
644	290	25	72
643	291	25	73
642	291	25	75
643	291	25	77
643	291	25	79
642	290	26	79
641	290	26	79
641	290	26	79
640	290	27	78
641	290	27	78
639	291	26	76
639	291	26	74
639	290	25	73
638	289	25	71
638	290	24	71
638	288	23	70
637	290	23	70
637	288	22	69
637	288	22	68
637	288	22	68
636	289	22	67
635	289	22	67
635	289	22	67
636	290	22	68
635	290	21	68
635	291	21	69
634	290	22	69
634	291	22	70
634	290	22	69
634	290	23	69
634	290	22	69
633	290	23	69
634	290	23	69
634	291	23	69
633	290	23	70
633	292	23	72
634	292	23	75
633	292	23	77
632	291	24	78
633	291	24	79
631	291	24	79
630	290	24	78
630	290	24	78
629	290	25	76
630	290	24	75
630	291	24	74
629	291	24	73
628	291	24	73
629	290	23	72
629	290	23	71
629	290	23	70
629	290	22	70
629	290	22	69
628	291	21	68
629	291	21	68
629	292	21	67
629	292	21	67
629	293	21	68
628	293	21	68
627	292	21	68
628	293	22	68
627	292	23	68
627	293	23	68
627	293	23	68
628	293	23	68
627	292	24	68
628	292	24	67
629	291	24	67
629	291	24	67
630	291	24	67
630	293	23	70
630	292	23	70
630	292	23	71
630	292	23	71
630	292	23	71
630	292	23	71
630	292	23	71
630	293	23	72
629	293	23	72
630	293	23	72
630	292	23	70
630	291	23	70
631	292	23	70
632	292	22	69
632	291	22	68
633	290	21	66
633	290	21	66
633	291	21	66
634	291	21	66
634	290	21	66
634	290	21	67
634	290	22	67
634	290	22	68
634	289	22	68
634	289	23	68
634	289	24	69
633	289	24	69
634	289	25	69
635	289	25	68
635	289	25	68
636	288	25	67
637	289	24	68
638	288	24	68
639	290	23	72
640	290	23	75
640	289	23	78
640	288	23	79
640	287	23	79
640	287	23	79
641	287	24	79
640	286	24	77
640	286	24	75
640	286	24	74
640	286	24	73
640	287	24	73
640	286	23	71
640	286	23	71
640	286	22	70
640	286	22	69
641	285	21	68
641	286	21	68
641	285	21	67
641	286	20	67
641	286	20	67
641	286	20	67
641	286	20	67
641	286	21	68
642	286	21	68
641	286	22	68
641	287	23	69
640	286	24	69
640	286	24	70
640	286	25	71
641	286	26	72
640	286	26	72
642	286	26	72
643	286	26	73
644	286	25	75
644	286	25	76
644	286	24	77
645	284	24	78
645	284	24	78
646	284	24	77
645	284	24	75
645	283	24	74
645	284	24	73
644	285	24	73
645	285	23	72
645	285	23	72
644	286	23	72
646	285	23	72
646	284	22	71
646	284	22	70
646	284	22	69
645	284	22	68
647	284	21	67
647	284	21	67
647	285	21	66
648	285	20	66
648	285	20	67
648	286	21	67
649	286	21	67
648	286	22	67
648	286	22	68
648	286	22	68
648	286	23	68
650	286	23	68
649	287	23	69
650	286	23	70
651	285	23	69
652	285	23	69
653	285	22	69
654	287	22	72
653	286	22	73
653	286	22	73
654	286	22	73
654	286	22	72
654	286	22	72
654	287	22	72
654	287	22	71
655	287	22	71
655	288	23	71
654	288	23	70
655	288	22	71
655	288	22	71
656	288	22	70
657	288	22	70
657	286	21	68
658	287	21	68
657	288	21	68
658	287	20	67
658	288	20	67
658	289	20	67
658	289	20	67
658	289	20	68
658	290	21	68
658	290	21	69
658	290	22	69
657	289	23	69
657	290	24	70
658	291	24	72
659	290	25	72
659	291	25	74
660	291	25	74
661	291	24	75
662	291	24	76
661	290	24	76
662	290	25	77
661	289	25	77
661	289	25	76
661	290	25	74
660	290	25	73
661	290	25	73
660	291	26	73
659	292	25	73
660	292	25	72
660	291	25	73
661	292	25	73
660	293	25	74
660	291	25	73
660	291	24	73
660	291	24	71
660	291	24	69
660	291	23	68
660	292	23	68
661	292	22	67
661	293	22	67
661	294	22	67
660	295	22	66
661	295	22	67
661	295	23	67
661	296	23	67
661	295	23	67
660	295	23	67
661	295	23	68
661	294	24	69
661	294	23	69
662	292	23	67
663	292	22	67
663	292	22	66
664	293	21	67
664	293	22	66
665	294	22	67
664	295	22	68
663	295	22	68
663	295	22	69
663	295	23	69
663	295	24	69
662	295	24	70
662	294	24	70
661	295	24	70
662	295	24	70
662	294	24	71
662	294	24	70
663	293	24	69
661	294	24	68
662	294	24	67
661	294	24	66
661	294	24	66
661	296	24	65
661	295	23	66
660	295	24	66
661	297	24	65
660	296	24	65
659	296	24	66
659	295	24	67
659	293	24	69
659	292	23	72
659	293	24	74
660	291	24	77
660	290	24	76
660	291	24	76
661	292	24	76
661	294	24	77
660	293	24	77
661	292	24	75
660	292	23	74
660	293	24	74
659	292	23	73
660	294	23	73
658	294	23	72
660	295	23	72
657	295	22	71
658	294	22	72
658	295	22	71
659	293	21	71
659	294	21	70
659	294	21	69
659	293	21	68
656	293	22	68
659	294	21	68
657	294	21	68
658	294	21	68
656	294	21	68
657	295	22	68
656	295	22	69
656	295	22	69
655	295	23	69
654	295	24	70
655	295	24	71
655	296	24	73
655	295	24	74
655	295	23	76
657	294	23	76
655	294	23	76
655	293	23	76
656	292	22	76
654	292	22	76
654	291	22	74
653	292	23	74
651	292	23	73
651	292	23	72
651	293	24	72
649	293	24	72
649	293	24	72
648	292	24	72
649	293	23	72
647	293	23	72
648	292	22	72
648	292	22	71
647	291	21	70
646	290	21	68
646	290	21	68
646	291	20	67
646	291	20	66
645	291	20	66
644	291	20	66
643	291	21	66
643	292	21	66
642	292	22	66
640	293	23	67
639	293	23	67
639	293	24	68
638	293	24	69
638	293	24	70
639	293	24	71
638	292	23	71
