403	503	16	41
402	502	16	41
403	503	16	41
403	502	16	41
403	501	16	41
402	501	16	42
402	501	16	42
402	500	17	43
402	500	17	43
402	500	17	43
402	500	17	43
402	500	17	43
402	499	16	43
402	499	16	42
402	499	16	43
402	498	16	43
402	498	16	43
402	497	16	43
402	496	16	43
403	496	16	43
402	494	16	42
402	493	16	42
402	491	16	42
402	490	16	42
402	488	16	42
402	487	17	42
403	485	17	41
403	484	16	41
403	482	16	41
403	480	16	41
404	479	16	41
404	477	16	41
404	476	16	41
404	475	16	41
404	474	16	41
403	472	16	41
404	471	16	42
404	469	16	42
404	468	16	42
404	467	16	42
404	466	16	43
404	466	16	43
404	465	16	42
404	464	16	42
405	463	16	42
404	462	16	42
404	461	16	42
404	460	16	42
404	460	16	42
404	459	16	43
404	458	16	43
404	458	16	43
404	457	16	43
404	456	16	43
404	456	16	43
405	455	16	43
405	455	16	43
405	455	16	42
405	455	16	42
405	453	16	42
405	453	16	42
405	452	16	42
404	452	16	42
405	451	16	42
404	451	16	42
404	450	16	42
404	450	16	42
404	448	16	42
404	448	16	42
404	448	16	42
405	447	16	41
404	447	16	41
404	446	16	41
404	445	16	42
405	445	16	42
404	443	16	42
404	443	16	42
404	442	16	42
404	441	16	43
405	440	16	43
405	439	16	43
405	438	16	43
404	438	16	43
404	437	16	42
404	436	16	42
404	435	16	42
404	434	16	42
404	433	16	42
404	433	16	42
404	433	16	42
404	431	17	42
403	430	17	42
404	429	17	43
403	428	17	43
403	427	17	43
403	426	17	43
403	425	16	43
403	424	16	43
403	424	16	43
404	423	16	42
403	422	16	42
403	422	16	42
404	421	16	42
404	420	16	42
403	420	16	42
403	418	16	41
404	418	16	42
403	417	17	41
404	415	17	41
404	414	17	41
404	413	17	42
404	411	17	42
404	412	17	42
404	411	17	42
404	409	17	42
404	408	17	42
404	407	17	42
404	406	17	42
404	405	17	42
404	404	17	42
404	403	17	42
405	401	17	42
405	401	17	42
404	401	17	42
404	399	18	42
404	399	18	42
404	397	17	42
404	396	17	42
404	395	17	41
404	395	17	41
404	394	17	41
403	393	17	41
404	392	17	41
404	391	17	41
404	390	16	41
404	389	17	42
403	388	17	42
404	387	16	42
403	387	17	42
403	386	17	42
403	385	17	42
403	384	17	42
403	384	17	42
403	383	17	42
403	384	17	41
402	383	17	41
402	384	17	41
402	383	17	41
403	383	16	41
402	382	16	41
403	383	16	41
402	382	16	41
402	381	16	41
402	381	16	42
403	381	16	42
403	381	16	42
402	380	16	42
402	379	16	42
403	379	16	42
402	379	16	42
402	378	16	42
403	379	16	42
403	378	16	42
402	378	16	41
402	378	16	41
402	378	16	41
402	377	16	41
402	376	16	41
402	376	16	41
402	376	16	41
401	375	16	41
401	374	16	41
401	375	16	41
401	374	16	41
401	374	16	42
401	373	17	42
401	372	17	42
400	372	17	42
400	372	17	42
400	372	17	42
400	372	17	42
400	371	17	43
400	370	17	43
399	371	17	43
400	370	17	43
400	369	17	43
400	369	17	43
400	369	17	43
399	369	17	42
399	368	17	42
399	368	16	42
400	368	16	41
400	367	16	41
400	367	16	41
400	366	16	41
400	366	16	42
400	365	16	42
400	365	16	42
400	365	16	42
400	364	16	42
400	364	16	42
400	363	16	42
400	363	16	42
399	363	16	42
399	362	16	42
400	362	16	42
399	362	16	41
399	361	16	41
399	361	16	41
399	360	16	42
399	360	16	42
399	359	16	42
399	359	16	42
399	359	16	42
399	358	17	42
399	358	17	42
399	358	17	42
398	357	17	41
398	356	17	42
398	356	17	42
398	355	17	42
398	356	17	42
397	355	17	42
397	355	17	42
397	354	17	42
398	354	17	42
398	353	17	42
398	352	17	42
398	352	17	42
398	353	17	42
398	352	17	41
398	352	17	41
398	351	17	41
397	351	17	41
398	351	16	41
398	351	17	41
398	350	16	41
398	349	16	41
398	349	17	41
398	348	17	42
398	348	17	42
398	347	17	42
398	347	17	42
398	347	17	42
397	346	17	42
397	345	17	42
397	345	17	42
397	345	17	42
397	344	17	42
397	344	17	42
397	343	17	42
396	343	17	41
397	342	17	41
397	343	17	41
396	342	18	42
397	341	18	41
396	341	18	42
396	341	19	42
396	340	19	42
396	341	18	41
395	340	18	41
395	340	18	41
396	339	17	41
396	339	17	41
396	339	17	41
395	338	17	41
395	337	17	41
395	337	17	41
395	337	17	41
395	337	17	41
395	336	17	41
395	335	17	41
395	335	17	41
395	333	17	41
396	332	16	41
395	331	16	41
395	331	16	42
396	330	16	42
396	330	16	42
396	329	16	42
396	328	16	42
396	328	17	41
395	327	17	41
396	327	17	41
396	327	17	41
396	327	17	41
396	326	17	41
396	325	17	41
396	325	16	41
396	325	16	41
395	324	16	41
396	324	16	41
395	324	16	41
395	324	16	41
395	324	16	41
394	322	17	41
394	322	17	41
394	321	17	41
394	321	17	41
394	320	17	41
394	320	17	41
394	320	17	41
394	320	17	41
394	320	17	41
394	319	17	40
394	319	17	40
393	319	17	41
393	318	17	41
394	317	17	42
394	318	17	41
394	316	17	41
393	316	17	41
393	315	17	41
393	315	17	42
393	315	17	42
392	315	17	41
393	314	17	41
392	314	17	41
393	313	17	41
393	313	17	41
392	312	17	41
392	312	17	41
392	311	17	41
391	311	17	41
392	311	17	40
392	310	17	41
392	310	17	41
392	309	17	41
391	308	17	41
392	308	17	41
392	307	17	41
392	307	16	41
393	307	16	41
392	307	16	41
392	307	16	41
392	305	16	41
392	305	16	41
393	304	16	41
393	305	16	41
393	304	16	41
392	304	16	41
393	303	16	41
392	303	16	41
392	302	16	40
392	302	17	40
392	302	17	40
392	303	17	40
392	301	17	40
392	301	17	40
391	301	17	40
391	301	17	40
391	300	17	40
392	300	17	40
391	299	17	41
391	298	17	41
391	298	17	41
391	298	17	41
391	297	17	41
391	297	17	41
391	297	17	41
391	296	17	41
391	295	17	41
391	294	17	41
390	294	17	40
390	295	17	40
389	294	17	40
389	293	16	40
389	293	16	40
388	293	17	40
388	293	17	40
388	292	17	39
388	292	17	39
387	292	17	40
388	290	17	40
388	290	17	41
387	290	17	40
388	289	17	40
388	289	17	40
387	289	17	40
387	288	18	40
387	287	17	40
387	287	17	40
387	287	17	40
387	286	17	40
387	286	17	40
387	286	17	40
386	286	18	40
386	285	18	40
387	285	18	40
385	285	18	40
384	283	18	40
383	284	18	40
383	283	19	41
383	283	19	41
383	282	19	41
383	281	18	40
383	281	18	40
383	281	18	40
383	281	18	39
383	279	18	40
383	279	17	40
383	278	17	40
383	278	17	40
383	278	17	40
382	276	17	41
382	277	18	41
382	275	18	41
382	275	18	41
381	274	18	41
382	274	18	41
381	273	18	41
382	274	18	41
381	272	18	40
381	272	18	40
381	271	18	40
381	271	18	40
380	270	18	39
380	271	18	39
379	269	18	39
380	269	18	40
380	268	18	40
380	268	18	40
380	267	18	40
380	267	17	40
379	267	17	40
380	266	17	40
380	265	17	40
380	265	17	40
380	264	17	40
380	264	16	40
380	263	16	40
379	262	17	40
379	262	17	40
379	262	17	41
379	260	16	41
379	260	16	41
379	259	16	41
379	259	17	41
379	258	17	41
379	258	17	41
379	257	17	41
379	256	17	40
378	256	17	41
378	255	17	41
378	255	17	40
378	254	17	40
378	254	17	40
377	254	16	40
377	253	16	40
377	252	16	40
378	251	16	41
377	250	17	41
377	250	17	40
377	249	17	40
377	249	17	40
377	248	17	40
377	247	18	41
377	247	18	41
377	245	18	40
375	245	18	41
376	244	18	40
376	244	18	40
376	242	18	40
376	243	18	40
375	242	18	40
376	241	18	40
376	240	18	39
375	239	18	39
375	239	18	39
375	239	17	39
375	237	17	39
374	236	17	40
374	236	17	40
374	235	17	40
374	235	17	40
374	235	17	40
374	234	16	40
374	233	16	40
374	233	16	40
374	233	16	40
374	231	16	40
374	230	16	40
374	230	16	40
374	229	16	40
373	229	16	40
373	228	16	40
373	228	17	40
373	226	17	41
373	226	17	41
373	225	17	41
372	224	17	41
372	225	17	41
372	223	17	40
372	223	17	40
371	223	17	40
372	221	17	40
371	221	17	40
371	220	17	40
371	219	17	40
370	219	17	40
371	217	17	41
370	217	17	41
370	217	17	40
370	216	17	40
370	216	17	40
370	214	17	39
370	214	17	39
370	214	17	39
370	213	17	39
370	211	17	39
370	211	17	40
369	210	17	40
369	209	17	40
369	209	17	39
369	208	17	39
369	207	17	39
368	207	17	39
368	205	17	39
368	205	17	40
368	204	16	40
368	203	16	40
369	202	16	40
367	201	16	40
368	202	17	40
367	201	17	40
368	200	17	39
367	199	17	40
368	198	18	40
367	197	18	40
367	196	18	41
366	196	18	41
366	194	18	40
366	194	18	40
366	193	18	40
366	193	18	40
366	193	18	40
365	191	18	39
365	191	18	40
365	190	18	40
365	189	18	40
365	188	18	40
365	188	18	40
364	186	18	40
364	186	18	40
365	185	18	39
365	184	17	39
364	183	17	39
364	182	17	40
364	182	17	40
364	181	17	40
364	179	17	40
364	179	17	40
364	178	17	40
364	177	16	40
363	176	16	39
363	176	16	39
363	175	17	39
363	175	17	39
363	173	17	39
363	173	17	39
363	173	17	39
363	173	17	39
362	173	17	39
362	174	17	39
362	175	17	39
362	177	17	39
362	178	17	39
363	180	17	39
363	181	17	39
363	183	17	39
362	186	17	39
363	187	17	39
362	189	17	39
362	191	18	39
362	192	18	39
362	195	18	39
362	198	18	39
362	200	18	39
362	202	18	39
362	205	18	39
362	207	18	39
362	209	18	38
362	210	17	38
363	212	17	38
363	214	17	38
363	216	17	38
362	217	17	38
362	219	17	38
363	221	17	38
362	222	17	38
362	224	17	38
362	226	16	38
362	227	16	38
363	229	16	38
363	231	16	37
363	233	16	37
362	234	16	37
363	236	16	37
363	238	16	37
363	239	16	37
363	241	16	37
362	242	16	37
362	244	16	37
362	245	16	37
363	247	16	37
363	249	16	37
363	250	16	37
362	251	16	37
362	253	16	37
363	254	16	38
362	256	16	38
361	258	17	38
362	259	17	37
362	260	17	37
362	262	17	37
362	265	17	37
362	266	17	37
362	268	17	37
362	268	17	37
362	270	17	37
362	272	17	37
362	274	16	37
362	276	16	37
362	276	16	37
362	278	16	37
362	280	16	37
363	281	16	37
363	283	16	37
362	285	16	37
363	286	16	37
362	288	16	36
363	290	15	36
363	291	15	36
363	292	15	36
363	294	15	36
363	297	15	35
363	299	15	35
363	299	15	35
362	301	15	35
363	302	16	35
363	305	16	35
362	305	16	35
362	306	16	36
362	307	16	36
362	309	16	36
362	310	16	36
362	313	16	36
361	315	17	36
362	315	17	36
362	317	17	36
362	319	17	36
361	321	17	36
361	323	17	36
361	324	18	36
361	326	18	36
362	328	18	36
361	330	18	36
361	331	17	36
361	332	17	36
361	334	17	35
361	336	16	35
361	338	16	35
362	340	15	35
362	341	15	35
362	343	15	35
362	345	15	35
362	345	15	35
362	347	15	35
362	348	15	35
362	350	15	35
361	352	15	35
361	354	16	35
362	355	16	34
361	357	16	35
361	358	16	35
361	359	16	35
360	361	16	35
361	363	16	35
361	364	16	35
361	366	16	35
361	368	16	34
360	370	16	35
360	371	16	35
360	372	16	35
360	373	16	35
360	375	16	35
360	377	16	35
360	378	16	35
360	381	16	35
360	382	16	35
360	384	16	35
360	385	16	35
360	387	16	35
359	388	16	35
360	390	16	35
360	391	15	35
359	392	15	35
360	392	15	35
360	391	15	35
360	391	15	35
360	389	15	35
360	388	15	35
361	388	15	34
361	386	15	34
361	386	15	34
362	384	15	34
363	383	15	34
365	382	16	34
366	380	16	34
369	378	16	34
373	376	16	34
374	374	16	34
376	373	16	34
379	371	16	34
382	369	16	34
384	368	16	33
386	366	16	33
388	364	17	33
390	363	17	33
392	361	17	33
395	359	17	33
399	357	17	34
400	356	17	33
404	355	17	33
405	353	17	33
409	352	17	33
410	350	17	33
413	348	17	32
415	347	17	33
416	345	16	33
418	344	16	33
419	343	16	33
420	343	16	33
421	341	16	33
421	340	16	32
422	339	15	32
422	339	15	32
422	337	15	32
422	337	15	32
422	336	15	32
421	334	15	33
421	335	15	32
421	333	15	32
421	333	15	32
421	332	15	32
422	330	15	32
422	330	15	32
421	329	15	32
422	328	15	32
422	327	15	32
422	327	15	32
422	326	16	32
422	325	16	32
422	324	16	32
422	324	16	32
421	324	16	32
421	323	16	31
421	322	16	31
421	321	17	31
421	321	17	31
421	320	17	31
422	318	16	31
422	318	16	32
422	317	16	32
422	316	17	32
422	315	16	32
423	314	16	32
423	314	16	32
423	313	16	31
423	312	15	31
423	312	15	31
422	311	15	31
423	310	15	31
422	310	15	31
423	309	15	31
423	308	16	31
423	307	16	31
422	306	16	31
423	306	16	31
422	305	16	31
422	305	16	31
422	305	16	31
422	304	16	31
422	303	15	30
422	302	15	30
423	301	15	30
423	299	15	30
423	299	15	30
423	298	15	30
423	299	15	30
423	297	15	30
423	297	15	30
422	296	16	30
422	295	16	30
422	294	16	30
421	294	16	31
422	293	17	31
422	292	16	30
422	291	16	30
422	291	16	30
423	291	16	30
422	289	16	30
423	289	16	30
422	288	16	30
423	288	16	30
423	287	16	31
423	286	15	31
423	285	15	31
423	284	15	30
423	284	15	30
423	283	15	30
423	284	15	30
423	283	15	30
424	282	15	30
423	282	15	30
423	283	15	30
423	282	15	30
423	282	15	30
423	282	15	30
423	282	15	30
422	283	15	30
423	283	15	30
423	284	15	30
423	284	15	30
422	283	15	30
422	283	15	30
422	284	15	30
423	284	15	30
422	283	15	30
422	284	15	30
422	284	16	30
422	285	15	30
422	284	15	30
422	285	15	30
422	284	16	30
422	285	16	30
422	284	16	30
422	286	16	29
422	286	15	29
422	285	15	30
422	286	15	30
422	285	15	30
422	286	15	29
423	287	15	29
422	287	15	29
422	287	15	29
422	288	15	29
422	288	15	29
423	289	15	29
423	288	15	30
423	289	15	30
422	290	15	30
423	289	15	29
423	291	15	29
423	290	15	29
423	290	15	29
423	291	15	29
423	292	15	29
423	292	15	29
423	292	15	29
423	292	15	29
423	292	15	28
423	292	15	29
423	291	15	28
424	291	15	28
423	289	15	29
423	289	15	29
423	288	15	29
423	289	15	29
423	287	15	29
423	287	15	29
423	287	16	29
423	287	16	29
423	286	16	29
423	285	16	29
423	284	16	29
424	285	16	29
424	283	16	29
424	283	15	28
424	282	15	28
424	281	15	28
424	281	15	28
424	281	15	28
424	280	15	28
424	279	15	28
424	279	15	28
424	278	15	28
424	278	15	28
424	278	15	28
423	277	15	28
424	277	15	28
423	277	14	28
424	278	14	28
423	279	14	28
423	281	14	28
423	281	14	28
423	283	14	29
423	284	14	29
423	286	14	29
423	288	15	29
422	291	15	29
422	293	15	29
422	296	15	29
422	298	15	29
422	300	15	29
422	303	15	28
422	305	15	28
422	308	16	28
422	310	16	28
422	312	17	28
422	314	17	28
422	315	17	28
422	317	17	28
421	318	18	28
421	319	18	28
421	320	18	28
421	321	18	29
420	322	18	29
421	323	18	29
421	324	17	29
421	324	17	29
421	326	16	28
421	326	16	28
421	326	15	28
421	327	15	28
422	327	15	28
422	327	14	28
422	327	14	28
422	327	14	28
422	328	14	27
422	326	15	27
421	327	15	27
421	327	15	27
421	326	15	27
421	326	15	27
421	325	15	27
421	324	15	27
421	325	15	27
421	324	15	28
421	323	15	28
420	323	16	28
420	324	16	28
420	324	16	28
420	326	16	28
420	327	16	28
420	328	16	28
420	329	16	28
420	330	16	28
420	332	16	28
420	333	16	28
420	335	16	28
419	336	16	28
419	337	16	28
420	337	17	28
419	338	17	28
419	339	17	28
419	340	17	28
420	342	16	28
419	343	16	28
420	344	16	28
420	345	15	28
420	346	15	28
421	346	15	27
421	347	15	28
421	348	15	28
420	349	15	28
421	349	15	28
421	350	15	28
420	351	15	27
420	353	15	27
420	353	14	27
420	354	15	27
420	355	15	27
420	355	15	27
420	357	15	27
420	357	15	27
420	357	15	27
420	358	15	27
420	358	15	27
420	359	16	27
420	360	16	27
420	360	16	27
419	362	16	27
419	362	16	27
420	361	15	28
421	363	16	28
419	362	16	28
419	364	16	28
420	365	16	28
419	366	16	28
420	367	16	28
419	368	17	28
419	368	17	28
420	369	16	28
420	369	16	28
420	370	16	28
419	371	16	27
419	371	16	27
420	372	16	27
420	373	15	27
420	373	15	27
420	374	15	27
420	374	15	27
420	376	15	27
420	376	15	27
420	377	15	27
420	378	15	27
420	379	15	27
421	379	15	27
421	381	14	27
421	381	14	27
421	382	14	27
421	382	15	27
421	383	14	27
422	384	14	27
421	385	15	27
422	385	15	27
422	386	15	27
422	387	15	27
422	387	15	27
422	389	15	27
422	389	16	26
422	389	15	26
422	389	15	26
422	390	15	26
423	391	15	27
422	391	15	27
422	391	15	27
422	392	15	27
423	392	15	27
422	393	15	27
423	393	15	27
422	393	15	27
421	393	15	27
422	393	15	27
422	394	15	27
422	394	15	28
422	394	15	28
423	395	16	28
422	394	16	28
422	395	16	27
422	395	16	27
422	395	16	27
423	395	15	27
422	396	16	27
422	396	16	27
422	397	16	27
422	398	16	27
422	399	16	27
422	399	16	27
422	400	17	26
421	401	17	26
421	401	17	26
421	402	18	26
421	403	18	26
421	403	17	26
420	403	17	27
420	403	16	27
421	404	16	27
420	404	15	27
420	404	15	27
420	405	15	27
421	405	14	27
421	405	14	27
420	406	14	27
420	407	15	27
420	406	15	27
420	407	15	27
419	408	16	27
420	408	16	27
418	409	17	27
418	409	17	26
418	410	17	26
418	411	17	26
418	411	16	26
417	411	16	27
418	412	16	27
418	411	16	27
418	411	17	26
418	412	16	26
417	412	16	26
419	412	16	26
418	413	16	27
419	412	16	27
419	413	16	27
419	414	16	27
419	413	16	27
420	413	16	27
420	414	16	27
420	415	16	27
420	415	16	27
420	415	16	27
419	415	16	27
420	416	16	27
420	416	16	27
420	418	16	27
420	418	16	27
420	419	15	26
421	419	15	26
420	419	15	26
421	420	15	26
420	420	15	26
420	421	15	26
420	420	15	27
420	421	15	27
420	421	15	27
420	421	15	27
420	421	15	27
420	422	16	27
420	422	16	27
419	423	16	27
419	423	16	26
419	422	15	26
419	423	15	26
420	423	15	26
419	423	15	26
419	423	15	26
420	423	15	26
419	423	15	26
419	423	14	26
420	422	14	27
420	421	14	27
420	422	15	27
420	421	15	27
420	421	15	27
420	421	16	27
420	421	16	27
419	421	16	27
420	421	16	27
419	420	16	27
420	421	16	27
420	421	16	27
420	420	16	27
420	420	16	27
419	420	16	27
420	420	16	27
419	420	16	27
419	419	16	27
419	420	16	27
418	419	15	27
419	419	15	27
419	419	15	27
419	419	15	27
418	420	15	27
419	418	15	27
418	418	15	27
418	418	15	28
418	418	15	27
418	418	15	27
418	418	15	27
417	418	15	27
418	418	15	27
417	418	15	27
417	418	15	27
417	418	15	27
416	418	16	26
416	419	15	26
416	418	15	26
416	418	15	26
416	418	15	27
415	417	15	27
415	417	15	27
415	418	15	27
415	417	15	27
415	417	15	27
415	416	15	27
415	416	15	27
414	416	15	27
415	416	16	27
414	415	16	27
415	416	16	27
415	416	16	27
414	416	16	27
414	416	15	27
415	417	15	26
413	416	15	27
414	416	15	27
414	415	15	27
414	416	15	27
415	415	15	27
414	415	16	27
414	416	16	27
413	415	17	26
413	416	17	26
414	416	17	26
413	416	17	26
413	415	17	27
414	416	17	27
413	414	17	27
413	415	17	26
414	416	17	26
413	415	17	26
413	414	17	26
413	415	17	27
413	414	17	27
414	415	17	27
414	414	17	27
413	414	17	28
413	415	17	28
413	414	18	28
413	415	18	28
413	414	17	27
413	415	18	27
413	415	18	27
413	415	17	26
413	415	17	27
413	414	17	27
413	414	17	27
412	414	17	27
413	415	16	27
414	414	16	27
414	413	16	27
414	413	16	27
413	414	16	27
413	413	16	28
414	414	16	28
414	414	16	27
413	414	16	27
413	414	16	27
413	414	17	27
412	414	17	27
412	415	17	27
412	414	17	27
412	415	17	28
412	415	17	28
411	415	17	27
411	414	17	27
411	415	17	27
411	415	18	28
410	414	18	28
410	414	18	28
410	415	17	28
409	415	17	28
409	415	17	28
409	415	17	28
409	416	17	27
408	415	17	27
409	416	16	28
408	416	16	28
408	415	16	28
408	415	17	28
408	415	17	28
407	416	17	28
407	416	17	28
406	416	17	28
407	417	17	28
407	416	17	28
407	416	17	28
406	417	17	28
406	417	17	28
406	417	17	28
407	417	17	28
406	416	17	28
406	416	17	28
406	417	17	29
407	416	16	29
407	416	17	29
407	416	17	29
408	417	17	29
407	416	17	29
407	416	16	29
407	416	16	29
407	417	16	29
407	417	16	29
406	417	16	29
406	417	16	28
406	417	16	28
405	417	16	28
405	417	16	28
406	417	16	28
406	418	16	27
405	417	17	27
404	417	17	27
404	417	17	27
404	418	17	27
403	418	18	28
403	418	18	28
403	418	18	28
402	418	18	28
402	418	18	28
403	419	18	28
402	418	18	28
402	419	18	29
402	419	18	29
401	419	18	29
401	420	17	29
401	419	17	29
401	419	17	29
401	420	17	29
400	420	16	29
401	420	16	29
400	420	16	29
400	421	16	29
400	421	16	29
399	419	16	29
399	420	16	29
399	420	17	29
398	420	17	29
398	420	17	29
398	421	17	29
397	421	18	29
397	420	17	29
398	421	18	29
396	421	18	29
396	421	17	29
396	421	18	29
396	421	18	29
395	422	18	29
396	422	18	29
396	421	18	29
395	422	18	29
394	422	18	29
394	423	18	29
394	423	18	29
394	423	18	29
394	422	18	30
394	422	18	31
393	422	18	31
393	423	18	30
393	423	18	30
393	423	18	30
392	424	18	30
392	423	18	30
392	423	18	30
391	424	19	30
391	425	19	30
391	424	19	30
390	424	19	30
390	424	19	30
390	425	18	30
390	425	18	30
390	425	18	30
389	426	19	30
389	426	18	30
388	426	18	30
388	427	18	30
388	428	18	30
388	427	18	31
387	428	18	31
387	427	18	31
387	426	18	31
387	427	18	31
387	427	19	30
387	427	19	30
386	428	19	30
385	428	19	29
384	429	19	29
385	430	19	30
384	429	18	30
383	429	18	30
384	429	18	30
384	429	18	31
384	429	18	31
383	429	18	31
382	429	18	31
382	429	18	31
382	430	19	31
381	430	19	31
381	431	19	31
380	430	19	31
380	431	19	31
379	431	19	31
379	432	20	31
378	432	20	31
378	433	20	31
377	433	20	31
377	434	19	31
377	433	19	31
377	433	19	31
377	434	19	31
376	435	19	31
375	436	18	31
375	436	18	31
375	435	18	31
375	435	18	31
375	436	18	31
374	434	18	31
373	435	18	31
373	436	18	31
373	435	19	31
372	435	19	31
372	435	19	31
371	434	19	31
371	435	19	32
371	434	19	32
370	435	19	32
369	434	19	32
369	434	19	32
369	434	19	32
368	434	19	32
368	434	19	32
367	433	19	32
367	433	19	32
366	433	19	32
366	432	19	33
366	431	20	33
365	431	20	33
364	431	20	33
364	431	20	33
364	430	20	33
363	429	20	33
363	429	20	33
362	428	20	33
361	428	21	33
361	428	20	33
360	427	21	33
360	427	21	33
359	426	20	33
360	426	20	33
358	424	20	33
359	425	20	34
358	425	20	34
358	425	19	34
357	425	19	34
356	424	19	34
356	425	19	33
356	425	19	34
355	425	19	34
355	426	19	34
354	426	19	33
353	426	19	34
353	426	18	34
353	427	18	33
353	428	18	34
351	427	18	35
351	429	19	34
349	429	19	34
349	430	19	33
348	431	18	33
348	430	18	34
347	431	19	34
346	432	19	34
346	431	19	35
345	433	19	35
345	433	19	35
344	434	20	35
343	435	21	35
342	436	21	36
341	438	20	35
341	438	20	35
341	438	19	36
340	439	19	35
341	440	20	34
339	440	20	34
338	441	20	34
337	442	20	35
337	442	20	35
336	442	20	36
335	444	20	36
334	446	21	37
334	447	20	37
333	448	20	37
333	449	20	37
334	448	20	38
332	449	21	37
331	452	22	36
330	454	22	36
329	454	22	36
329	455	23	36
328	456	23	36
327	457	23	36
326	458	23	36
327	459	23	37
325	459	23	37
325	460	23	38
324	462	23	38
324	464	22	38
322	465	22	39
322	467	22	40
320	468	22	41
320	472	22	42
320	468	22	44
319	469	22	44
319	469	22	42
318	471	22	41
317	473	22	40
316	474	22	39
316	474	22	38
316	476	23	37
314	477	23	36
314	479	23	37
314	480	23	37
312	481	23	37
313	481	23	38
312	483	23	38
312	484	23	38
310	486	23	38
310	487	23	38
310	488	23	38
310	490	23	39
312	490	24	39
313	490	24	40
315	490	24	40
318	491	24	40
319	492	23	41
323	491	23	42
326	492	24	42
327	493	24	42
329	492	24	42
332	493	25	42
333	495	25	42
334	495	24	42
336	496	23	43
338	497	23	43
339	498	23	43
339	499	23	43
339	501	23	43
340	503	23	43
341	505	23	42
339	507	23	42
341	508	23	42
340	511	24	41
339	511	24	42
339	513	24	41
337	513	23	42
339	513	24	43
339	515	25	44
339	516	27	44
338	516	28	44
339	518	28	43
340	519	29	44
341	519	29	43
342	521	28	43
344	520	28	43
346	521	27	43
347	523	27	43
350	522	27	42
353	523	28	42
357	523	28	41
360	524	28	41
364	525	28	41
366	525	28	42
370	525	29	43
373	525	29	43
377	525	29	44
382	526	29	45
386	525	29	44
390	526	29	44
394	525	29	43
396	526	29	43
401	527	29	44
404	527	30	44
406	527	30	44
409	528	31	44
411	529	31	45
413	530	31	45
415	530	31	45
415	531	31	46
417	533	31	46
418	534	31	46
417	535	31	46
417	536	31	46
417	538	32	46
416	540	31	46
415	541	31	46
415	543	31	46
414	544	31	46
413	545	31	46
412	547	32	46
411	550	31	46
409	551	32	46
409	553	32	45
408	554	32	45
407	556	32	45
406	558	32	46
404	559	32	46
404	560	32	47
403	560	33	47
401	563	33	48
400	565	33	48
399	568	32	48
399	569	33	47
398	571	32	47
397	572	31	47
397	570	31	49
395	572	32	51
396	574	35	52
394	576	36	51
393	578	37	50
392	581	37	50
389	583	37	50
390	585	36	50
389	586	36	50
389	587	35	51
388	589	35	51
387	591	34	51
386	593	34	51
386	594	34	51
384	596	33	51
383	597	32	51
383	600	32	51
383	600	31	52
381	602	31	52
381	604	30	52
381	606	30	53
379	609	29	54
378	610	29	57
378	608	30	57
377	607	29	56
377	610	29	55
375	615	28	53
376	615	28	53
374	616	28	53
374	617	29	54
373	621	29	53
372	619	29	53
373	619	31	54
372	620	33	54
372	620	35	54
371	620	36	54
370	622	37	55
370	623	38	55
368	624	39	55
367	625	39	55
367	625	40	55
366	625	40	54
366	626	40	53
364	627	40	53
364	628	40	52
362	630	39	53
363	630	38	53
363	631	38	53
362	631	37	53
362	631	36	53
361	631	36	54
361	632	36	54
361	631	36	55
360	631	36	56
359	632	35	56
359	632	36	57
358	632	36	57
357	633	36	57
357	633	37	57
356	634	37	57
356	634	37	56
354	634	37	56
354	633	37	56
353	633	37	57
353	633	38	57
353	632	37	57
352	632	37	57
353	631	39	57
352	631	39	57
351	630	39	56
351	630	38	56
349	629	38	55
351	626	38	56
349	625	37	56
349	622	37	57
348	619	36	59
349	616	36	60
349	615	36	61
349	614	36	60
348	613	37	59
348	610	37	59
348	608	38	58
347	608	38	58
347	606	38	59
346	604	38	58
346	603	39	58
347	602	38	57
348	601	37	57
347	599	37	57
347	598	37	56
348	596	37	56
346	596	37	56
347	594	37	56
346	593	37	57
347	591	38	58
346	590	38	58
347	588	38	58
347	587	38	58
347	585	37	58
348	585	37	58
347	583	37	57
347	582	38	57
346	581	38	57
347	579	38	58
346	578	38	58
346	577	38	57
346	576	37	57
346	575	37	56
348	572	37	56
347	571	36	56
347	569	37	56
349	565	37	57
348	563	38	56
349	563	38	55
348	562	38	54
349	559	37	54
349	553	35	56
350	550	34	57
351	547	34	58
352	542	34	59
352	541	36	60
352	539	36	59
353	537	37	58
353	535	37	58
353	532	38	58
352	530	37	58
352	527	38	57
353	526	38	57
355	524	38	57
354	523	38	55
354	521	38	55
356	518	37	54
359	513	37	55
359	508	36	57
359	507	35	59
358	506	35	59
358	506	37	59
357	503	37	58
358	501	38	57
358	500	38	57
358	497	38	57
358	495	38	57
357	494	38	56
