952	245	130	282
947	244	132	280
944	244	134	277
940	246	136	275
938	246	137	273
934	247	138	275
932	250	139	277
930	250	139	280
928	252	140	283
926	252	141	286
924	254	142	289
921	253	142	294
921	254	143	297
918	253	143	300
920	254	143	301
919	251	142	303
918	250	142	304
920	249	142	302
917	249	142	300
918	248	143	297
917	246	142	290
916	246	142	283
915	246	142	279
914	251	143	277
913	253	143	277
908	256	144	279
908	258	145	280
905	258	147	283
904	261	148	287
902	261	147	291
901	262	146	294
899	262	144	297
899	264	143	299
898	263	141	301
895	263	141	303
894	259	139	305
892	260	140	305
890	258	140	303
888	259	141	304
885	253	141	303
883	253	143	297
880	255	146	292
877	257	149	288
874	257	151	285
872	259	152	284
872	263	153	286
869	263	155	289
868	265	156	293
865	265	158	296
863	269	160	299
861	270	162	302
861	270	163	305
860	269	165	308
859	273	167	309
860	271	168	311
861	270	169	313
861	270	171	312
864	270	171	310
866	270	170	308
869	269	168	303
876	268	164	295
878	271	162	290
884	275	158	287
888	281	155	286
890	281	152	287
892	286	151	289
892	286	150	293
894	288	149	297
890	288	148	302
891	291	148	305
893	291	145	309
894	292	143	312
896	291	142	315
895	291	141	316
897	288	140	318
898	289	139	318
897	285	139	319
898	289	139	315
898	286	139	310
899	287	139	305
899	290	139	297
900	292	140	291
900	294	140	288
900	299	141	288
900	299	142	292
903	306	143	294
902	306	144	298
904	309	143	301
905	312	144	305
906	313	145	309
908	315	145	312
909	315	145	315
912	312	146	317
914	313	147	316
917	314	148	314
919	315	148	309
920	314	149	304
922	310	149	298
923	312	149	292
923	314	150	290
924	320	151	288
924	322	153	290
923	324	156	293
922	326	157	296
923	326	158	300
922	329	159	303
920	330	161	307
920	332	161	312
920	331	160	315
922	333	159	320
923	331	156	322
923	330	154	322
925	328	153	321
924	327	151	319
924	325	151	316
925	323	151	311
925	325	150	304
925	322	149	298
924	325	150	293
924	328	149	289
925	329	148	289
925	331	147	291
924	331	147	294
924	333	147	296
923	334	147	299
922	337	146	301
922	336	146	305
922	335	146	309
923	335	146	312
922	336	145	313
922	333	145	315
922	330	145	315
921	328	145	313
923	327	145	309
920	323	145	306
919	318	145	299
919	317	146	292
915	321	148	289
914	320	148	290
912	321	148	291
908	319	149	294
904	320	150	296
901	320	151	300
898	319	152	304
894	319	153	307
891	318	153	309
891	318	150	312
889	317	148	313
887	315	147	315
886	314	145	315
886	308	142	314
884	305	141	313
882	304	141	310
881	302	140	305
880	300	139	299
876	296	140	291
875	296	139	285
871	297	139	280
871	297	138	280
870	295	137	282
868	297	137	284
868	297	136	286
867	297	136	288
866	297	135	290
866	298	135	292
866	294	134	295
867	294	133	296
867	291	134	297
866	289	134	298
866	285	134	298
867	282	134	296
866	280	134	295
865	276	134	291
865	273	133	283
863	272	133	276
862	272	131	272
859	273	131	271
859	273	131	271
856	272	131	272
855	271	130	273
853	271	129	276
853	268	129	278
852	268	127	281
849	263	127	284
848	263	126	286
844	260	125	288
843	255	125	291
841	252	125	292
839	247	125	292
838	244	125	292
836	239	124	290
835	232	124	289
834	225	124	285
833	219	123	280
831	221	123	274
831	218	122	268
831	220	120	264
830	219	119	263
831	217	117	263
830	218	116	264
831	215	115	266
831	216	115	267
831	213	115	269
831	212	114	271
831	210	114	273
831	207	113	272
832	206	113	271
831	205	112	268
832	204	112	266
833	200	112	265
833	197	111	260
833	193	111	254
832	193	111	249
831	191	111	245
831	194	110	244
832	191	110	245
831	194	109	246
830	190	109	248
830	191	109	248
829	192	108	249
827	189	108	251
826	188	107	254
825	187	107	256
825	185	106	256
824	183	106	257
823	179	105	257
821	178	105	257
821	175	104	257
819	173	104	255
818	169	104	250
816	166	104	244
816	166	104	240
815	168	104	237
815	169	103	235
814	166	103	236
813	167	103	237
813	166	102	239
812	163	102	242
812	164	102	243
813	160	102	246
814	161	102	246
814	158	101	247
815	154	101	247
815	156	100	244
816	152	100	244
816	149	100	244
816	144	100	243
817	145	100	237
818	142	99	233
817	138	99	232
816	140	99	230
816	138	99	231
816	136	98	233
815	135	98	234
815	133	97	235
814	133	96	236
813	132	96	238
811	131	96	239
811	130	95	240
810	128	95	240
807	127	94	240
807	124	94	239
805	121	93	238
804	119	93	238
802	117	94	237
801	114	93	233
799	111	93	229
798	109	93	225
796	106	92	224
795	105	92	221
794	103	91	221
793	104	91	222
792	105	90	222
791	107	89	223
790	111	89	223
788	119	89	223
788	124	89	223
786	132	89	223
786	138	88	223
785	146	88	222
785	154	87	222
785	161	87	220
785	167	87	219
784	173	87	218
784	178	87	216
783	182	86	212
781	190	85	208
781	197	85	206
780	205	85	205
779	211	84	204
778	219	84	205
777	225	84	204
776	230	84	204
776	231	83	206
775	237	83	206
773	243	82	207
773	246	82	208
771	248	81	210
770	253	81	209
769	257	80	209
767	261	80	210
766	263	80	210
765	269	80	209
765	271	80	207
763	276	79	204
762	282	80	201
762	286	80	199
760	291	80	198
762	296	80	197
760	303	79	198
761	308	78	197
762	314	78	198
762	319	78	198
762	322	78	198
763	327	77	198
763	334	77	198
764	340	78	197
764	343	78	197
764	346	78	197
765	352	78	196
767	357	77	195
767	360	77	193
767	364	78	191
768	368	78	189
768	375	78	187
769	382	77	186
769	388	77	186
769	393	76	186
769	397	76	188
769	404	75	188
769	412	75	189
769	417	74	190
770	420	73	192
769	425	72	194
769	430	71	194
770	437	70	195
769	442	70	195
769	446	69	196
770	450	68	197
768	453	69	197
768	459	69	195
768	464	71	191
767	470	72	189
768	476	73	187
768	478	74	187
768	483	74	187
768	483	74	187
768	484	73	188
770	485	72	189
771	485	71	189
772	485	70	189
773	484	68	189
775	484	67	189
775	484	67	189
777	482	66	189
779	481	66	189
778	480	66	188
778	477	67	187
779	475	66	184
779	476	67	181
779	475	67	179
780	474	68	178
780	474	68	178
780	474	68	178
780	474	69	178
780	474	68	179
780	474	67	179
780	473	67	180
779	473	67	180
779	474	67	180
778	473	66	180
778	472	66	180
777	471	65	180
777	470	65	181
777	468	65	181
775	466	65	182
776	464	64	179
775	463	64	177
776	462	64	174
777	462	64	173
777	461	64	173
777	461	64	173
777	462	64	173
778	462	64	174
780	462	64	174
781	462	63	174
782	462	63	174
783	463	63	175
784	462	62	175
786	462	62	175
788	460	61	176
791	461	60	177
793	459	60	178
794	459	60	179
794	458	60	180
794	455	61	177
793	454	62	173
795	454	63	170
794	456	64	168
795	455	64	167
796	455	65	167
796	455	65	168
798	455	65	169
799	455	65	170
799	456	65	170
801	456	64	171
802	456	63	172
803	456	62	172
803	456	62	172
804	455	61	173
804	454	61	173
804	453	61	174
805	453	61	174
805	452	61	173
806	453	61	173
807	451	61	171
807	450	61	169
807	450	61	167
807	450	61	165
808	450	60	164
810	450	60	164
810	450	60	163
810	452	60	163
811	452	60	163
813	452	60	164
814	452	60	165
814	452	60	165
815	452	60	165
816	452	60	165
817	452	61	165
818	452	61	165
820	452	61	165
820	451	62	166
821	451	62	166
823	449	62	165
824	447	62	163
825	448	62	163
827	449	62	162
828	449	62	162
828	449	62	162
829	449	62	163
829	449	62	164
830	450	62	164
832	450	62	165
832	450	61	165
832	451	61	166
832	452	61	166
833	451	61	166
833	452	60	166
833	450	60	167
832	450	60	168
832	449	60	169
833	448	60	169
833	446	60	168
833	446	60	166
833	446	60	164
833	446	60	164
834	446	60	163
834	446	60	163
834	446	61	163
835	446	61	163
835	448	61	164
836	448	61	164
836	448	61	165
837	448	62	166
837	448	62	166
837	450	62	165
839	449	63	165
839	449	63	166
840	449	64	166
841	449	64	166
842	448	63	164
843	446	64	162
845	448	64	160
846	449	63	159
848	449	63	159
849	448	62	159
849	450	62	160
850	450	62	161
851	450	61	162
852	451	61	162
852	452	61	163
852	453	61	164
852	453	60	164
852	453	60	165
852	452	60	165
851	452	60	166
850	452	60	167
850	451	60	168
850	450	61	167
849	449	61	165
848	449	61	163
847	450	61	161
847	450	62	161
846	450	62	160
847	451	62	160
847	451	63	161
847	452	62	161
847	452	63	162
847	453	63	162
847	454	62	163
848	455	63	164
848	455	63	163
848	455	63	164
849	455	63	163
849	455	63	164
849	455	63	165
851	453	62	166
851	453	62	165
852	452	62	163
852	452	61	162
853	452	61	161
853	453	61	162
853	453	61	162
854	454	61	163
853	455	61	164
854	456	61	164
854	457	61	165
853	457	61	165
852	458	61	166
852	459	60	167
851	459	60	167
850	459	61	168
849	459	61	168
848	459	61	170
848	457	61	170
848	456	62	170
847	456	62	169
848	456	62	166
847	455	62	165
848	456	62	165
848	456	62	165
848	457	62	166
848	457	62	166
849	457	63	167
849	459	63	169
849	459	63	169
850	460	64	170
849	461	64	170
849	461	65	171
850	461	65	171
850	461	65	170
851	462	65	171
851	461	65	170
851	463	64	170
852	460	64	169
852	460	63	167
852	460	63	166
852	460	62	166
852	461	62	166
852	463	62	167
852	463	61	167
852	464	61	168
851	465	61	169
852	464	60	170
851	466	60	172
851	466	61	173
850	465	60	174
850	466	60	174
850	466	60	175
848	465	60	176
848	464	60	176
848	463	61	176
847	462	62	174
847	462	63	172
846	462	63	170
845	462	64	170
845	463	64	170
844	463	64	170
844	464	65	171
843	465	65	171
843	466	66	172
843	467	66	173
844	467	65	174
844	468	66	174
844	468	66	175
845	468	66	175
846	468	65	175
846	469	65	175
847	468	65	176
846	468	65	175
846	466	64	173
845	466	64	171
844	467	64	170
843	467	64	170
841	468	64	170
839	468	64	171
838	469	63	171
836	470	63	172
834	471	63	173
832	473	62	173
831	473	62	174
830	473	61	174
827	474	61	175
825	474	60	175
822	474	60	176
819	473	60	177
817	473	60	177
815	471	60	178
811	471	60	177
807	469	61	176
803	469	61	174
798	468	62	172
795	469	63	171
790	469	64	171
786	470	64	171
781	471	65	172
777	471	65	172
772	472	66	173
766	473	66	173
760	473	67	174
754	473	67	174
748	473	68	174
743	474	68	174
740	473	68	174
736	472	68	175
733	472	67	175
731	471	66	174
728	470	65	172
726	470	64	170
722	470	64	169
719	470	63	168
716	470	62	168
713	471	62	169
709	471	61	170
706	473	60	170
703	473	60	171
699	473	59	171
696	474	59	172
693	473	59	173
688	474	58	173
684	473	58	174
680	472	58	175
677	472	58	175
674	470	59	176
670	468	59	176
667	468	59	174
664	467	60	171
662	468	61	170
659	467	62	170
655	468	62	170
651	468	62	170
646	468	62	170
642	468	63	171
638	469	63	172
632	469	63	172
629	469	63	173
626	470	63	174
624	470	63	174
622	470	63	175
619	470	63	175
617	470	63	175
615	470	63	176
612	469	63	176
610	469	62	176
607	467	62	174
605	467	62	172
603	466	62	171
600	466	61	171
597	467	61	170
594	468	61	170
592	468	60	171
589	468	60	172
587	469	60	173
584	470	60	174
581	471	60	175
578	471	59	176
576	471	60	176
575	471	60	176
573	471	60	176
572	470	60	177
571	470	61	178
570	469	61	178
569	468	61	177
569	467	61	176
568	467	61	174
567	467	61	173
566	467	61	172
566	467	61	172
565	468	62	172
565	469	62	173
564	470	62	174
564	471	62	175
563	471	62	175
563	471	63	176
563	472	63	177
563	472	63	177
563	472	63	177
563	471	63	177
564	472	62	178
563	471	62	179
563	470	63	179
563	470	62	177
563	468	62	175
563	468	62	173
563	468	62	172
563	469	62	172
563	469	62	172
563	470	62	173
562	470	62	174
562	471	62	174
560	472	61	175
560	473	61	176
559	474	61	177
559	475	61	178
557	474	60	178
555	474	60	178
554	473	60	178
552	473	61	179
551	472	61	179
550	472	61	179
549	471	61	177
547	471	61	175
547	471	61	174
546	471	61	173
545	471	62	173
544	471	62	173
543	472	62	173
542	472	63	174
541	473	63	175
541	473	63	176
540	474	64	177
540	474	64	178
540	475	64	178
540	475	64	179
540	475	64	179
540	476	65	180
539	475	65	180
539	475	66	181
539	474	65	181
538	472	65	179
538	470	65	176
539	471	65	175
539	473	65	174
539	473	65	174
538	473	65	175
539	473	64	176
538	474	64	177
538	475	64	178
537	475	64	179
536	476	64	180
536	478	64	181
536	477	64	182
535	477	63	183
534	477	63	184
533	477	63	185
532	476	63	186
531	475	64	187
530	475	64	188
529	474	64	188
529	474	65	188
528	473	65	187
527	473	65	188
528	474	65	188
527	474	65	188
526	474	65	187
526	475	66	188
526	476	66	189
527	476	65	190
526	476	66	191
527	477	65	191
527	477	65	191
528	476	65	191
529	477	65	191
530	476	65	191
530	477	65	192
531	475	64	193
532	475	64	192
531	474	64	191
531	473	65	188
531	472	65	186
531	473	67	184
531	474	68	184
530	475	69	184
529	475	69	184
529	475	70	186
528	476	70	187
528	476	71	189
529	477	70	190
528	478	70	191
529	477	70	192
529	478	69	193
528	478	69	193
528	478	69	193
528	477	68	193
529	477	68	194
530	475	67	193
530	474	67	190
531	473	66	188
532	474	66	186
532	474	66	186
532	475	66	185
533	475	66	186
534	476	66	186
535	477	66	187
534	477	66	188
535	478	66	189
536	478	65	190
537	479	65	192
539	479	65	192
540	479	65	192
541	479	65	192
542	479	65	193
543	478	65	193
543	478	65	193
544	475	66	190
543	475	67	188
543	475	67	187
544	475	68	186
544	475	68	186
545	476	69	188
545	476	69	188
546	477	69	190
547	477	69	191
547	477	69	192
548	478	69	193
548	479	69	194
549	479	69	195
549	479	69	195
549	478	69	195
549	478	68	197
550	477	68	198
550	476	67	198
550	475	67	196
552	473	67	194
552	473	67	192
553	474	67	191
553	474	68	191
554	475	69	191
554	476	69	191
555	476	70	193
555	477	71	194
556	477	71	195
556	477	71	196
557	478	71	197
559	479	71	198
559	478	71	198
561	478	70	198
562	478	70	199
562	478	71	200
564	476	71	201
566	476	70	200
567	474	70	197
568	473	70	195
569	474	70	193
572	473	70	192
572	475	70	192
573	475	70	193
575	476	70	193
576	477	69	194
578	478	69	196
578	478	69	197
578	480	69	198
579	479	69	199
579	480	69	200
579	479	69	201
580	478	68	202
579	478	68	203
579	478	69	203
578	477	69	203
579	477	69	202
579	476	70	199
580	475	70	197
580	477	70	196
580	477	71	195
581	478	72	196
582	479	73	197
583	480	73	198
584	482	74	199
585	483	75	200
587	484	75	201
588	485	75	202
589	486	75	204
592	486	75	205
594	486	75	206
596	487	75	207
597	487	74	208
600	487	74	209
601	487	73	210
602	486	73	208
604	486	73	205
606	487	72	203
607	488	72	202
608	489	72	201
609	491	72	201
611	494	72	202
611	496	72	204
612	498	72	206
612	500	72	207
612	502	72	209
612	504	72	210
613	506	72	210
612	508	72	210
613	509	72	210
613	509	72	209
613	509	72	209
613	510	73	209
613	510	73	209
614	510	73	209
613	510	74	208
614	511	74	206
614	512	74	205
614	513	75	205
614	514	75	204
615	515	75	203
615	516	76	202
617	517	76	201
617	519	76	200
618	521	76	198
619	523	77	196
621	524	77	195
622	526	77	193
624	526	77	192
625	527	77	190
626	527	78	190
628	529	78	189
630	530	78	189
632	531	78	188
633	531	77	188
636	532	77	187
637	533	77	187
639	534	77	187
639	536	77	185
641	537	77	184
642	537	76	183
643	539	76	182
645	541	76	181
646	542	75	179
647	544	74	177
648	544	74	176
648	546	74	174
650	546	74	173
649	547	74	172
650	548	74	172
650	547	74	172
650	549	75	171
651	549	75	171
652	551	75	170
653	552	76	169
653	553	77	169
654	552	77	167
655	554	78	166
656	555	78	165
657	557	78	163
659	559	79	161
661	561	79	159
661	563	79	157
662	565	79	156
665	567	79	154
666	568	79	153
668	570	79	151
669	571	79	150
672	571	79	149
673	572	79	148
677	573	79	148
678	573	79	147
681	573	79	146
683	575	78	146
685	575	78	145
688	576	77	144
690	578	76	143
691	579	76	141
693	581	75	140
694	582	75	139
696	583	75	137
697	586	75	135
698	587	75	134
699	589	75	132
699	589	75	131
699	591	75	130
699	591	75	129
700	591	75	129
700	592	75	128
700	594	76	127
699	594	77	126
700	595	78	125
700	596	79	124
700	597	80	123
701	599	81	122
701	599	81	121
702	601	82	120
703	603	83	119
704	604	83	117
705	606	83	115
706	607	83	114
710	610	83	112
711	611	83	110
713	612	82	109
714	612	82	109
717	613	82	108
720	613	81	107
721	614	81	106
723	615	81	106
724	616	81	105
726	617	81	104
727	618	81	103
729	619	80	102
730	620	80	101
732	621	79	100
733	622	79	98
735	624	78	97
735	627	78	95
737	629	77	94
737	629	76	92
738	631	76	90
739	633	76	89
738	634	75	87
739	635	75	86
739	636	75	85
738	637	75	84
739	639	76	83
738	640	76	81
738	640	77	81
739	642	77	79
738	644	78	77
738	645	78	76
739	646	79	75
740	648	79	74
740	650	78	72
742	651	78	70
743	654	77	68
745	656	76	66
746	658	75	64
748	660	75	62
751	662	73	60
753	664	73	57
755	666	71	56
757	667	70	54
758	668	69	53
760	669	68	52
762	670	68	50
763	671	67	49
763	672	66	49
764	672	65	48
767	673	64	47
769	675	62	46
772	675	59	45
776	678	55	45
777	678	52	44
774	680	50	43
772	682	49	42
773	682	48	41
773	682	46	40
773	683	45	39
774	683	42	38
774	683	39	38
776	683	36	38
778	683	33	37
779	684	31	37
779	684	30	36
781	684	28	36
780	685	28	35
781	686	27	34
783	687	27	33
783	688	27	33
784	689	26	32
784	691	26	31
785	691	26	30
785	692	27	29
786	693	26	28
787	695	27	26
789	695	26	26
789	696	26	25
790	696	26	24
790	697	26	24
792	696	26	24
791	698	26	23
792	697	26	23
793	698	26	23
793	697	26	23
793	699	26	22
791	698	26	22
792	700	27	21
791	701	27	20
791	701	27	19
791	703	28	18
789	704	28	17
789	704	28	17
789	705	28	16
788	704	28	16
788	704	28	16
787	705	29	15
787	705	29	15
786	704	28	16
786	704	28	16
786	704	27	16
787	704	27	16
787	704	27	15
788	705	27	15
787	705	27	15
787	706	27	15
786	706	27	14
787	707	27	14
787	708	27	13
787	708	27	12
786	710	27	12
784	711	29	11
786	712	29	10
785	712	29	10
787	711	30	10
787	712	30	10
788	712	30	10
787	711	30	10
786	712	30	10
788	712	30	10
790	711	30	10
786	712	30	10
786	712	30	10
785	712	31	10
784	712	31	10
787	711	31	10
789	713	31	10
786	712	31	10
785	710	31	10
784	710	31	10
782	710	31	10
782	710	31	10
781	710	31	10
780	711	31	10
780	710	31	10
779	710	31	10
777	710	31	10
775	711	31	10
774	711	31	10
773	709	31	10
772	709	31	10
771	709	31	10
770	709	31	10
770	710	31	10
769	710	31	10
769	711	31	10
770	711	31	10
770	712	31	10
770	710	31	10
769	709	31	10
769	710	31	10
769	710	31	10
768	711	31	10
768	709	31	10
768	709	31	10
768	709	31	10
767	708	31	10
766	707	31	10
765	706	31	10
764	707	31	10
763	706	31	10
762	712	31	10
761	709	31	10
759	708	31	10
758	706	31	10
756	705	31	10
756	705	31	10
756	706	31	10
755	706	31	10
754	705	31	10
754	706	31	10
753	706	31	10
752	705	31	10
751	706	31	10
750	705	31	10
749	707	31	10
748	707	31	10
747	707	30	10
746	707	30	10
746	707	30	10
744	705	30	10
744	706	30	10
743	705	30	10
743	705	30	10
742	704	30	10
767	711	31	10
763	710	31	10
757	710	31	10
761	706	31	11
771	707	31	11
771	701	29	13
768	707	28	13
768	701	28	13
768	700	28	13
767	700	28	13
767	699	28	13
766	698	28	13
765	699	28	13
759	697	28	13
751	697	27	13
751	697	27	14
750	696	27	14
749	694	27	14
749	695	27	14
748	696	27	14
748	697	27	14
747	697	27	14
747	696	27	14
741	696	27	14
739	696	27	14
739	696	27	14
739	701	27	14
739	700	27	14
738	699	27	14
732	699	27	14
731	699	27	14
730	697	27	14
730	696	27	14
729	696	27	14
727	699	27	14
726	698	27	14
726	699	27	14
725	698	27	14
725	696	27	15
724	695	27	15
722	701	27	15
721	701	27	15
720	701	27	15
721	702	27	15
722	704	27	15
721	704	27	15
721	703	27	15
720	704	27	15
719	704	27	15
718	703	27	15
718	704	27	15
717	703	27	15
717	702	27	15
717	701	27	15
716	701	27	15
715	700	27	15
715	701	27	15
715	700	27	15
714	699	27	15
707	698	26	15
706	697	26	16
705	695	26	16
705	692	26	16
705	697	26	16
704	696	26	16
703	699	26	16
702	701	26	16
701	702	26	16
701	703	26	16
700	703	26	16
700	701	26	16
699	702	26	16
698	702	26	16
