541	296	188	130
536	296	186	130
540	296	185	130
539	296	182	130
539	295	181	130
540	296	180	130
539	295	179	130
540	295	179	129
538	295	179	128
538	294	178	127
539	294	177	126
539	294	176	126
540	295	174	127
539	294	173	126
539	294	172	127
539	293	171	127
540	293	169	127
539	293	167	126
542	292	166	126
541	293	165	126
539	292	164	126
541	292	162	126
540	291	162	125
540	292	161	125
539	291	160	124
539	292	160	124
538	290	159	123
538	290	158	123
537	290	158	124
536	290	157	124
536	290	156	125
536	289	156	125
535	289	155	125
534	289	155	125
535	288	153	125
534	289	152	126
534	288	152	126
533	287	151	126
534	287	150	126
533	287	150	126
534	286	149	125
532	285	148	125
533	286	148	126
531	286	147	126
532	285	145	125
532	286	146	125
532	286	145	125
533	286	144	125
534	285	142	124
533	286	141	124
536	286	139	124
535	286	139	124
535	287	137	123
536	287	136	122
537	286	135	121
536	286	134	120
536	287	134	119
536	287	133	118
537	287	132	118
539	287	131	118
540	287	130	118
540	287	129	118
541	287	128	118
542	288	128	117
542	286	127	117
543	287	127	117
544	287	125	116
543	286	125	115
545	287	124	115
546	286	123	115
547	287	123	114
547	287	122	114
549	287	121	114
549	287	120	114
550	287	119	114
550	287	119	113
550	287	118	112
552	288	117	111
551	289	116	111
552	288	116	111
552	288	115	111
552	287	115	111
554	289	114	112
554	288	113	112
554	289	113	111
556	290	112	111
556	291	111	111
556	291	111	111
556	291	111	111
558	293	110	111
557	292	109	110
559	294	108	110
559	295	108	110
559	296	107	110
560	296	106	110
561	297	106	110
561	298	106	110
561	299	105	110
561	299	104	110
561	301	104	110
561	301	104	109
561	302	104	109
561	303	103	109
562	304	103	109
562	305	102	109
562	306	102	108
563	307	101	108
564	308	101	108
563	309	100	108
563	310	99	108
563	310	99	108
562	311	99	108
562	312	99	107
562	312	99	108
562	313	98	107
563	314	97	107
563	315	97	107
564	316	96	106
564	316	96	106
564	316	96	106
565	316	95	106
564	317	95	106
566	318	94	106
565	317	94	106
565	318	93	106
564	319	93	106
564	318	92	105
564	318	92	105
563	319	92	106
563	318	92	106
564	318	91	106
564	318	91	106
564	318	90	106
564	318	90	106
564	317	89	107
564	318	89	107
564	317	89	108
565	317	88	107
564	317	88	108
564	316	88	108
563	316	87	108
563	317	87	107
563	316	86	107
563	316	86	107
562	317	86	107
562	317	85	107
562	318	85	107
562	317	84	107
561	318	84	107
561	318	84	107
560	320	84	107
560	320	84	107
559	321	84	107
559	321	84	107
560	322	84	107
560	322	83	107
560	322	83	107
559	323	82	107
560	323	82	107
560	323	82	107
559	324	82	107
560	325	81	107
560	325	81	107
559	325	81	107
560	325	80	107
560	326	80	107
560	326	80	107
562	326	79	107
562	326	79	108
562	327	79	108
562	327	78	107
563	327	78	107
562	327	78	107
564	327	77	106
564	326	77	106
565	327	76	107
565	327	76	107
567	327	75	106
567	327	74	106
568	327	74	106
568	326	73	106
570	327	72	107
571	327	71	107
571	326	71	106
573	326	70	106
573	326	70	106
574	326	69	106
574	326	69	106
576	327	68	106
576	328	67	105
579	327	66	106
579	327	66	106
579	327	66	106
581	328	65	105
582	327	64	105
582	329	64	106
584	328	64	105
585	329	63	105
586	329	63	106
587	328	63	106
588	328	62	106
589	329	62	106
591	328	61	105
592	328	61	105
594	328	60	104
594	329	60	104
596	328	60	103
597	329	59	103
598	329	59	103
599	328	59	103
600	330	59	104
601	328	59	104
602	329	59	104
603	329	59	104
604	328	60	104
604	329	60	105
606	328	60	105
605	330	60	105
607	329	60	104
607	329	60	104
608	330	60	104
609	330	61	104
609	331	60	104
609	331	61	103
610	332	61	103
610	333	62	103
610	333	62	103
609	333	63	102
609	333	64	102
609	335	64	102
609	334	64	101
609	335	65	101
609	336	65	101
609	336	66	100
607	336	66	100
608	337	66	100
608	337	67	100
608	337	68	100
607	338	68	100
608	338	68	100
608	339	68	100
608	339	69	99
609	341	68	100
608	341	69	100
607	341	70	99
608	342	70	100
608	343	71	100
607	343	72	100
607	346	72	99
604	345	73	99
605	347	73	99
604	349	73	99
603	349	74	99
603	350	75	99
603	352	75	99
601	351	76	99
601	353	76	99
600	354	76	98
600	357	76	98
600	356	77	98
597	358	77	99
598	359	78	99
595	361	79	99
596	361	79	99
596	362	80	99
594	362	81	99
593	363	81	99
591	364	81	99
592	364	81	99
591	365	82	99
589	366	82	99
588	366	83	99
587	367	84	99
585	367	84	99
586	367	85	99
584	366	85	98
583	368	86	98
583	369	86	99
581	369	86	98
580	369	87	99
580	369	87	99
578	369	87	99
577	368	87	98
575	368	86	98
574	368	86	97
573	368	87	97
571	369	87	96
571	369	88	96
570	369	88	96
568	369	88	96
567	369	88	96
567	369	89	96
565	370	89	96
564	370	90	96
562	370	90	96
560	370	91	96
558	370	92	96
559	370	92	97
555	370	93	97
555	371	94	97
553	371	94	97
552	371	94	96
549	371	94	96
549	371	94	96
546	371	95	96
546	371	95	96
544	371	96	96
542	371	96	96
541	372	97	96
539	372	97	96
537	372	97	96
535	373	97	96
534	374	98	96
533	373	98	95
532	374	98	96
529	373	98	95
529	374	98	96
527	375	98	96
527	375	98	95
524	375	99	95
524	375	99	95
522	375	99	95
521	375	99	94
520	375	100	94
519	375	100	94
517	374	100	94
517	374	100	94
515	374	101	94
517	374	100	94
513	374	102	94
513	374	102	95
513	374	102	94
512	375	103	94
512	374	103	94
510	376	103	94
512	375	103	94
509	376	103	94
511	377	103	94
508	376	104	93
509	377	104	93
507	378	105	93
507	377	105	93
505	379	106	93
505	378	106	93
507	378	106	93
506	377	106	93
505	378	107	93
505	377	109	92
504	378	109	92
504	378	109	92
503	378	109	92
503	378	109	92
502	379	110	92
502	378	110	92
503	378	110	91
502	379	110	91
503	379	109	90
501	380	110	90
501	380	110	90
499	381	110	91
498	380	110	90
497	380	111	89
496	382	111	89
494	382	111	89
493	382	111	89
491	382	111	89
491	383	111	89
490	383	111	89
488	383	111	89
487	383	111	90
487	383	112	89
485	383	113	89
484	384	113	89
482	384	114	89
480	384	115	89
479	384	115	89
478	384	115	89
478	385	115	89
476	385	115	89
477	385	116	88
474	386	116	88
473	386	117	88
472	385	118	88
471	385	117	88
470	386	118	88
469	385	118	88
468	386	119	88
466	387	119	88
466	387	119	88
465	389	120	88
463	388	120	88
461	389	121	89
462	389	121	89
461	388	121	88
459	389	121	88
458	389	121	89
460	389	122	88
458	389	122	88
457	390	122	88
455	390	122	89
454	391	122	89
453	391	122	89
453	391	123	88
451	392	122	88
449	392	122	88
449	393	122	88
447	393	122	88
447	393	122	88
446	394	122	88
446	394	122	89
445	393	122	89
443	395	122	88
442	395	122	89
441	395	123	88
440	397	124	88
439	398	124	89
437	398	124	89
436	399	124	89
435	399	125	88
435	400	125	88
433	400	125	89
432	400	126	90
431	400	127	90
429	402	126	90
428	402	128	90
426	402	128	91
425	403	129	90
423	403	128	91
422	404	129	91
420	403	130	91
420	403	129	91
420	403	130	92
419	404	130	92
417	405	129	92
416	406	129	92
414	406	129	92
414	407	129	91
413	407	129	91
412	407	130	91
411	407	130	91
410	408	131	92
409	408	132	92
408	409	132	92
407	409	133	92
405	409	134	93
404	409	134	93
403	410	134	93
401	410	134	93
401	410	135	94
400	409	135	94
399	410	135	94
398	411	135	94
397	410	136	94
397	411	136	94
396	412	137	93
393	412	138	93
393	413	139	93
393	412	140	92
392	413	140	92
391	413	140	92
390	413	140	92
388	414	141	92
386	413	141	92
387	414	143	92
386	414	144	92
385	415	145	92
384	416	145	93
384	416	145	94
385	416	147	94
383	416	149	94
382	417	148	94
381	417	148	93
380	418	147	94
381	419	150	95
381	420	150	95
378	419	150	95
377	420	149	95
377	419	149	96
378	421	149	97
378	421	150	97
377	420	151	97
377	422	152	97
377	423	152	98
376	422	153	99
375	423	154	98
374	423	156	97
374	423	157	97
372	425	158	97
374	426	159	98
373	426	161	99
371	426	162	99
369	428	161	99
369	427	161	100
369	428	161	101
368	427	162	100
369	428	163	100
367	428	162	100
368	429	163	100
368	429	163	100
369	430	164	100
367	432	165	99
367	432	166	100
366	431	166	100
366	433	167	101
366	435	168	101
