384	268	11	13
384	268	10	13
384	268	10	12
383	268	10	12
384	268	10	12
384	269	10	12
385	268	10	12
385	268	10	12
387	269	10	12
387	269	10	11
389	269	10	12
390	267	10	12
391	268	10	12
392	268	10	12
397	268	12	11
394	268	13	11
395	268	13	11
396	268	14	11
397	267	14	11
397	268	13	11
397	267	13	12
397	267	13	12
398	268	13	12
398	267	12	12
398	267	12	12
398	266	12	12
398	266	12	12
398	266	11	12
399	266	12	12
398	266	12	12
398	267	12	12
398	267	12	12
399	267	13	12
400	266	13	11
403	267	12	12
404	266	12	12
404	267	12	12
405	266	11	12
406	266	10	12
407	266	10	12
407	266	10	12
407	266	10	12
408	267	10	12
409	266	10	12
411	266	10	12
411	266	10	12
411	267	10	12
412	266	10	12
413	267	10	12
414	266	10	13
414	267	10	13
414	266	10	13
415	266	10	14
415	266	10	14
416	265	10	14
416	265	10	14
416	266	10	14
417	266	10	13
418	266	10	13
419	265	10	13
419	266	10	13
419	266	10	13
420	267	10	12
419	266	10	12
420	266	10	12
421	267	10	12
420	267	10	12
421	267	10	12
422	266	10	12
434	262	10	12
434	262	10	13
433	262	10	13
433	262	10	13
433	261	10	13
432	262	11	13
431	262	11	13
431	262	12	13
431	262	13	13
430	261	13	13
431	262	13	13
432	261	13	14
431	261	13	14
431	261	13	14
431	261	13	14
430	260	12	15
430	261	12	14
430	260	12	14
430	261	12	14
430	260	12	14
429	261	13	14
429	262	14	14
429	261	14	14
428	261	14	14
428	260	15	14
428	261	16	14
427	261	16	14
427	261	16	15
431	262	17	14
434	262	17	15
436	262	17	15
436	261	16	15
437	262	16	15
437	261	16	15
437	261	15	15
438	261	15	15
438	260	14	16
438	260	14	16
438	260	13	16
439	260	12	16
440	259	12	17
440	259	12	17
441	259	11	17
440	259	11	17
441	259	11	17
441	258	10	17
441	258	10	18
441	258	10	18
441	258	10	18
442	258	10	18
442	257	10	18
441	258	10	18
441	258	10	19
422	257	11	18
420	257	12	17
419	258	12	17
419	257	12	16
418	258	12	16
418	259	12	16
417	258	13	16
417	259	13	15
417	259	13	15
417	259	13	15
416	259	13	15
415	258	12	15
415	259	13	15
414	259	13	15
414	259	13	15
413	259	13	15
413	260	13	15
411	259	13	16
412	259	13	16
412	259	13	16
412	259	14	16
411	260	14	16
410	258	14	16
409	260	15	16
409	260	15	16
408	259	15	16
407	260	15	16
407	260	15	16
406	260	16	16
406	259	16	16
405	260	16	16
404	260	16	16
404	260	16	16
404	260	17	16
403	260	17	16
402	259	17	16
402	259	17	17
401	260	17	17
401	260	17	17
401	260	17	17
400	261	17	17
399	260	18	17
400	261	18	17
399	260	17	17
399	260	17	17
398	261	18	17
397	260	18	17
397	261	18	17
396	261	18	17
397	261	18	17
396	261	18	17
395	262	18	17
395	261	19	17
394	261	19	17
394	261	19	17
394	261	19	17
393	262	19	17
393	261	19	17
393	261	18	17
393	261	18	17
392	261	18	17
392	261	18	17
392	262	18	17
391	261	18	17
392	262	18	17
392	262	17	17
390	262	18	17
391	261	17	17
390	262	17	17
390	263	16	17
390	261	16	17
390	262	16	17
390	263	16	17
388	263	15	17
389	262	15	17
388	262	15	17
387	263	15	17
386	262	15	17
386	263	15	17
386	262	15	17
386	263	15	17
385	263	15	16
384	262	15	16
384	263	15	16
383	264	15	16
384	263	15	16
382	263	15	16
382	263	15	16
382	264	15	16
381	263	15	16
380	264	15	16
380	264	15	16
379	264	15	16
379	264	15	16
378	264	15	16
378	264	15	16
378	265	15	17
377	264	15	17
377	265	15	16
377	265	15	17
376	265	15	17
375	265	15	16
374	266	15	16
373	265	15	16
373	266	15	16
372	266	15	16
372	266	15	16
372	266	15	16
370	266	15	16
370	267	16	16
370	266	16	16
369	266	16	17
368	267	16	16
367	266	16	17
367	267	15	17
367	266	15	17
366	267	16	17
365	266	16	17
365	268	16	16
364	267	16	16
363	267	16	17
363	268	16	17
362	268	16	17
361	268	16	17
361	268	16	17
362	269	16	17
360	268	16	17
360	269	16	17
359	269	16	17
359	269	16	17
359	269	17	17
357	268	17	17
356	270	16	17
357	269	16	17
356	270	16	17
355	269	16	17
355	270	16	17
353	269	16	17
353	270	16	17
352	270	16	17
353	271	16	17
351	270	16	18
351	271	16	18
351	271	16	18
349	271	16	18
349	272	17	17
348	272	17	17
348	272	17	17
347	272	17	17
347	272	17	17
346	272	17	17
345	272	16	17
344	271	16	18
344	272	17	17
344	273	16	18
342	272	16	18
342	273	16	18
341	273	16	18
341	272	16	18
341	273	16	17
339	274	16	17
339	273	16	17
338	273	16	18
337	273	16	18
337	274	16	17
337	274	16	18
336	274	16	18
335	274	16	18
335	274	16	18
334	274	16	18
333	275	16	18
332	276	16	18
331	275	16	18
331	274	16	18
331	275	16	18
330	276	16	18
329	275	16	18
328	276	16	18
328	276	16	18
328	277	16	18
327	277	16	18
325	277	16	18
324	277	16	18
325	277	16	18
323	278	16	18
322	278	16	18
321	278	16	18
320	278	16	18
320	278	16	18
320	279	16	18
319	279	16	18
317	280	16	18
316	280	16	18
316	280	16	18
314	279	16	19
315	281	16	18
312	280	15	19
312	281	16	18
312	281	16	18
311	280	16	18
310	281	16	18
309	281	16	18
308	282	16	18
308	282	17	18
307	282	17	18
306	282	17	18
305	283	17	18
304	284	17	18
304	284	17	18
303	283	17	18
302	284	17	18
301	284	17	19
300	284	17	18
299	285	18	18
298	285	18	18
297	285	18	19
297	285	18	19
296	285	17	19
295	285	17	19
295	285	17	20
293	286	17	20
293	287	17	19
292	287	17	19
292	286	17	19
291	288	18	19
290	287	17	19
288	288	18	19
288	288	17	19
288	288	17	19
287	288	17	19
286	288	17	19
284	288	17	20
284	289	17	20
284	289	17	20
283	290	17	20
282	290	17	20
281	290	17	20
280	291	18	20
279	290	17	20
278	291	17	20
277	291	17	20
276	292	18	20
275	292	18	20
276	292	18	21
274	292	18	20
273	293	18	21
272	294	18	20
270	294	18	21
270	294	18	21
269	294	18	21
269	294	18	21
267	295	18	21
266	295	19	21
266	296	19	21
265	296	19	21
263	297	19	21
262	297	19	21
261	297	19	21
260	296	19	21
259	297	19	21
259	298	19	21
257	298	20	21
256	298	20	21
257	299	20	22
255	298	19	22
254	299	19	22
253	300	19	22
252	300	20	22
253	300	20	22
250	301	20	22
250	301	19	22
249	301	20	22
248	302	20	21
248	302	20	21
246	302	20	21
245	303	20	21
244	303	20	21
242	304	20	21
243	304	20	21
242	305	20	22
241	305	20	22
240	305	20	22
238	305	19	22
238	306	19	22
238	307	19	22
237	306	19	22
235	307	19	22
234	308	19	22
234	307	19	23
232	307	19	23
232	308	19	23
230	309	19	22
229	309	20	22
228	310	20	22
227	310	20	22
226	311	20	22
225	312	20	23
223	312	20	23
223	311	19	23
222	312	19	23
220	313	19	23
219	313	20	23
218	314	20	23
218	314	19	23
216	314	20	23
215	314	20	23
214	315	20	23
212	316	20	23
212	317	20	23
211	317	20	23
209	316	20	23
207	318	21	23
207	318	21	23
206	318	21	23
204	318	21	23
202	319	21	23
201	320	21	23
200	320	21	23
199	321	21	23
198	320	22	24
196	322	22	23
195	322	22	23
193	323	22	23
193	323	22	24
192	323	22	24
191	324	22	23
189	324	22	24
187	325	23	24
187	324	23	24
184	325	23	24
184	326	23	24
182	327	23	24
180	328	23	24
180	327	23	24
178	328	23	24
177	328	24	24
175	329	23	24
173	330	24	24
173	329	24	24
171	330	24	25
170	331	24	25
168	332	24	24
167	332	24	25
167	333	23	25
165	333	24	24
163	334	23	24
161	334	24	24
159	335	24	25
159	335	23	25
157	335	23	25
156	336	23	25
154	337	23	25
152	338	23	25
152	337	23	25
150	338	23	25
149	338	23	25
146	339	23	25
145	340	23	25
144	340	23	26
143	340	23	26
140	341	23	25
138	342	23	25
136	342	23	25
137	342	23	25
134	344	23	26
132	344	24	26
130	345	24	26
128	346	24	26
128	346	24	26
126	347	24	26
123	348	24	26
121	348	24	26
119	349	24	26
119	348	24	27
117	349	24	26
114	350	24	27
113	350	25	27
112	350	25	27
110	351	24	27
107	351	25	27
105	353	25	27
102	354	25	27
102	353	25	28
100	354	25	28
96	355	26	28
94	356	26	28
92	356	26	28
92	356	26	28
90	357	27	28
87	358	27	28
84	359	27	28
81	359	27	28
81	359	27	28
79	360	27	28
76	361	28	28
74	361	28	28
70	362	28	28
71	362	28	28
67	363	28	29
65	364	29	29
62	365	29	29
59	365	29	29
59	365	29	29
56	366	29	29
54	367	29	29
51	368	30	29
47	368	30	29
48	369	30	29
45	370	30	29
42	370	30	30
39	371	30	30
36	373	30	30
36	372	30	30
34	374	30	30
31	375	30	30
28	376	30	30
25	377	30	30
25	377	31	30
21	378	31	31
19	378	31	31
15	380	31	31
12	381	31	31
12	382	31	30
9	383	31	31
6	384	31	31
2	385	31	32
0	387	32	32
0	387	32	32
0	388	31	33
0	389	29	34
0	390	27	35
