1060	519	81	99
1062	515	81	96
1057	511	87	92
1061	509	88	89
1059	509	89	87
1059	509	90	85
1064	508	89	85
1063	507	91	84
1066	508	90	83
1066	507	90	82
1068	508	89	82
1073	509	89	83
1080	510	85	86
1084	512	82	90
1083	513	81	94
1085	513	77	99
1088	513	73	101
1088	512	70	101
1084	513	69	98
1082	514	67	97
1077	517	66	96
1072	521	65	96
1068	523	66	97
1064	527	68	101
1058	531	72	104
1051	532	75	104
1046	536	79	104
1038	540	83	104
1031	541	85	105
1027	542	86	105
1018	545	85	105
1013	548	85	104
1006	551	83	103
1006	553	79	103
999	556	78	101
999	555	74	102
991	558	73	102
990	555	71	103
989	551	69	103
985	550	67	104
979	545	66	105
977	542	65	106
975	540	64	106
971	538	63	106
969	536	62	108
966	531	62	110
962	531	61	111
959	528	61	112
957	527	62	113
953	526	62	113
949	519	63	112
942	516	66	113
940	513	68	113
938	509	68	115
931	507	70	115
923	506	71	114
922	504	70	115
919	502	69	116
916	500	66	116
912	500	65	117
911	500	63	119
911	498	60	120
908	504	59	120
907	507	59	119
907	510	59	118
906	513	58	118
905	515	57	118
903	521	58	118
903	522	57	119
901	527	58	119
898	530	58	120
896	535	60	120
896	540	61	120
897	542	61	121
895	547	64	121
899	555	63	121
901	559	63	122
901	562	64	123
900	568	63	123
901	571	63	124
898	573	63	124
896	572	64	124
893	571	64	125
890	569	65	125
885	568	67	125
883	566	67	126
880	563	67	125
876	559	68	125
875	554	68	125
872	547	69	124
865	538	70	123
864	525	70	122
860	513	71	121
858	499	70	120
856	484	71	119
850	465	72	118
846	453	73	117
846	440	73	115
845	428	73	114
842	418	74	113
841	409	74	111
839	401	74	111
838	396	74	109
840	392	73	108
836	388	74	107
837	385	74	105
836	384	73	103
837	383	73	100
835	382	74	98
833	379	74	96
834	378	73	94
833	376	74	91
834	376	73	89
831	377	73	86
833	379	72	83
831	383	71	81
832	385	68	79
833	388	67	77
830	391	67	75
828	396	67	73
827	400	66	72
826	405	66	69
823	409	67	67
820	415	68	66
815	419	69	65
809	425	72	63
806	431	73	63
801	436	75	62
797	442	76	62
791	449	78	62
785	453	81	61
778	458	85	61
773	463	89	60
766	467	93	60
762	472	95	59
759	478	96	60
753	482	98	60
749	484	99	59
741	488	100	58
736	488	101	56
729	491	102	55
726	492	102	55
721	490	103	54
719	491	103	52
716	491	103	52
709	494	105	51
707	496	105	51
702	497	106	51
699	501	105	50
696	503	102	50
682	507	103	50
676	510	103	50
671	512	102	49
664	514	101	49
660	516	98	49
652	510	96	53
646	504	93	57
638	510	93	57
620	508	96	58
614	520	97	55
607	526	96	53
602	527	93	53
592	532	92	51
586	533	90	51
581	535	87	52
577	541	84	52
576	544	80	53
578	547	77	53
583	549	75	54
586	552	74	54
588	555	74	55
589	558	74	55
591	560	72	57
589	561	71	58
592	564	70	59
587	565	68	61
589	568	69	61
588	570	70	61
586	569	68	62
588	572	69	63
586	568	66	66
590	569	63	69
587	566	61	71
591	565	58	73
590	570	59	73
589	559	56	76
590	563	55	77
592	561	56	79
593	556	54	83
593	555	53	85
590	548	51	89
588	546	50	92
584	542	49	94
582	543	48	94
578	540	48	95
572	539	49	94
573	541	48	93
567	537	48	92
569	533	47	93
564	535	49	91
562	530	48	91
561	531	47	91
557	530	48	90
558	527	47	90
554	525	46	91
550	520	46	91
547	517	46	90
548	512	45	90
544	509	45	90
536	509	47	88
533	505	48	88
533	506	46	89
527	500	47	88
527	500	46	87
523	495	46	87
522	492	44	88
520	492	44	88
518	488	44	87
515	487	44	86
517	487	43	87
511	483	44	86
509	482	43	85
511	478	43	84
508	478	42	85
507	477	43	85
510	474	41	86
506	471	42	88
506	470	42	89
503	466	43	88
502	468	43	89
499	465	43	87
499	466	43	87
497	464	43	87
497	465	43	87
496	464	43	87
495	463	43	87
495	463	42	85
494	464	42	86
495	464	42	87
493	462	42	86
495	464	43	86
494	463	44	84
495	467	44	85
495	467	45	85
492	467	45	85
495	469	45	85
496	470	45	85
497	471	45	84
499	474	44	84
499	475	44	85
500	476	44	86
503	479	43	87
504	478	42	86
506	482	41	84
507	483	40	85
509	486	40	84
511	488	40	83
512	491	40	82
513	494	40	83
515	496	40	83
518	497	40	83
519	501	40	83
521	503	40	83
522	506	40	82
523	509	41	82
526	513	41	81
527	515	42	82
528	519	42	83
531	523	42	82
533	526	42	82
537	530	42	82
539	534	42	82
542	536	42	82
545	538	42	82
547	540	42	82
550	542	42	82
553	544	43	81
556	545	43	80
559	547	43	79
561	548	44	78
565	552	45	77
569	553	45	77
572	554	45	77
576	557	46	78
580	557	46	76
585	559	47	76
590	561	48	74
593	563	48	73
598	565	49	72
603	566	49	71
608	569	50	69
614	569	51	69
619	570	51	67
625	572	52	66
629	572	52	65
636	574	54	62
639	574	55	61
645	574	56	59
651	574	57	56
657	574	58	54
664	575	59	52
671	577	60	50
675	577	61	49
682	578	61	48
687	579	62	47
695	581	63	46
701	582	64	46
708	582	65	45
715	583	65	44
722	584	66	44
733	585	65	44
741	586	65	44
750	586	65	44
757	586	65	44
766	587	64	45
777	587	63	46
787	586	62	47
796	586	62	48
803	584	62	49
811	583	61	50
822	581	60	51
831	581	58	51
835	577	57	52
842	577	57	53
848	576	55	54
856	573	53	55
858	570	52	56
862	566	53	56
865	564	54	55
867	560	53	54
874	556	52	54
878	551	50	54
882	544	48	55
887	536	46	55
889	529	44	57
887	521	46	59
888	513	46	61
885	507	49	62
884	502	50	65
894	497	45	70
892	491	43	71
893	487	41	71
896	483	40	69
888	477	44	64
891	478	49	58
891	473	56	51
887	472	65	45
885	476	70	41
875	475	70	40
870	475	70	40
866	474	71	38
867	472	72	36
875	472	71	35
868	472	72	36
874	475	70	38
882	477	62	43
879	474	60	45
887	479	54	48
887	484	53	46
882	483	55	42
883	483	57	38
887	484	57	36
903	487	52	39
888	477	56	34
890	478	56	31
890	479	56	30
894	482	54	29
902	483	52	31
901	479	52	32
911	481	48	33
911	478	47	33
911	477	46	35
911	473	45	37
910	470	45	40
913	469	47	39
913	470	47	41
912	469	47	43
911	466	47	44
912	465	46	45
911	465	46	46
911	461	47	45
908	459	49	45
909	459	49	45
908	456	50	46
909	455	49	46
909	454	49	46
910	452	48	47
910	451	47	47
911	449	47	48
911	447	47	49
909	445	47	50
911	443	47	51
910	442	46	52
911	440	46	54
909	439	47	55
909	437	47	56
908	436	47	57
908	435	47	59
905	433	49	59
904	433	49	59
903	431	51	59
901	430	52	59
901	429	53	59
901	429	53	60
909	428	50	60
911	426	48	60
912	425	47	60
914	425	45	60
915	423	46	60
917	421	46	59
921	419	46	59
924	419	45	58
925	417	45	57
927	417	46	55
930	417	45	55
930	419	46	56
933	417	45	56
935	419	45	57
937	416	46	58
935	417	47	58
937	417	48	58
940	416	48	58
939	417	48	58
937	415	49	59
936	414	51	58
936	414	50	59
937	414	49	58
935	414	49	59
934	412	49	59
931	413	49	60
928	412	50	60
925	412	52	59
924	411	52	59
923	411	52	59
924	410	52	59
923	410	51	59
922	408	50	59
921	407	49	59
919	406	49	59
919	404	49	58
916	404	49	58
915	403	50	59
915	402	49	59
912	401	50	59
913	397	49	59
913	397	48	59
913	395	47	59
912	395	47	60
912	393	47	61
912	392	46	61
913	390	45	62
912	389	45	62
910	388	45	63
910	386	45	62
910	387	45	63
909	386	44	63
909	386	44	63
909	385	44	64
908	385	44	65
906	384	45	65
905	383	45	64
905	383	46	64
904	383	46	64
904	382	46	64
904	382	46	65
903	382	47	65
903	382	47	65
905	383	47	66
905	382	46	67
906	382	45	67
906	383	45	67
908	382	45	66
907	383	45	66
909	383	44	66
910	383	45	66
912	384	44	67
911	384	45	67
913	385	45	67
914	386	45	67
917	387	45	67
920	388	44	67
923	389	44	67
923	390	44	66
928	392	43	66
929	392	43	65
934	393	42	65
937	395	41	64
940	396	41	63
944	399	40	63
948	400	39	63
953	401	38	63
957	402	38	63
960	404	37	63
964	405	38	63
970	406	37	63
976	407	36	63
981	407	36	62
981	407	37	61
989	408	37	62
991	408	37	62
998	408	37	62
1001	408	38	62
1004	408	38	61
1007	408	39	62
1011	409	38	61
1014	409	39	61
1017	409	39	62
1021	410	39	62
1024	411	40	62
1027	411	41	61
1030	411	41	61
1033	411	41	61
1037	413	42	60
1039	412	42	60
1044	415	41	60
1050	415	42	60
1055	415	42	59
1058	415	41	59
1064	417	42	59
1067	418	42	58
1072	419	43	57
1075	419	43	56
1079	421	44	56
1084	424	45	55
1088	425	45	55
1096	428	46	55
1102	429	46	55
1107	430	46	54
1113	432	47	54
1117	434	47	54
1123	436	49	54
1129	439	50	54
1134	440	51	54
1140	443	52	54
1147	445	52	55
1154	447	53	55
1158	450	53	55
1163	452	54	55
1168	454	55	56
1172	457	56	55
1177	461	57	56
1180	463	59	56
1184	466	60	56
1186	469	61	56
1189	470	63	56
1191	471	65	56
1193	472	66	56
1195	473	67	56
1194	472	68	57
1196	470	68	58
1193	469	70	58
1196	469	68	60
1193	466	69	62
1191	464	68	64
1188	460	68	66
1179	451	66	69
1171	446	65	71
1162	439	63	74
1147	428	61	77
1133	418	60	80
1115	403	58	82
1102	390	57	84
1089	377	57	85
1079	363	57	85
1064	349	58	87
1053	330	56	89
1043	315	55	91
1032	301	55	91
1020	287	56	90
1014	277	54	89
1011	271	54	87
1006	267	54	85
1001	267	55	81
997	264	58	78
998	265	59	75
1002	263	58	73
1002	262	57	71
1002	263	58	70
1002	263	60	70
1000	263	62	71
1002	264	67	70
1000	265	71	68
1000	265	73	67
1000	269	74	67
1000	273	76	65
1001	278	77	64
999	282	79	65
992	291	81	68
983	295	82	70
978	301	84	73
968	310	86	73
961	316	88	74
952	324	89	76
946	329	92	77
937	338	92	79
925	346	91	80
921	353	90	80
916	360	87	79
912	363	83	81
906	364	80	83
896	368	76	83
891	369	74	82
887	370	72	80
880	371	70	78
874	370	70	76
865	367	68	74
860	366	66	72
855	366	65	71
848	364	63	70
843	364	63	70
837	363	63	70
830	365	62	69
825	366	61	68
819	367	60	69
815	368	60	68
808	372	60	67
802	372	61	66
799	373	61	67
795	377	61	68
791	373	60	70
787	373	60	73
782	370	61	76
778	371	61	79
773	369	62	81
769	367	62	83
763	370	63	82
759	369	63	82
755	366	63	84
750	364	63	85
747	362	63	87
741	358	62	88
737	352	61	90
734	347	60	93
732	341	58	95
729	340	57	96
723	333	56	98
721	329	56	100
719	327	57	101
716	325	57	101
711	323	57	102
705	318	60	103
704	318	60	103
702	314	61	104
700	312	61	104
697	310	62	104
696	306	63	104
696	303	62	103
693	301	63	102
695	299	63	100
694	295	63	97
695	294	62	95
696	290	63	93
695	286	63	89
696	285	63	87
699	282	63	85
697	278	64	83
701	276	64	82
701	275	65	81
704	273	64	80
704	271	64	81
711	269	61	84
716	268	59	86
722	266	55	86
730	261	48	90
730	259	44	92
732	254	45	90
720	253	49	86
724	254	49	85
719	253	53	82
719	251	55	81
722	247	53	80
719	244	54	79
721	242	54	80
723	239	53	80
722	235	53	80
724	233	52	80
726	232	51	79
727	229	50	79
728	229	50	78
730	228	49	78
732	225	47	78
732	223	47	77
736	223	45	77
735	221	45	77
736	219	43	77
737	217	43	76
737	216	42	76
738	215	42	75
738	214	41	74
739	213	40	73
741	212	39	72
740	211	38	72
740	211	37	71
740	210	36	70
740	209	36	69
737	208	36	68
735	207	37	67
731	206	39	67
732	204	38	68
731	203	37	68
724	203	39	68
725	202	38	68
724	202	37	68
723	204	36	68
718	205	36	68
718	209	35	68
715	211	35	68
714	214	35	68
708	218	37	68
710	222	36	69
702	225	38	69
701	227	38	69
692	229	40	70
693	232	38	71
686	233	39	71
681	235	39	72
676	237	38	72
674	238	38	71
670	239	37	71
666	240	36	71
662	244	37	71
657	245	36	71
654	248	36	71
649	250	36	71
644	252	35	70
637	253	34	70
634	255	34	70
626	257	35	71
621	258	35	71
616	260	35	71
608	263	34	70
604	264	34	70
598	267	34	70
594	268	34	71
589	270	34	72
582	274	34	72
578	277	34	73
573	279	34	74
568	280	33	75
563	284	33	76
556	288	34	76
552	291	34	76
546	293	34	75
539	295	35	75
535	298	36	75
528	301	36	75
523	303	37	75
518	304	38	75
513	305	38	75
508	307	39	76
503	307	39	77
499	307	39	78
495	307	39	78
491	307	39	78
486	307	40	78
482	306	40	78
478	306	40	78
475	308	40	78
471	309	40	77
469	310	40	76
464	314	40	75
462	315	40	73
459	316	40	72
457	318	40	71
455	318	40	71
454	321	39	71
453	323	39	72
452	324	38	72
451	327	37	73
451	330	36	74
449	334	34	75
450	337	33	74
450	339	32	74
449	341	31	73
448	343	31	72
446	346	31	72
444	348	32	72
441	349	33	72
441	351	33	72
440	353	34	72
439	354	34	73
439	356	34	73
437	358	34	73
438	360	34	74
438	361	33	75
439	363	32	75
439	365	31	74
439	367	30	73
439	368	30	72
437	369	30	72
437	369	31	72
436	369	31	72
436	370	32	72
436	370	32	72
436	371	32	72
438	372	32	72
440	373	31	71
442	373	30	71
443	375	29	71
446	376	29	71
446	378	28	71
450	379	27	71
451	380	27	70
453	380	27	70
453	382	27	69
454	383	28	68
455	383	29	67
458	384	29	67
459	385	29	67
461	386	29	67
463	388	30	67
462	390	32	67
466	391	32	67
467	393	32	67
469	396	34	66
469	398	35	65
472	401	35	64
470	403	37	62
472	404	37	61
471	406	36	60
471	409	36	60
472	410	36	60
469	412	36	60
472	414	37	60
471	416	37	60
468	418	39	59
468	421	39	59
467	422	41	58
465	424	40	57
463	426	41	57
456	428	41	56
453	431	40	55
450	432	40	54
447	434	39	53
445	437	39	53
447	440	39	53
444	442	39	54
438	443	40	54
435	443	40	53
430	445	41	53
426	446	42	52
424	449	41	54
420	447	41	54
414	447	41	53
412	449	40	53
408	449	39	53
407	449	39	53
405	451	40	53
405	451	41	53
401	452	41	53
393	451	41	53
392	451	40	53
388	452	39	54
386	452	40	55
385	453	40	55
377	452	41	55
376	452	41	55
373	452	41	55
369	452	41	55
366	453	41	55
362	454	41	55
359	453	40	57
358	453	40	57
354	452	40	57
350	454	39	57
347	452	37	57
345	453	37	57
342	453	36	58
341	454	35	59
338	453	35	60
335	452	34	60
330	451	34	60
327	452	33	61
325	450	32	61
323	451	31	61
319	449	31	62
316	449	30	63
314	449	30	64
311	448	29	64
307	446	30	64
302	446	30	64
299	445	30	64
298	444	30	64
295	443	30	63
293	443	30	62
291	444	30	63
289	444	30	64
287	444	31	65
282	444	32	65
280	442	33	63
274	440	35	60
269	439	37	59
263	438	39	58
257	435	41	57
253	433	43	57
247	430	45	57
243	429	46	57
237	427	49	56
231	427	50	56
227	427	51	57
225	425	50	57
226	426	48	57
225	426	45	57
226	427	41	58
225	428	38	59
222	429	35	61
222	429	33	62
219	430	32	63
218	429	31	62
217	432	30	61
215	432	29	61
214	431	28	61
214	431	27	61
215	430	26	61
216	430	25	61
216	430	25	63
216	426	25	60
215	427	25	59
216	426	25	58
216	426	25	57
215	426	25	56
215	427	25	56
215	426	25	55
214	425	25	54
215	424	25	53
215	424	25	52
216	423	25	51
216	424	25	51
217	423	24	51
218	423	24	51
219	423	24	52
220	422	24	51
221	422	24	51
222	421	23	51
223	420	24	51
225	421	24	51
227	420	24	51
229	420	24	51
231	418	24	51
232	418	24	51
234	418	24	51
236	418	24	51
239	417	24	50
242	418	24	50
244	417	24	50
246	417	25	50
250	417	25	49
254	417	25	49
257	416	24	49
261	416	24	48
266	416	24	49
270	417	23	49
274	416	23	49
277	417	23	49
281	415	22	48
286	416	22	48
290	416	22	48
295	415	22	47
299	415	21	47
304	416	21	47
311	415	21	47
314	415	21	47
319	415	21	48
322	414	21	47
326	414	22	46
331	414	22	46
335	413	22	45
337	414	21	44
342	414	22	43
344	415	21	43
350	413	21	42
353	413	21	41
357	414	21	40
361	414	20	39
366	413	20	39
371	412	19	38
376	412	19	37
380	413	19	36
384	413	18	36
389	413	18	35
395	414	18	35
400	413	18	34
405	414	18	34
409	414	18	34
414	414	18	33
421	415	17	33
426	414	17	32
431	414	17	32
437	414	17	31
441	414	17	31
448	414	17	31
452	415	18	30
457	414	18	31
462	415	18	31
469	415	17	31
475	415	17	31
481	413	17	31
485	414	18	30
490	414	19	30
496	413	19	29
503	413	18	29
508	412	18	29
513	412	18	28
518	413	18	28
522	413	17	29
528	413	17	29
533	413	16	30
538	412	16	31
543	411	16	30
549	412	15	30
555	411	15	29
560	411	15	28
563	411	15	27
569	412	15	26
572	411	15	26
579	411	15	26
584	410	15	27
588	409	15	27
591	409	15	27
595	407	15	27
601	405	16	27
603	404	16	27
607	400	17	27
609	398	17	28
612	394	17	28
615	389	19	27
617	387	20	27
618	384	21	26
620	382	22	27
621	380	22	28
624	377	23	28
625	376	23	28
627	374	23	27
629	374	23	26
632	373	23	25
634	370	23	23
637	371	22	23
638	371	21	22
640	371	19	22
643	370	18	22
645	370	17	23
647	370	16	23
648	371	17	23
649	371	17	23
651	373	17	23
653	374	17	23
653	376	18	23
654	377	18	23
655	379	18	23
654	380	19	23
656	382	18	23
656	384	17	24
657	385	17	24
657	386	17	24
657	388	17	24
657	389	17	24
657	392	18	23
661	393	17	23
662	395	16	22
663	396	16	22
664	396	16	21
663	396	16	20
664	397	16	19
664	399	16	18
665	398	15	17
665	398	16	16
665	398	16	15
665	399	15	15
666	399	15	14
665	398	14	14
665	398	14	13
665	398	14	13
664	399	14	13
665	398	14	12
664	398	13	12
663	398	13	12
663	397	13	12
662	397	12	11
662	397	12	11
662	397	12	11
662	396	11	11
662	397	11	12
663	396	11	12
662	396	10	12
663	396	10	12
664	397	10	13
665	396	10	14
664	396	10	15
665	396	10	16
665	395	10	16
666	394	10	16
666	395	10	17
666	395	10	17
667	395	10	17
666	395	10	17
667	395	10	17
667	396	10	18
667	395	10	18
667	396	10	18
667	395	10	18
666	395	10	18
666	396	10	18
666	395	10	18
665	396	10	19
666	396	10	19
664	397	10	19
665	397	10	19
663	397	10	19
662	397	10	19
661	397	10	19
661	398	10	19
660	398	10	19
659	398	10	18
660	398	10	19
657	399	10	19
658	400	10	20
657	400	10	21
656	399	10	22
655	399	10	22
655	399	10	22
652	399	10	22
651	399	10	22
650	399	10	23
649	398	10	23
647	398	10	23
645	399	10	23
644	398	10	22
644	399	10	21
643	399	10	21
640	400	10	20
639	399	10	20
637	401	10	19
636	400	10	19
634	401	10	18
633	401	10	17
630	401	10	17
629	401	10	17
626	401	10	16
625	401	11	16
622	401	11	16
619	401	11	16
618	401	11	16
616	401	11	16
615	401	11	16
613	401	11	16
611	401	11	16
609	401	10	17
608	400	10	16
607	401	10	16
605	400	10	16
602	400	10	16
600	400	10	16
599	400	10	16
597	400	10	16
595	400	10	16
593	400	10	16
591	401	10	16
589	400	10	16
587	400	10	16
586	401	10	16
584	401	10	16
583	401	10	16
581	400	10	15
579	400	10	15
578	399	10	15
576	400	10	16
575	398	10	16
573	399	10	16
571	399	10	16
570	399	10	17
567	399	10	17
567	400	10	17
564	400	10	16
563	400	10	16
562	400	10	16
559	401	10	16
559	401	10	15
557	401	10	15
556	401	10	15
553	401	10	15
551	401	10	15
550	401	10	15
548	401	10	15
547	401	10	15
545	401	10	15
543	400	10	15
541	401	10	15
540	400	10	14
538	400	10	14
536	401	10	14
535	401	10	14
533	401	10	15
531	401	10	15
529	401	10	15
528	401	10	15
526	400	10	15
524	401	10	15
523	400	10	15
520	400	10	15
519	400	10	15
517	401	10	15
515	401	10	15
513	401	10	15
511	401	10	15
509	401	10	15
507	402	10	15
505	401	10	15
504	401	10	14
502	401	10	15
500	401	10	14
499	401	10	14
496	401	10	14
494	401	10	14
493	401	10	13
491	402	10	13
489	401	10	13
488	401	10	13
486	401	10	13
485	401	10	13
483	401	10	13
480	401	10	13
479	401	10	12
477	401	10	12
476	400	10	12
474	401	10	11
471	400	10	11
471	401	10	11
470	401	10	11
469	400	10	11
467	401	10	11
465	400	10	10
467	400	10	10
468	401	10	10
471	401	10	10
474	401	10	10
477	401	10	10
482	401	10	10
488	400	10	10
494	400	10	10
498	400	10	10
506	401	10	10
512	401	10	10
518	400	10	11
523	400	10	11
529	401	10	11
538	400	10	11
545	401	10	11
552	400	10	11
558	400	10	12
565	400	10	11
573	400	10	11
581	399	10	11
587	400	10	11
594	400	10	12
600	400	10	12
610	401	10	12
616	401	10	12
623	401	10	12
630	401	10	12
636	400	10	12
646	401	10	12
652	400	10	12
659	400	10	12
666	400	10	12
672	401	10	13
682	401	10	12
690	402	10	13
697	401	10	13
706	401	10	13
714	402	10	13
724	401	10	13
732	401	10	13
740	402	10	13
748	402	10	13
756	402	10	13
766	403	10	13
772	402	10	13
781	403	10	13
788	403	10	14
794	402	10	14
803	403	10	14
808	403	10	14
811	403	10	13
814	404	10	14
814	403	10	13
814	403	10	14
813	404	10	13
811	404	10	13
810	403	10	13
808	404	10	13
806	404	10	13
806	404	10	13
803	403	10	13
802	404	10	13
800	404	10	13
799	403	10	13
798	404	10	13
796	404	10	13
794	404	10	13
793	403	10	13
791	404	10	13
789	403	10	13
788	404	10	13
787	404	10	13
784	404	10	13
782	404	10	13
781	404	10	13
780	403	10	13
778	403	10	13
777	404	10	13
775	404	10	13
774	404	10	13
772	403	10	13
770	403	10	13
769	404	10	13
767	403	10	13
765	403	10	13
765	404	10	13
763	403	10	13
761	403	10	13
760	403	10	13
758	404	10	13
756	404	10	13
755	404	10	13
753	404	10	13
751	404	10	13
749	404	10	13
749	403	10	14
747	404	10	13
745	404	10	13
743	403	10	13
743	403	10	13
741	403	10	13
739	404	10	13
737	404	10	13
736	404	10	13
734	403	10	13
732	403	10	13
732	404	10	13
730	404	10	13
728	404	10	13
728	404	10	13
726	404	10	13
725	403	10	13
723	403	10	13
721	404	10	13
719	403	10	13
719	404	10	14
718	402	10	13
716	403	10	13
714	402	10	13
712	403	10	13
711	401	10	13
709	402	10	13
708	401	10	13
708	401	10	13
706	400	10	13
706	399	10	13
706	400	10	13
705	398	10	13
705	397	10	13
705	397	10	13
704	396	10	13
705	396	10	13
705	394	10	13
705	393	10	13
706	393	10	12
706	392	10	12
708	391	10	12
709	390	10	12
710	389	10	12
711	388	10	12
711	388	10	12
712	387	10	13
712	386	10	13
713	385	10	13
714	384	10	13
714	382	10	13
715	380	10	13
716	380	10	13
717	379	10	13
717	378	10	13
718	377	10	13
718	376	10	13
718	374	10	13
717	373	10	13
717	371	10	13
717	370	10	13
717	368	10	13
716	368	10	13
715	367	10	12
715	366	10	12
715	364	10	12
714	364	10	13
714	362	10	13
715	360	10	13
713	360	10	12
713	358	10	13
713	357	10	13
712	355	10	13
712	354	10	13
712	353	10	13
712	352	10	13
711	351	10	13
711	350	10	13
710	348	10	13
711	347	10	13
712	346	10	13
712	345	10	13
714	345	10	13
716	346	10	13
717	346	10	13
719	347	10	13
721	347	10	13
723	345	10	13
727	346	10	13
728	346	10	13
731	346	10	13
734	346	10	13
736	346	10	13
740	347	10	13
742	346	10	13
744	347	10	13
745	346	10	13
748	347	10	12
749	347	10	13
751	347	10	13
751	347	10	13
751	347	10	13
751	346	10	13
752	347	10	13
751	347	10	14
751	347	10	14
750	346	10	14
748	347	10	13
746	347	10	13
744	347	10	13
743	347	10	13
742	347	10	13
740	348	10	13
740	348	10	13
738	347	10	13
737	348	10	13
737	348	10	13
736	347	10	13
736	348	10	13
735	347	10	13
735	348	10	13
734	348	10	13
733	347	10	13
732	348	10	13
730	348	10	13
729	348	10	13
728	348	10	13
727	348	10	13
726	348	10	13
725	348	10	13
725	348	10	13
723	349	10	13
721	348	10	13
722	348	10	13
721	348	10	13
720	349	10	13
720	348	10	13
719	349	10	13
720	349	10	13
718	349	10	13
718	349	10	13
718	349	10	13
717	349	10	14
718	349	10	14
718	349	10	14
718	349	10	14
718	350	10	14
719	350	10	14
718	350	10	13
719	349	10	13
719	350	10	13
719	350	10	14
719	350	10	14
720	350	10	14
720	351	10	14
721	351	10	14
720	351	10	14
720	351	10	14
720	351	10	14
720	351	10	14
719	351	10	14
717	351	10	14
717	352	10	14
716	352	10	14
716	352	10	14
715	352	10	14
715	352	10	14
713	352	10	14
711	352	10	14
710	352	10	14
709	353	10	13
708	353	10	13
707	353	10	13
705	353	10	13
705	354	10	13
703	353	10	13
702	353	10	14
702	354	10	13
699	353	10	13
699	353	10	13
697	354	10	13
697	354	10	13
696	354	10	13
695	354	10	13
694	354	10	13
693	355	10	13
693	353	10	13
691	355	10	13
690	354	10	13
689	355	10	13
689	355	10	13
689	355	10	13
687	355	10	13
687	354	10	14
687	355	10	14
685	355	10	14
685	355	10	14
685	355	10	14
684	355	10	14
684	355	10	14
683	355	10	14
683	356	10	14
682	356	10	14
682	355	10	14
681	357	10	14
681	356	10	14
680	357	10	14
680	356	10	14
681	356	10	15
679	357	10	15
679	355	10	16
680	358	10	16
679	360	10	16
679	360	10	17
680	360	10	17
670	354	11	15
668	355	12	15
667	355	14	14
666	355	15	13
666	355	16	13
666	356	16	13
666	357	17	12
666	356	18	11
666	357	19	11
666	358	19	11
665	359	20	11
666	358	21	11
666	359	21	11
667	359	21	11
667	358	22	11
667	359	22	11
668	359	23	11
667	360	23	11
668	360	23	11
668	359	24	11
669	360	24	12
669	360	24	12
670	361	24	12
670	361	24	12
670	360	24	12
672	361	25	12
672	361	25	13
672	362	25	13
673	361	25	13
673	361	25	13
674	361	26	13
675	362	26	13
676	362	26	13
676	361	26	14
677	363	26	14
677	362	27	14
679	363	27	14
679	362	26	14
680	362	26	14
681	363	27	14
682	362	26	14
683	363	26	14
683	364	26	14
685	363	26	15
685	365	26	15
685	364	26	16
686	365	26	16
686	366	25	17
686	366	25	18
685	367	25	19
685	367	24	20
687	365	24	21
689	366	25	21
689	369	25	22
688	368	25	22
690	365	26	21
689	365	27	21
690	366	27	21
688	366	28	21
690	366	28	21
688	370	28	22
687	367	29	22
687	369	29	22
687	374	29	23
686	370	29	23
686	375	29	24
685	373	29	24
683	371	30	25
683	368	30	24
682	368	31	24
680	368	32	24
680	369	32	24
679	369	33	24
681	376	32	25
680	375	32	26
679	372	32	26
676	368	33	26
679	373	33	27
679	381	33	28
679	382	33	29
679	380	33	29
679	382	33	31
679	381	33	32
678	380	33	32
677	381	33	33
679	378	33	34
679	383	33	35
679	382	33	36
678	381	33	37
679	381	33	38
679	384	34	39
679	384	34	40
680	381	34	41
680	384	34	42
680	387	34	43
680	387	34	44
679	375	35	45
679	382	35	46
676	368	36	45
676	369	37	45
677	370	38	45
674	368	40	44
676	370	40	44
677	371	40	44
676	371	40	45
676	371	40	45
678	374	39	47
678	374	39	47
679	375	39	49
680	374	39	49
679	371	39	49
680	371	39	49
680	372	39	49
681	371	39	49
679	371	40	49
681	374	39	51
682	369	39	50
680	369	40	49
681	371	39	51
682	372	39	51
682	369	39	51
681	370	40	51
683	370	39	51
683	369	39	51
683	370	39	52
684	370	39	52
684	369	39	51
684	371	40	52
684	371	40	52
685	370	40	52
684	369	40	52
684	367	41	50
685	368	41	50
