629	441	95	82
625	440	96	80
625	439	96	81
625	439	96	81
625	437	96	82
625	437	96	83
625	436	96	84
626	437	96	85
626	437	96	84
625	440	97	83
625	440	97	82
626	441	97	82
626	442	98	81
626	441	98	80
625	442	98	80
626	443	98	80
624	444	99	80
625	444	100	80
624	444	100	80
624	443	100	81
625	443	101	81
624	442	101	82
625	440	101	83
626	440	100	84
624	443	101	82
623	443	101	82
624	443	102	82
623	443	102	82
624	443	102	82
624	445	102	84
624	445	102	83
625	446	102	83
625	444	102	84
624	445	103	83
623	446	103	82
624	447	103	82
624	447	103	82
624	447	103	82
625	446	104	82
624	446	104	82
623	443	104	83
622	444	104	84
623	443	104	84
621	444	104	84
620	444	105	84
619	444	105	85
619	445	107	84
620	445	107	84
619	445	107	84
619	444	107	84
619	444	108	85
618	445	108	85
617	446	109	84
616	446	109	84
616	446	111	84
616	447	112	83
615	447	111	83
614	446	111	85
614	448	112	84
614	447	111	84
616	446	111	85
613	447	111	86
614	447	113	85
613	448	113	84
611	447	115	85
611	447	115	85
611	447	116	85
611	444	116	86
609	447	116	85
609	446	117	85
608	447	117	85
608	450	116	84
608	449	116	84
608	450	116	83
607	451	117	82
605	451	118	82
604	452	118	82
603	451	118	82
602	453	119	82
601	454	120	81
600	453	120	81
599	454	121	81
598	453	122	81
598	453	123	81
596	452	123	82
595	452	124	82
596	451	123	83
596	453	124	83
593	451	125	83
594	451	124	83
592	453	125	83
591	453	125	83
590	452	125	83
589	453	125	83
588	453	126	82
588	452	127	82
586	451	128	82
584	453	128	82
585	453	129	81
582	452	128	82
582	453	128	82
581	452	128	82
581	452	128	82
581	452	128	82
580	450	128	83
578	451	128	82
578	453	129	82
578	451	130	82
574	452	130	83
574	453	131	83
575	452	131	83
571	451	132	83
571	453	133	83
569	453	134	83
568	452	135	83
566	452	136	83
566	453	137	83
564	454	138	83
563	453	138	83
563	453	139	83
561	452	139	84
560	453	139	84
558	453	140	84
558	453	141	84
557	454	141	84
555	454	142	84
556	452	142	85
553	451	141	85
552	454	142	84
552	454	142	84
553	454	143	84
553	452	141	85
551	452	142	85
551	451	142	85
551	451	141	85
550	452	141	85
550	452	141	85
551	454	141	85
549	454	143	85
550	453	144	85
550	454	145	85
548	454	146	85
548	455	146	85
549	454	146	85
549	454	146	85
550	453	146	85
548	454	148	85
549	455	149	84
548	454	149	85
548	454	149	86
547	455	150	86
550	453	150	87
551	453	150	87
552	452	149	88
553	451	149	89
554	452	149	88
554	452	150	89
554	453	152	89
551	452	153	89
553	451	155	90
551	451	155	90
554	452	155	91
553	451	156	92
553	450	156	93
553	452	156	92
555	452	156	93
553	452	156	92
552	453	156	92
553	452	156	92
553	453	156	92
550	451	156	92
550	452	155	92
551	452	154	93
550	453	155	92
551	448	153	93
552	451	153	92
552	450	153	92
552	452	154	92
551	452	155	92
551	451	156	92
550	448	156	94
549	445	156	96
548	449	154	95
547	448	153	94
547	449	155	94
547	450	155	94
548	448	156	94
545	451	157	93
547	450	159	93
546	448	158	93
546	447	159	93
548	449	160	93
547	447	160	93
548	449	159	93
549	448	159	95
548	446	159	95
547	445	158	95
549	444	159	96
549	445	159	96
551	444	161	95
548	443	161	95
547	444	161	95
550	445	163	95
546	442	161	96
547	442	161	95
546	444	161	95
547	443	161	95
549	442	164	95
547	441	163	96
547	441	164	96
546	442	163	96
548	442	165	96
545	439	165	95
544	439	164	95
543	443	168	94
540	439	168	95
540	439	167	96
541	439	167	97
539	438	167	96
540	437	168	97
535	436	166	97
538	435	167	95
539	435	167	95
540	436	167	94
538	437	165	94
537	434	167	94
538	435	166	93
537	435	165	94
535	433	164	94
538	436	166	92
535	433	167	92
535	433	166	93
536	432	163	93
535	434	165	93
537	433	165	94
534	430	168	93
535	433	169	94
531	432	170	94
532	431	169	95
533	430	169	95
529	429	171	94
532	428	171	95
529	430	171	95
530	430	171	95
534	429	175	95
527	427	173	95
530	428	174	94
528	428	174	92
528	427	174	92
528	426	174	93
528	427	174	94
528	426	175	94
527	426	175	94
528	426	177	94
527	425	178	93
527	425	179	93
526	424	179	93
526	423	177	93
524	424	176	94
524	421	176	94
525	422	174	96
525	420	175	96
525	421	176	95
524	422	178	94
522	422	179	93
521	422	178	93
522	422	178	93
521	421	179	93
519	421	182	93
518	423	183	92
516	421	181	93
521	423	184	93
517	423	183	93
516	424	183	92
516	422	182	93
515	422	182	92
516	422	182	94
517	422	181	93
515	421	181	92
516	422	182	92
513	420	181	91
516	421	183	92
513	420	184	92
512	421	184	92
513	421	183	92
513	421	184	92
515	420	186	92
512	418	187	92
513	422	191	91
508	418	189	91
509	420	188	89
511	420	189	89
510	418	189	90
511	417	189	91
511	418	190	91
512	417	192	91
511	418	195	90
508	417	196	90
507	418	196	90
508	418	199	91
508	417	200	92
507	415	200	94
508	417	199	95
506	418	200	96
506	415	201	94
504	417	202	96
506	414	203	97
506	415	202	97
505	418	203	96
505	416	203	98
505	412	204	98
504	412	203	97
505	414	206	95
504	413	206	98
503	416	206	98
503	411	204	96
502	412	204	96
505	411	203	99
506	413	202	101
506	410	203	99
505	410	202	99
508	409	203	98
509	411	202	98
510	409	202	100
510	409	202	101
509	408	203	99
508	406	204	96
509	408	203	96
510	409	203	95
509	405	203	94
510	408	202	97
510	405	202	93
513	409	201	95
513	404	201	96
514	409	201	97
515	403	202	96
515	410	202	98
516	405	202	98
515	406	204	96
515	406	204	95
513	409	206	96
515	406	206	94
514	408	206	94
516	405	206	93
516	405	206	94
516	406	205	92
516	405	205	93
514	406	204	93
517	406	203	92
517	407	203	91
515	404	203	89
517	409	203	89
516	405	204	87
518	406	204	86
516	404	204	87
516	406	205	87
518	407	205	86
518	407	205	86
518	405	205	85
519	404	205	84
517	407	204	87
518	402	205	87
517	405	206	87
519	402	207	88
518	404	208	86
521	404	207	86
520	399	207	88
521	403	207	88
521	400	207	88
520	401	209	87
522	401	208	86
522	401	208	88
523	401	207	87
524	399	208	87
522	398	208	88
523	402	208	88
523	401	208	90
524	398	208	89
525	399	206	90
527	395	206	91
526	398	206	91
525	396	207	90
528	399	206	91
529	395	206	91
529	396	206	90
529	395	207	89
529	399	208	88
530	395	209	88
529	397	209	89
529	396	210	88
530	397	209	86
530	396	209	88
531	394	210	88
531	395	210	88
531	396	210	88
531	397	211	86
532	395	209	86
533	396	208	84
534	392	208	85
534	395	210	86
536	394	209	86
536	393	208	84
536	397	207	86
538	394	206	86
538	392	207	86
539	392	207	85
538	393	207	84
541	392	206	83
537	395	207	82
540	390	206	83
538	390	207	83
540	391	206	82
537	392	209	81
539	391	209	81
539	390	208	82
541	389	207	83
540	389	207	84
539	387	206	84
541	386	207	84
540	388	207	84
538	387	208	84
539	388	207	84
538	386	208	84
539	387	208	85
541	386	208	85
542	386	207	84
540	384	208	84
540	385	208	83
541	385	208	82
540	385	209	81
541	385	208	80
540	386	208	80
538	384	209	80
539	386	210	79
541	387	209	79
541	385	208	79
542	385	206	79
544	386	206	80
545	384	206	81
542	384	208	80
544	386	209	80
545	383	208	80
545	382	209	80
545	383	209	80
545	382	208	80
544	382	209	80
547	383	208	80
546	383	208	79
545	382	209	79
545	382	208	79
548	382	207	79
546	380	207	79
546	380	208	79
543	380	208	78
544	379	209	78
544	380	208	79
542	379	208	80
543	381	209	79
543	379	209	79
542	380	209	80
542	379	209	79
544	380	209	79
543	380	209	79
544	379	208	79
543	381	209	78
541	380	209	77
541	381	208	77
540	382	210	77
542	380	209	78
539	379	209	78
542	379	209	78
541	380	209	78
538	380	211	78
538	380	210	78
540	379	210	78
540	379	210	78
539	380	212	77
538	380	213	77
538	380	214	76
540	381	213	76
537	380	213	76
538	381	213	76
540	380	213	77
540	381	213	76
538	379	214	76
540	381	215	76
539	381	215	76
538	379	215	76
540	381	216	77
539	379	216	77
540	380	216	78
538	378	216	78
538	380	219	77
536	378	219	78
536	379	220	77
539	379	218	77
539	381	219	77
537	380	220	77
535	378	221	77
535	381	222	76
535	382	222	76
536	383	220	77
533	380	221	78
537	382	221	79
534	382	221	79
535	382	221	78
534	383	220	79
534	382	220	79
533	383	221	78
532	384	221	77
532	383	222	77
530	382	223	78
528	384	226	77
529	384	224	77
527	383	225	78
530	384	225	78
529	383	225	78
527	383	226	78
526	386	228	78
526	385	227	79
525	386	228	77
527	386	227	78
526	387	228	78
524	389	230	78
525	388	230	78
525	387	230	78
527	388	229	79
527	388	229	78
525	388	229	78
524	389	230	78
524	388	231	78
523	388	231	78
521	390	233	78
521	389	233	77
518	391	234	78
519	392	233	78
519	390	233	79
517	389	235	78
516	390	236	78
518	391	234	79
519	391	233	79
515	394	235	78
513	391	235	79
512	393	236	78
513	394	238	78
510	395	240	77
508	394	239	77
508	396	241	76
507	394	240	77
505	395	239	77
505	398	241	77
505	398	244	77
504	397	243	77
