820	408	123	235
818	390	119	230
818	376	115	226
817	367	114	228
812	358	116	234
807	344	118	239
804	332	119	244
799	320	120	247
798	310	120	251
796	302	117	253
794	295	115	253
794	287	111	247
794	281	107	242
794	271	103	234
793	264	100	226
795	255	97	220
794	250	97	217
793	245	97	220
790	238	98	223
789	232	99	228
787	226	99	232
787	219	99	235
785	214	99	238
783	208	99	241
783	201	99	242
780	195	99	241
779	188	98	241
777	180	98	238
775	172	97	234
773	162	96	230
773	154	92	225
772	150	89	222
770	148	86	221
769	147	83	224
766	145	80	225
763	142	78	227
760	140	77	230
760	138	76	232
760	132	75	231
761	130	72	230
761	127	69	226
761	125	67	221
762	120	64	215
761	116	61	210
761	113	58	208
759	112	57	209
756	108	57	210
753	105	57	212
750	103	58	213
746	102	60	214
741	104	62	215
736	104	65	217
732	104	68	219
729	105	70	221
727	104	73	223
728	104	74	226
727	103	75	228
729	101	75	229
727	96	77	228
726	92	78	227
724	87	80	224
723	82	81	219
722	79	82	214
721	80	83	210
720	83	84	209
718	84	85	209
718	86	85	210
717	87	85	212
717	87	85	215
716	89	85	218
716	90	86	220
714	93	87	222
715	95	88	223
715	97	88	225
715	97	88	225
714	94	89	225
713	91	89	224
712	87	89	223
712	84	89	221
711	81	89	217
709	82	89	212
708	86	89	209
705	88	88	208
701	91	88	209
698	94	87	210
695	94	84	213
694	97	81	215
691	100	79	218
690	101	77	220
689	103	76	223
688	105	75	225
686	104	75	226
683	103	75	225
681	100	74	221
681	98	75	217
679	96	76	213
678	95	77	210
676	98	78	209
674	101	80	210
671	104	81	212
669	107	82	214
666	108	83	216
665	112	84	218
662	115	85	222
661	115	85	224
658	119	86	226
656	121	87	228
655	122	88	229
654	123	88	229
654	125	88	228
651	125	88	228
650	124	88	227
650	122	87	226
651	120	87	224
648	119	87	220
647	120	87	214
645	125	87	209
643	130	87	208
641	134	86	208
639	136	85	210
638	139	85	211
634	140	84	213
631	144	84	216
629	146	84	220
626	148	84	223
622	149	84	223
621	149	83	224
619	147	83	221
617	146	82	219
615	144	81	215
614	143	80	210
612	144	80	205
611	147	79	203
609	151	79	204
607	154	80	205
605	156	82	206
603	159	83	208
602	161	84	211
600	164	85	216
596	165	86	218
596	167	87	221
594	169	89	225
592	171	91	227
592	171	93	227
590	172	94	227
589	173	95	227
589	171	95	228
589	169	95	227
589	167	95	224
591	166	94	221
592	165	93	214
591	168	93	210
589	175	93	208
588	178	93	208
590	182	93	209
587	184	92	210
587	187	90	211
583	189	86	212
581	190	83	214
581	192	80	214
578	193	79	214
578	194	80	213
576	194	81	212
573	193	80	210
569	190	78	209
567	188	76	205
566	188	74	201
565	189	72	198
566	193	72	198
565	197	72	200
565	200	73	202
565	202	74	205
565	204	75	208
563	205	77	210
563	208	78	213
563	209	78	217
562	210	79	219
563	213	80	222
562	212	81	222
562	212	82	222
563	212	82	221
563	211	82	222
563	209	82	222
564	206	82	220
565	204	81	217
564	203	81	211
564	204	81	205
563	208	81	202
561	212	81	200
561	215	81	200
561	218	81	201
561	220	80	203
560	222	78	206
561	224	77	210
560	227	76	212
560	229	75	213
559	230	75	214
559	232	74	214
561	233	74	214
564	233	73	214
565	232	73	214
568	231	73	212
569	229	73	209
571	229	74	204
574	231	75	199
577	235	76	197
580	239	78	197
584	241	80	198
588	242	81	201
592	244	82	203
596	247	84	207
601	246	84	209
605	250	85	211
608	252	85	213
612	253	86	216
616	254	87	218
621	257	89	219
624	256	90	218
628	257	91	219
632	254	93	217
637	253	94	216
643	251	94	214
648	250	95	210
653	249	95	204
659	253	94	199
662	257	93	197
666	260	92	197
671	262	92	199
674	263	91	200
678	266	91	204
681	266	90	207
684	266	88	212
686	268	87	216
688	268	87	220
690	268	87	222
694	269	88	223
698	270	87	224
703	270	85	224
709	269	84	222
713	269	82	221
716	268	80	218
721	269	79	213
726	268	79	206
729	270	78	200
731	273	78	197
734	277	78	196
736	280	79	196
739	283	81	197
742	285	83	199
745	288	85	201
748	290	87	204
750	293	91	206
753	295	95	209
755	297	99	212
757	299	103	214
758	301	107	216
759	301	110	218
759	302	112	219
761	303	114	220
760	302	116	219
762	301	118	216
763	303	119	212
769	302	118	205
767	306	118	199
770	309	116	196
772	313	114	196
774	315	110	198
777	318	106	201
778	318	101	204
779	321	96	206
779	321	93	208
780	325	91	210
780	326	88	213
780	328	86	216
781	330	84	218
780	333	83	221
780	335	82	224
779	335	82	226
777	335	82	224
778	334	82	222
778	333	81	220
778	331	82	214
778	329	82	208
778	330	82	201
777	333	83	197
775	336	86	195
775	342	88	196
772	342	91	197
772	345	93	199
771	345	96	201
772	348	97	204
773	348	98	207
772	349	99	209
774	352	99	212
775	353	100	214
776	355	101	216
776	356	101	218
775	355	102	219
776	354	102	220
776	352	103	221
773	349	105	217
772	345	107	211
771	343	109	205
770	342	111	197
772	343	112	191
772	347	110	188
776	347	107	189
775	347	105	191
777	345	103	193
771	343	103	196
772	341	102	199
762	338	105	203
763	335	103	206
759	331	101	210
755	328	100	213
752	325	98	217
748	323	97	221
746	320	95	225
741	316	93	227
737	314	93	227
734	308	93	227
731	301	94	226
725	293	95	221
722	281	95	214
717	278	96	205
711	278	96	201
708	277	95	200
705	275	95	201
701	273	94	203
698	270	93	204
693	268	91	205
690	264	90	208
689	260	88	212
688	253	87	214
683	244	86	211
682	236	84	207
679	225	82	202
677	216	79	195
675	210	76	192
671	206	74	191
669	201	71	187
666	197	69	185
664	195	69	185
659	194	69	185
655	192	70	186
650	189	72	189
649	185	71	192
647	179	69	197
644	174	68	201
638	168	67	206
633	161	66	208
627	152	66	208
623	144	66	206
618	136	66	203
611	129	67	198
605	121	68	194
597	115	71	189
591	112	73	188
582	109	76	188
576	107	77	187
571	105	79	185
565	105	79	182
558	107	80	177
551	106	80	173
544	106	79	171
535	104	76	170
530	101	71	171
524	97	67	174
519	93	63	179
516	87	61	183
514	83	60	186
510	81	60	189
506	80	60	192
504	80	60	194
501	81	60	194
499	83	60	192
496	82	61	190
494	82	61	188
492	81	61	185
491	79	61	183
490	78	60	181
488	78	60	182
486	77	61	184
485	78	62	185
484	80	63	187
482	82	65	188
478	85	68	190
476	87	71	192
472	90	76	193
470	92	80	193
468	94	83	194
465	95	84	193
463	96	84	192
460	97	84	190
458	98	82	188
457	99	81	185
456	102	80	184
456	104	78	184
455	107	76	185
457	111	74	186
457	113	73	188
459	116	70	190
460	119	68	192
463	121	66	194
464	123	65	195
465	124	65	197
464	124	62	196
464	124	61	196
465	124	59	195
465	125	58	192
465	124	58	189
466	125	58	186
466	126	58	183
466	128	60	183
465	131	61	186
465	133	62	189
464	134	64	192
462	137	65	195
462	139	69	197
460	142	71	199
458	144	74	201
458	145	76	200
458	147	77	199
459	148	75	198
458	148	74	195
456	147	71	192
455	147	70	189
455	149	68	187
455	152	67	187
455	156	65	189
456	159	64	191
457	163	63	193
458	164	62	195
459	167	62	198
460	170	61	200
461	172	60	201
462	174	58	203
464	176	57	203
466	178	56	202
467	179	56	200
468	179	56	198
469	178	57	193
469	179	60	189
466	181	65	187
469	184	72	187
466	186	71	190
466	190	71	193
468	192	71	198
468	194	72	201
471	197	74	204
467	200	76	208
469	202	84	210
465	202	86	213
470	202	90	216
470	203	87	218
472	203	82	218
476	203	82	218
479	201	84	216
479	201	82	212
477	199	80	207
477	200	78	201
477	202	78	198
477	207	77	199
478	209	78	200
478	211	78	203
478	213	79	206
479	216	79	209
480	219	79	212
481	219	80	215
481	219	81	218
482	218	82	221
482	217	82	222
483	215	83	223
483	213	84	221
483	211	84	218
485	208	84	213
486	205	84	209
487	206	84	206
489	209	85	207
488	209	85	210
488	211	88	213
487	212	89	216
486	213	90	219
486	215	89	222
486	216	90	225
485	216	88	226
485	216	87	225
485	215	86	224
486	213	85	221
488	211	84	217
489	210	83	212
491	207	81	208
492	210	80	206
493	212	79	207
493	213	80	208
494	215	80	210
496	218	82	213
497	220	82	216
500	222	82	220
502	222	82	222
504	222	82	223
507	221	83	222
510	221	82	223
513	220	82	222
516	218	80	218
521	216	79	213
524	216	79	207
527	218	79	202
531	222	79	201
534	225	81	203
537	227	82	204
540	231	84	206
541	233	85	209
543	235	86	212
547	237	87	216
553	238	87	219
555	238	88	221
559	238	88	222
562	238	87	223
566	237	86	222
574	236	84	221
580	235	81	218
589	235	77	214
596	235	74	210
601	236	71	205
607	240	70	201
613	244	70	201
615	250	72	202
619	252	77	201
622	256	84	201
620	261	88	204
620	264	92	205
625	266	96	206
627	268	100	207
630	270	103	207
636	272	105	207
642	272	106	204
649	272	105	199
654	274	104	194
661	278	101	191
668	279	98	192
675	281	94	194
684	283	89	198
689	285	85	201
692	286	85	205
692	288	86	208
692	290	89	210
690	292	92	213
690	293	96	215
691	294	99	217
694	294	102	220
697	295	105	221
703	295	106	221
710	296	105	219
716	296	103	216
726	294	100	212
735	295	97	206
743	297	99	200
747	299	104	193
746	303	108	188
746	309	117	184
742	316	125	182
742	320	134	181
740	324	143	181
740	326	150	180
740	330	154	178
743	333	156	175
749	335	158	172
754	336	159	169
763	339	160	167
774	342	159	165
783	344	156	165
793	346	153	166
803	347	149	166
816	348	142	169
820	349	140	171
819	348	140	173
818	350	143	175
815	351	148	177
813	352	152	179
810	350	156	182
807	350	159	184
806	348	163	187
804	345	167	190
805	340	170	194
810	339	170	198
818	332	166	202
828	326	161	204
835	324	155	204
848	319	147	205
858	314	139	203
862	310	136	200
859	308	137	198
854	308	140	196
852	309	144	195
848	311	149	195
847	307	152	196
846	310	156	196
845	307	161	197
847	304	168	198
849	300	173	197
854	297	178	196
859	291	180	194
870	286	179	191
883	281	173	189
893	275	166	189
903	272	159	191
917	265	153	194
929	260	146	199
932	257	143	203
934	254	143	206
933	251	144	209
933	249	145	211
932	246	146	212
932	241	149	215
931	237	151	218
930	230	152	219
935	225	152	220
939	219	149	220
946	212	145	220
955	203	138	219
962	198	132	217
966	190	127	214
965	185	126	211
965	181	124	208
962	179	125	207
957	176	126	208
952	175	127	210
948	171	129	211
946	168	132	212
942	165	134	213
941	160	135	213
940	156	135	213
940	149	136	212
939	144	137	211
939	139	135	208
941	134	133	204
941	128	130	200
942	123	127	196
942	121	124	195
943	119	119	198
944	113	115	201
942	110	111	204
939	108	109	206
934	106	107	207
931	103	106	209
925	101	105	211
922	98	104	212
916	94	104	213
913	91	102	215
910	85	100	215
906	81	98	213
904	75	96	210
900	71	94	206
900	64	91	201
895	61	89	197
892	58	86	194
886	55	85	192
880	55	85	193
875	55	84	194
870	53	84	195
863	52	85	196
859	50	84	196
854	49	84	198
849	46	84	199
842	43	85	198
838	40	86	199
833	36	87	198
831	32	85	196
827	26	84	193
823	22	83	190
820	19	81	186
815	17	80	184
808	16	80	184
802	15	79	184
798	14	78	185
793	13	76	187
788	14	74	187
783	12	72	188
776	11	72	189
772	10	70	190
766	8	69	191
760	6	67	191
753	3	66	191
746	2	65	190
740	0	64	187
734	0	63	182
726	0	62	176
719	0	62	171
712	0	61	167
705	0	61	165
695	0	61	164
687	2	61	164
679	2	62	165
670	1	62	166
663	1	62	167
656	1	62	167
648	0	62	167
641	1	62	167
634	1	61	165
624	1	61	164
618	0	61	161
610	0	62	159
602	0	62	154
592	0	63	149
586	0	64	147
579	0	64	146
575	0	64	146
569	0	63	147
563	0	63	149
559	1	62	150
556	1	61	151
552	1	61	152
549	2	60	154
545	2	59	155
543	1	58	156
540	0	57	157
538	0	57	155
538	0	57	154
536	0	58	150
538	0	58	147
539	0	59	144
542	0	60	143
543	0	61	144
545	0	62	145
547	0	63	147
550	0	63	149
553	2	64	150
556	2	65	152
558	1	65	154
562	1	65	155
565	1	66	156
569	0	66	156
571	0	64	157
575	0	64	156
578	0	63	153
581	0	63	149
584	0	63	146
585	0	64	145
587	0	65	146
590	0	66	148
592	0	66	150
595	0	67	153
596	1	67	155
599	0	67	158
601	1	67	161
604	1	67	163
606	1	67	165
608	0	66	166
612	0	65	167
614	0	64	168
617	0	62	167
621	0	61	164
624	0	60	161
628	0	59	158
632	0	58	156
635	0	56	156
638	1	56	158
641	1	56	160
644	2	57	163
647	2	58	166
649	3	59	168
651	3	59	171
654	2	60	172
655	1	60	173
658	1	60	173
660	1	60	172
662	0	60	170
663	0	60	166
664	0	60	163
666	0	60	161
667	1	61	160
668	1	63	161
670	2	64	163
671	3	64	164
673	3	65	167
676	3	65	169
678	5	66	172
679	6	68	174
681	6	68	175
684	7	68	176
687	7	69	177
692	6	69	177
695	6	68	177
699	7	68	177
704	6	67	176
708	5	65	174
715	5	63	172
720	3	60	169
726	3	59	167
729	5	58	165
733	5	59	164
734	6	59	164
736	8	61	165
737	10	63	167
738	10	65	168
738	13	68	169
741	12	70	170
742	12	73	171
744	11	74	172
747	11	76	172
751	11	78	172
756	9	78	171
760	7	78	168
766	6	77	166
771	6	75	165
774	6	75	165
776	8	75	167
778	8	77	169
779	8	78	170
781	10	80	172
784	11	81	174
785	12	81	176
788	13	82	177
791	13	82	178
793	14	82	179
797	14	82	180
801	14	80	181
806	13	78	182
809	13	77	183
814	12	75	183
817	11	73	182
821	9	72	179
825	9	70	176
830	9	68	173
833	10	66	171
838	12	64	170
841	13	63	171
844	14	62	173
847	16	62	174
849	16	63	175
851	17	63	176
853	18	64	177
855	19	65	178
857	18	66	179
860	17	68	179
862	17	69	180
864	16	71	181
867	16	72	180
869	13	73	177
871	12	73	174
874	12	74	172
876	14	74	172
876	15	75	173
876	16	75	174
874	17	75	176
871	18	75	177
867	19	75	179
862	19	75	180
856	20	74	180
850	19	73	181
844	19	72	182
838	18	72	182
829	16	71	183
822	13	69	185
814	12	68	185
803	9	67	185
794	6	66	182
781	4	66	179
770	3	65	175
760	2	64	172
748	2	63	171
736	3	62	171
726	3	61	171
713	3	61	173
702	4	61	175
691	5	60	176
679	5	60	177
668	5	60	178
657	5	60	179
647	5	60	179
637	4	60	179
627	3	60	179
615	0	59	177
606	0	59	174
596	0	59	170
585	0	59	167
576	1	59	167
566	2	59	168
557	3	59	169
547	4	59	172
537	5	59	174
528	6	59	175
518	8	59	178
508	9	60	179
498	11	60	181
488	12	61	182
478	11	61	183
468	11	62	183
458	11	62	183
449	10	62	181
439	9	62	178
429	10	63	175
417	12	64	174
405	13	66	175
394	16	67	176
382	18	68	178
371	22	69	181
359	24	71	183
348	26	71	185
336	30	72	187
325	32	73	190
313	34	74	191
301	35	75	191
288	36	76	192
276	38	76	193
264	39	77	193
252	39	77	190
240	41	77	188
229	42	76	185
217	44	77	183
205	47	77	183
193	50	79	183
181	54	81	185
170	59	84	187
158	64	87	188
147	68	90	190
133	72	93	193
121	75	96	194
108	79	99	197
95	81	102	198
82	84	104	199
68	87	105	200
56	89	106	199
42	91	107	197
30	95	106	193
17	99	106	189
4	104	106	189
0	112	104	189
0	127	99	185
0	148	93	178
0	166	86	171
0	164	80	174
0	187	74	173
0	187	67	184
0	243	59	197
0	223	54	219
0	203	52	239
1	182	51	256
0	156	52	274
3	133	52	289
5	123	54	298
6	123	56	304
7	119	58	313
6	117	60	322
8	151	63	333
6	169	66	349
4	145	68	364
4	128	70	377
6	124	73	386
7	126	75	390
8	120	77	394
7	98	79	404
8	94	81	412
9	96	84	417
10	105	87	420
11	116	91	421
6	172	94	422
6	158	95	427
9	155	97	430
8	159	99	430
6	162	100	431
10	165	101	435
8	165	102	436
9	161	104	437
7	157	105	438
8	153	107	438
8	152	108	440
7	149	109	441
7	152	110	443
7	145	111	443
6	150	112	445
7	153	114	446
5	152	115	448
6	156	116	449
5	161	117	451
4	159	118	453
4	171	119	454
4	177	119	456
2	169	120	460
7	177	120	466
7	172	121	468
8	175	122	468
6	176	122	469
2	173	123	472
8	165	122	478
8	169	123	480
6	162	124	482
6	160	124	483
7	164	125	484
7	162	126	486
9	151	126	486
8	154	127	486
9	156	128	486
7	152	128	487
10	158	129	488
11	154	130	488
11	153	130	488
9	160	131	489
11	154	132	489
9	150	132	489
8	151	133	490
7	155	133	490
5	147	134	492
5	140	134	494
7	145	134	496
4	150	135	497
6	139	136	499
6	148	136	500
6	136	136	501
5	147	136	501
4	129	136	503
2	128	136	504
0	149	136	504
5	192	135	496
0	203	136	487
0	132	144	466
0	48	158	439
0	0	164	424
0	10	172	409
0	5	182	393
0	9	191	380
21	13	200	368
28	11	211	350
83	0	219	338
47	0	220	336
87	0	223	332
110	3	225	329
123	2	228	324
137	0	231	320
134	0	233	316
133	0	233	315
202	0	234	313
259	0	236	310
181	0	235	310
257	0	236	309
285	0	236	309
267	0	236	309
266	0	236	309
279	0	235	309
289	0	236	308
278	0	236	307
403	0	236	307
446	0	237	305
460	0	239	304
396	0	240	302
408	0	242	300
313	0	243	298
395	0	243	298
497	0	245	296
454	0	246	295
501	0	247	293
421	0	247	293
529	0	249	291
506	0	249	290
423	0	250	290
519	0	250	289
482	0	251	288
542	0	252	287
542	0	253	285
504	0	253	285
541	0	253	285
550	0	253	284
575	0	258	279
561	0	258	278
563	0	259	278
555	0	260	276
557	0	260	276
491	0	260	276
487	0	259	277
471	0	258	277
505	0	258	277
507	0	257	278
514	0	256	278
516	0	255	279
