636	278	46	38
635	277	46	37
635	278	46	37
635	279	46	37
634	279	47	37
634	279	47	37
634	279	47	37
634	279	47	37
634	280	47	37
634	281	47	37
633	280	47	37
633	280	47	37
634	281	47	37
634	281	47	37
633	282	46	37
634	283	46	37
633	282	46	37
634	283	46	37
634	283	46	37
634	282	46	37
633	283	46	38
633	283	46	38
633	283	46	38
633	284	46	37
633	284	46	37
633	284	46	37
632	284	46	38
632	284	47	37
632	285	47	37
632	285	46	37
632	286	46	37
633	286	46	37
633	285	46	37
633	286	46	37
633	287	46	37
632	286	46	37
632	287	46	37
633	287	46	37
633	286	46	37
633	287	46	37
633	287	46	37
633	286	46	37
633	286	46	37
633	288	46	37
633	287	46	37
633	288	46	37
633	287	46	37
633	288	46	37
634	288	46	37
634	287	46	37
635	288	46	37
634	287	46	37
634	288	46	37
634	288	46	37
634	288	46	37
634	288	46	37
634	287	46	37
634	287	46	37
634	288	46	37
635	288	46	37
635	288	46	37
635	287	46	37
635	287	46	37
636	288	46	37
636	288	46	37
636	287	46	37
635	287	46	37
636	287	46	37
636	288	46	37
636	288	46	37
636	288	46	37
636	288	46	37
636	288	46	37
636	288	46	37
636	288	46	37
636	288	46	37
636	288	46	37
636	288	46	37
636	288	46	37
636	288	46	37
636	288	46	37
636	288	46	37
636	288	46	37
635	287	46	37
635	288	46	37
635	288	46	37
635	288	46	37
635	288	46	37
634	287	47	37
634	288	47	37
633	287	47	37
633	288	47	37
633	288	47	36
632	287	47	36
632	287	47	37
631	287	47	36
631	288	47	36
631	288	47	36
631	287	47	36
630	287	47	36
630	287	47	36
630	288	47	36
630	288	46	37
630	288	46	36
630	288	46	36
629	288	46	36
629	287	46	37
628	288	46	36
628	288	46	36
628	288	46	36
628	288	46	36
627	289	46	36
627	288	46	36
627	288	46	36
627	288	46	37
627	288	46	37
626	288	46	37
627	288	46	37
627	288	46	37
627	289	46	37
627	288	46	37
626	288	46	37
626	288	46	37
627	289	46	37
626	289	47	37
626	289	46	37
626	289	47	37
626	289	47	37
626	288	46	37
626	290	46	37
625	289	47	38
626	289	46	38
625	289	46	38
626	289	46	38
626	290	46	38
625	289	47	38
625	289	47	38
624	288	47	38
625	289	47	38
625	289	47	38
625	289	47	38
624	290	47	38
624	290	47	38
625	289	47	38
625	290	47	38
625	289	47	38
626	290	47	38
626	289	47	38
626	289	46	38
626	289	47	38
626	289	46	38
625	288	47	38
626	289	47	38
626	289	47	38
626	289	47	38
626	289	47	37
626	289	46	37
626	289	46	37
626	289	47	37
626	288	47	37
626	288	46	37
625	288	46	37
626	289	46	37
627	288	46	37
626	288	47	37
626	287	47	37
627	288	47	37
627	287	47	37
627	287	47	37
626	286	47	37
627	287	47	37
627	286	47	37
626	286	47	38
627	286	46	37
626	286	47	37
626	286	47	37
626	286	47	37
625	286	47	37
625	286	47	37
625	285	47	37
624	285	47	37
624	284	48	37
624	285	48	37
624	285	48	37
623	285	48	38
624	284	48	38
623	283	48	38
623	283	48	38
623	283	48	38
622	283	48	38
622	283	48	38
622	282	48	38
622	283	48	38
622	282	48	38
622	282	48	38
622	282	47	38
622	282	47	38
623	282	47	38
623	282	47	38
622	283	47	37
622	283	46	37
622	281	46	37
621	282	46	38
621	281	46	38
621	280	46	38
621	281	46	38
621	280	46	38
621	280	46	38
620	280	46	38
621	279	46	38
620	280	47	38
621	279	46	38
620	279	46	38
620	278	47	38
620	278	47	38
619	277	47	38
619	277	47	38
619	277	47	37
620	276	46	37
619	277	47	37
619	276	47	37
619	277	47	37
619	276	47	37
619	276	47	37
619	275	47	38
619	274	47	38
619	275	47	38
619	274	47	38
619	274	47	38
619	273	47	38
619	272	47	38
619	272	47	38
618	272	47	37
619	272	47	37
619	272	47	37
620	270	47	38
620	272	47	37
619	271	47	37
620	271	46	37
620	270	46	37
620	271	46	37
620	270	46	37
619	270	46	37
620	270	46	37
620	270	46	37
620	269	46	37
621	269	46	37
621	269	45	37
621	270	45	37
621	269	45	37
621	268	45	37
621	267	45	37
621	268	45	37
621	268	46	37
621	267	46	37
621	267	46	37
621	267	46	37
620	268	46	37
621	266	46	37
621	266	46	37
621	267	46	36
621	266	46	37
621	267	46	36
620	266	46	37
620	266	46	36
620	266	46	36
620	266	47	36
620	265	47	36
620	265	46	36
620	266	47	36
620	266	47	36
620	265	47	36
620	264	46	36
621	265	46	36
621	265	46	36
621	264	46	36
621	264	46	36
621	263	46	36
621	264	46	36
621	263	46	36
621	262	46	36
621	262	46	36
621	262	46	36
621	261	46	36
621	261	46	36
621	261	45	36
622	261	45	36
621	260	45	36
621	260	45	36
620	259	45	36
620	259	45	36
621	259	45	36
620	259	45	36
620	259	45	36
620	258	45	36
620	258	45	36
620	258	45	36
620	258	45	35
619	257	45	35
619	257	45	35
619	257	45	36
619	256	45	36
620	256	45	36
619	256	45	36
619	256	45	36
619	256	45	35
619	256	45	35
618	255	45	36
618	255	45	35
618	255	45	35
618	255	45	35
618	255	45	35
618	255	45	35
617	255	45	35
618	254	45	35
617	254	45	35
617	254	45	34
617	254	45	34
617	254	44	34
617	254	44	34
617	254	44	34
617	254	44	35
617	254	44	34
616	253	44	35
616	254	44	34
616	253	44	34
616	254	44	34
616	254	44	34
616	253	44	34
616	253	44	34
616	253	44	34
616	253	44	34
616	252	44	34
616	253	44	34
616	253	44	34
615	252	45	34
614	253	45	34
614	252	44	34
614	251	45	34
614	253	44	34
614	252	44	34
614	251	44	34
614	251	44	34
614	251	44	34
614	252	44	34
613	251	45	34
613	252	44	34
613	251	44	34
614	250	44	34
614	250	44	34
613	250	44	34
614	250	44	34
614	250	44	34
613	251	45	34
613	250	45	34
614	249	45	33
613	249	45	34
614	249	45	34
614	249	44	34
614	249	44	34
614	247	44	34
615	247	44	34
615	247	43	34
614	247	43	34
615	247	43	34
615	247	43	34
615	246	43	34
615	245	43	34
615	246	42	33
615	246	42	34
616	245	42	33
616	245	42	34
616	244	42	34
616	244	42	34
616	245	42	33
617	244	42	33
617	244	42	33
617	243	42	33
617	244	42	33
617	243	41	33
617	243	42	33
617	243	42	33
616	243	42	33
616	242	42	33
616	242	42	33
616	242	42	33
617	242	42	33
616	242	42	33
617	242	42	33
617	241	42	33
617	241	42	33
617	242	42	33
617	241	42	33
617	241	42	33
617	241	42	33
617	240	42	33
617	241	42	33
618	240	42	33
618	240	42	33
618	240	42	33
620	239	41	33
620	240	41	32
620	240	41	32
620	240	41	32
620	240	41	32
620	239	41	32
620	239	41	32
621	239	41	32
620	239	41	32
621	239	41	32
621	239	41	32
622	239	41	32
622	238	41	32
622	238	41	32
623	237	41	32
623	238	41	31
623	237	41	31
623	238	41	31
624	237	41	31
623	237	41	31
624	236	40	31
623	236	41	31
624	235	41	31
624	235	41	31
624	234	41	31
624	234	41	31
624	234	41	31
625	233	41	31
625	233	41	31
624	233	41	31
625	233	41	31
626	233	40	31
625	232	40	31
626	232	40	31
626	232	40	31
626	231	40	31
627	231	40	31
627	231	40	30
627	230	40	30
627	231	40	30
627	230	40	30
627	230	40	30
627	230	40	30
627	230	40	30
627	230	40	30
627	229	40	30
627	230	40	30
627	229	40	30
627	228	40	30
627	229	40	30
626	227	40	30
626	228	40	30
627	228	40	30
627	228	40	30
627	227	39	30
627	228	39	30
627	227	39	30
626	227	39	30
626	227	39	30
626	226	39	30
626	226	40	30
626	226	40	30
625	226	40	30
626	225	40	30
626	225	40	30
626	226	40	30
626	225	40	30
625	225	40	30
625	225	40	30
625	225	40	30
626	225	39	30
626	225	39	30
626	225	39	30
626	225	39	30
625	224	39	30
625	224	39	30
625	223	39	30
626	224	39	30
626	223	39	30
626	223	39	30
626	223	39	30
626	223	39	30
625	223	39	30
626	222	38	30
626	223	39	30
626	223	38	30
626	223	38	30
626	222	38	30
626	224	38	30
626	223	38	29
626	223	38	29
626	222	38	29
626	223	38	29
626	223	38	29
626	223	38	29
626	223	38	30
626	223	38	30
626	223	38	30
627	223	38	30
627	223	38	30
626	224	38	30
627	223	38	30
627	223	38	30
626	224	38	30
626	223	39	30
626	223	38	30
626	223	38	30
625	224	39	30
626	223	39	30
626	224	39	30
625	224	39	30
626	223	39	30
625	224	39	30
626	224	39	30
626	224	39	30
626	224	39	30
626	224	39	30
626	224	39	30
625	224	39	30
625	224	39	30
625	224	39	30
626	223	39	30
625	225	39	30
626	224	39	30
625	224	39	30
625	224	39	30
625	224	39	30
625	224	39	30
625	223	39	30
625	224	39	30
625	224	39	30
625	224	39	30
625	223	39	30
625	224	39	30
625	223	39	30
625	224	39	30
625	223	39	31
624	223	39	31
625	224	39	30
623	224	39	30
624	223	39	31
624	223	39	31
623	223	39	31
623	223	39	31
623	224	39	31
623	224	39	31
622	224	39	31
623	223	39	31
623	223	39	31
622	223	39	31
623	223	39	31
622	224	40	31
622	223	40	31
621	224	40	31
622	224	40	31
622	224	40	31
622	224	40	31
621	224	40	31
621	224	40	32
621	224	40	32
622	224	39	32
621	224	39	32
621	224	39	31
621	224	39	31
621	223	39	31
621	223	39	31
620	224	39	31
621	223	39	31
620	224	39	31
620	223	39	31
621	224	39	31
620	223	39	31
621	224	39	31
620	224	39	31
621	224	39	31
621	223	39	31
621	223	39	32
621	223	39	31
620	224	39	31
620	224	39	31
620	223	40	32
620	223	40	32
620	223	40	32
620	223	40	32
619	223	40	32
620	223	40	32
621	222	40	32
619	223	40	32
620	222	40	32
620	222	40	32
620	221	40	32
620	222	40	32
619	222	40	31
619	221	40	31
619	221	40	31
620	221	40	31
620	221	40	31
620	221	40	31
620	221	40	31
620	221	40	31
619	221	40	31
619	220	41	32
620	219	41	32
620	219	41	32
620	220	41	32
620	219	41	32
620	219	41	32
620	219	41	32
620	219	41	32
620	218	41	32
620	218	42	32
620	218	41	32
620	217	41	32
621	218	41	32
620	218	41	32
621	217	41	32
622	218	41	32
621	217	41	32
621	218	42	32
621	218	41	32
622	217	42	32
622	217	42	32
622	217	41	32
622	216	41	32
622	216	41	32
622	216	41	32
622	216	41	32
623	215	41	32
622	216	41	32
622	215	41	32
623	215	41	32
623	215	41	32
623	214	41	32
623	215	41	32
623	214	41	32
623	214	41	32
623	214	41	32
623	214	41	32
623	214	41	32
623	214	41	32
623	213	41	33
622	214	41	33
623	213	41	33
623	213	41	33
622	213	41	33
622	213	41	33
622	214	41	33
622	213	42	33
622	214	41	33
622	214	41	33
622	213	42	33
621	213	42	33
621	214	42	33
621	214	42	33
621	214	42	33
621	215	42	33
621	214	41	33
620	214	41	33
620	215	42	33
619	216	42	33
619	216	42	33
619	216	42	33
619	216	42	33
619	217	42	33
619	217	42	33
618	218	42	33
618	218	42	33
618	219	42	33
618	220	42	33
618	221	42	33
617	222	42	33
617	222	42	33
617	222	43	33
617	223	43	33
617	224	43	33
617	225	43	33
616	226	43	34
617	226	43	34
617	227	43	34
616	228	43	34
616	229	43	34
616	230	43	34
616	231	43	34
615	232	44	34
615	233	44	34
615	234	44	34
614	234	44	34
615	235	44	34
614	236	44	34
615	237	44	34
615	239	44	34
614	239	44	34
614	239	44	34
614	240	44	34
614	242	44	34
614	243	44	34
613	243	44	34
613	243	44	35
614	245	44	34
614	246	44	34
614	246	44	34
613	247	45	34
613	247	44	34
613	248	44	34
613	248	44	35
614	250	44	35
613	250	44	35
613	251	44	34
614	251	44	34
614	252	44	34
613	252	44	34
613	253	44	34
613	253	44	35
613	253	44	35
613	254	44	35
613	254	44	35
613	255	44	35
613	254	44	35
613	255	44	35
613	255	44	35
613	256	44	35
612	257	44	35
612	256	44	35
612	258	44	35
613	257	44	35
612	258	44	35
612	258	44	35
612	259	44	35
612	260	44	35
612	260	44	35
612	261	44	35
611	261	44	35
611	262	45	35
611	262	45	35
612	262	44	35
611	263	45	35
612	264	45	34
612	264	45	34
612	265	45	34
612	264	45	35
613	265	45	35
613	266	45	35
612	265	44	35
613	266	44	35
613	266	44	35
613	266	44	35
614	267	44	35
614	268	44	35
614	268	43	35
614	268	44	35
615	269	43	35
615	269	43	35
615	270	43	35
615	270	43	35
615	271	43	34
615	272	43	34
615	272	43	34
616	273	43	34
616	274	43	34
617	274	43	34
618	275	43	34
618	276	43	34
618	276	43	34
618	277	43	34
619	277	43	34
619	278	43	34
621	279	43	34
620	279	43	34
621	280	43	34
620	280	43	34
621	281	43	34
621	281	43	34
621	282	43	34
622	283	43	34
622	283	43	34
622	284	43	34
622	285	43	34
623	285	43	34
623	287	43	34
623	287	43	34
624	287	43	34
624	289	43	34
624	289	43	34
624	289	42	34
625	291	42	34
624	291	42	34
625	291	42	34
625	292	43	34
626	293	42	34
625	293	43	34
625	295	43	34
626	295	43	34
625	296	43	34
626	297	43	34
626	297	43	34
626	298	43	34
626	298	43	34
626	299	43	34
627	300	43	34
627	301	43	34
627	301	43	34
627	302	42	34
628	303	42	34
628	304	42	34
628	304	42	34
628	305	42	34
628	305	42	34
629	305	42	34
629	306	42	34
629	307	42	34
629	307	42	34
629	308	42	34
629	307	42	34
630	308	41	34
630	308	41	34
630	309	41	34
629	310	42	34
629	309	42	34
630	310	42	34
629	310	42	34
629	310	42	34
630	310	42	34
630	311	42	34
629	311	42	35
629	312	42	35
628	312	43	35
628	312	43	35
628	313	43	35
628	313	43	35
628	313	43	35
627	315	43	34
627	314	43	34
627	315	43	34
626	315	44	34
626	315	44	34
626	315	44	34
626	316	44	34
626	316	44	35
626	317	43	35
626	316	43	35
626	318	43	35
626	317	43	35
626	317	43	35
626	318	42	35
627	318	42	35
626	318	42	35
626	319	42	35
627	319	42	35
626	319	42	35
626	319	41	35
626	319	41	35
626	320	41	35
626	320	41	35
626	320	41	35
625	319	41	35
626	320	41	35
626	321	41	35
626	321	41	35
626	321	41	35
626	321	41	35
626	321	41	35
626	323	42	35
625	322	42	35
625	322	42	35
625	323	42	35
625	324	43	35
625	324	43	34
625	325	43	34
624	325	44	34
624	325	43	34
623	326	44	34
623	326	44	33
623	326	44	33
624	327	44	33
623	327	44	33
624	327	44	33
624	327	44	33
624	328	43	33
624	328	43	33
625	328	43	33
625	328	43	33
624	328	43	34
626	329	42	34
626	328	42	34
627	329	42	34
626	329	42	34
626	329	41	34
627	329	41	34
627	330	41	34
627	331	41	34
626	330	41	34
627	331	41	34
627	331	41	34
627	331	41	34
627	331	42	34
626	331	42	34
626	332	42	34
626	331	42	34
627	332	41	34
627	332	41	34
627	331	41	34
627	332	41	34
627	332	41	34
627	333	41	35
628	332	41	35
627	333	41	35
627	333	41	35
627	334	40	35
627	334	41	34
627	334	40	34
627	334	41	34
627	335	41	34
627	335	41	34
627	335	41	34
627	335	41	35
627	336	41	35
628	336	40	35
627	337	40	35
627	337	40	35
629	337	40	35
628	337	40	35
627	338	41	35
628	338	41	35
628	339	41	35
628	340	41	35
628	340	41	34
627	340	41	34
628	340	41	34
629	341	41	34
628	341	41	34
629	342	41	34
628	342	41	34
628	343	41	34
629	343	41	34
629	343	41	34
629	344	41	34
629	344	41	34
630	345	41	34
630	345	41	34
631	345	41	34
630	346	41	34
631	347	41	34
630	347	41	34
631	347	41	34
631	347	41	34
631	348	41	34
631	347	41	34
632	348	40	34
632	348	40	34
632	348	40	34
633	348	40	34
633	348	40	34
633	348	40	34
633	349	40	34
634	349	40	34
634	349	40	34
634	350	39	34
635	350	39	34
635	350	39	34
634	351	40	34
635	350	39	34
635	351	39	34
636	350	39	34
635	351	40	34
636	351	39	34
635	351	40	34
636	351	40	34
636	351	39	34
636	352	39	34
636	351	39	34
637	351	40	34
636	352	40	35
637	352	40	35
637	352	40	35
637	353	40	35
637	352	40	35
637	353	40	35
638	353	40	34
638	353	41	34
637	353	41	34
637	353	41	34
637	353	42	34
638	353	42	34
637	354	42	34
637	354	42	34
638	354	42	34
638	354	41	34
638	354	41	34
638	354	41	34
638	354	41	34
638	355	41	34
638	354	41	34
638	354	41	34
638	354	41	34
638	355	41	34
639	355	41	34
638	355	40	34
639	355	40	34
638	356	40	34
638	355	40	34
638	355	40	34
638	355	40	34
638	356	40	34
638	356	40	35
638	356	40	34
638	356	40	34
638	357	40	34
638	356	40	34
637	356	40	34
637	356	40	35
637	357	40	35
637	356	40	35
637	357	40	35
636	357	40	35
636	357	40	35
635	357	40	35
635	357	40	35
635	358	40	35
636	358	40	35
635	358	40	34
635	358	40	34
635	359	40	35
635	358	40	34
634	359	40	35
634	360	40	35
634	359	40	34
633	360	40	34
633	360	41	34
633	360	41	34
632	361	41	34
632	360	41	34
631	361	41	35
632	361	41	35
632	361	41	35
631	362	41	35
631	362	41	35
631	361	41	35
631	361	41	35
631	362	41	35
631	362	41	34
630	361	41	35
630	362	41	35
630	361	41	35
630	362	41	35
629	361	41	35
630	362	41	35
629	362	41	35
629	362	41	35
629	362	41	35
629	362	41	35
628	362	41	35
628	362	40	35
628	361	40	35
628	361	40	35
628	361	40	35
628	362	40	35
627	360	40	35
627	361	40	36
628	361	39	35
627	361	39	35
627	361	39	35
626	361	40	35
626	362	40	35
625	361	40	35
625	362	40	35
624	362	40	35
625	362	40	35
625	362	40	35
624	361	40	35
624	362	40	35
624	362	40	35
624	362	40	35
623	361	40	35
622	360	40	35
622	359	40	35
622	359	40	35
622	358	40	35
621	357	40	35
621	357	41	35
621	356	41	35
620	356	41	35
621	355	41	35
620	354	41	35
619	354	41	35
620	354	41	35
619	352	41	36
620	353	41	35
618	352	41	35
619	352	41	35
619	351	41	36
619	352	40	35
619	351	40	35
619	352	40	35
619	352	40	35
618	352	40	35
618	352	40	35
617	352	41	35
617	352	41	35
617	352	41	35
617	353	41	35
617	353	40	35
617	353	40	36
617	354	41	36
616	354	41	36
616	354	40	36
616	354	41	36
616	354	41	35
616	355	40	35
616	355	41	35
616	355	40	35
616	355	41	35
615	355	41	35
615	355	41	35
614	355	41	36
615	355	41	36
615	356	41	35
614	357	41	35
614	355	41	36
613	356	41	36
613	357	41	35
614	357	41	35
613	357	42	35
613	358	41	35
613	357	41	36
613	358	41	36
612	358	42	35
612	358	42	36
612	358	42	36
612	358	42	36
612	359	42	36
611	359	42	36
612	359	42	36
611	359	43	36
611	359	43	36
611	359	42	36
611	358	42	36
611	359	43	36
611	359	43	36
611	359	43	36
611	359	43	36
611	359	43	36
612	360	42	37
612	359	42	36
613	360	42	36
614	360	42	36
615	360	41	37
617	361	41	37
619	360	41	37
621	361	41	37
622	360	41	37
625	360	41	37
626	360	41	37
629	360	41	37
631	361	41	36
632	360	41	36
634	361	41	37
636	361	41	36
637	361	41	37
638	361	41	37
639	361	41	36
640	361	41	37
641	361	41	37
641	361	41	37
642	361	41	37
642	361	42	37
641	361	42	37
641	361	42	37
642	362	42	37
641	362	43	37
641	362	43	37
641	362	43	37
641	362	43	37
641	363	43	37
641	362	43	36
641	363	43	36
641	363	43	36
641	363	43	36
641	363	44	36
641	364	44	36
642	363	44	36
641	363	44	36
642	364	44	37
642	364	44	36
642	364	43	37
642	363	43	37
642	364	43	37
642	364	43	37
642	364	43	37
642	364	43	37
642	364	43	37
642	364	43	37
643	364	43	37
643	364	43	37
643	364	43	37
643	364	43	37
643	364	43	37
643	364	43	37
644	364	43	37
643	363	43	37
643	364	43	37
644	364	43	37
644	364	43	37
644	363	43	37
645	364	43	37
645	363	43	37
645	364	43	38
645	363	42	37
645	363	42	37
646	363	42	38
646	363	42	38
645	363	43	38
644	364	43	38
644	363	43	38
645	363	43	38
645	363	43	38
645	362	43	38
644	363	44	38
644	363	44	38
644	362	44	38
645	362	44	38
644	363	44	38
645	362	44	38
644	363	44	38
644	362	44	38
644	363	44	37
644	362	44	38
644	362	44	37
643	362	45	37
644	363	44	37
644	362	44	37
644	362	44	37
644	362	44	37
644	361	44	37
645	362	44	37
644	361	44	37
644	362	44	37
644	362	44	37
644	362	44	37
644	362	44	37
644	362	44	37
643	361	44	37
643	362	44	37
643	362	44	37
643	361	44	38
643	361	44	38
643	362	44	38
643	362	44	38
643	361	44	38
643	361	43	38
644	361	43	38
643	362	43	38
643	361	43	38
642	361	44	38
643	361	43	38
643	361	43	38
642	361	44	39
642	361	44	39
642	361	44	39
641	361	44	39
641	362	44	39
641	361	44	38
641	361	44	39
640	361	45	39
640	362	45	38
640	362	45	38
639	362	45	38
640	362	45	38
639	363	45	38
640	363	45	38
639	363	45	38
639	363	45	38
640	363	45	38
639	363	45	38
639	363	45	38
640	364	45	38
639	363	45	38
639	364	45	38
639	364	45	37
639	363	44	37
639	363	44	37
639	364	44	37
639	364	44	37
639	364	44	37
640	364	44	37
639	363	44	38
640	364	44	37
640	363	44	37
639	364	44	38
640	363	44	38
640	364	44	38
640	364	44	38
640	363	43	38
640	364	43	38
640	364	43	38
640	364	43	38
641	364	43	38
640	363	43	38
640	364	43	38
640	364	43	38
641	364	43	38
641	363	43	38
640	364	44	38
640	363	44	38
640	363	44	38
641	363	44	38
640	364	44	38
641	364	44	38
640	364	44	38
640	364	44	38
639	365	45	38
640	366	44	38
639	365	45	38
640	365	45	38
639	365	45	38
640	365	45	37
638	365	46	37
640	365	45	37
639	366	46	37
638	366	45	37
639	366	45	37
638	366	45	37
639	366	45	37
639	366	45	38
639	366	45	38
640	366	44	38
640	366	44	38
640	367	44	38
639	366	44	38
639	366	45	38
639	367	45	38
639	366	44	38
640	366	44	38
640	367	44	38
640	367	44	38
640	366	44	38
640	366	44	38
640	366	44	38
640	367	44	38
640	367	44	38
641	366	44	38
641	367	44	38
640	366	44	38
641	366	44	38
640	366	44	39
640	367	44	39
641	366	43	38
640	366	44	38
641	366	43	38
640	367	44	38
640	367	44	38
640	367	44	38
640	368	44	39
640	367	44	39
639	367	45	39
639	368	45	39
639	368	45	38
639	368	45	39
639	369	46	38
638	368	46	38
639	369	46	38
640	369	45	38
639	369	46	38
640	369	45	38
639	370	45	38
640	371	45	38
640	370	45	38
640	370	45	38
640	371	45	38
640	371	44	38
641	372	44	38
641	372	44	38
641	372	44	38
641	372	44	38
641	373	45	38
640	373	45	38
641	373	45	38
641	373	44	38
640	373	44	38
641	373	44	38
642	374	44	38
641	374	44	38
642	374	44	38
643	375	44	38
641	375	44	38
642	376	43	39
642	375	44	39
642	376	44	39
642	376	44	39
643	376	43	39
642	377	43	39
642	377	43	39
642	377	43	39
642	376	44	39
642	377	44	39
642	377	44	39
641	378	45	39
639	378	45	39
639	379	46	38
639	379	46	39
639	378	47	38
639	380	47	38
639	381	47	38
638	380	47	38
639	381	47	38
638	381	48	38
