455	321	23	63
453	322	23	63
452	322	23	64
451	323	24	64
450	323	24	64
449	323	24	62
449	324	24	61
448	324	24	62
447	324	24	63
447	323	24	63
445	323	24	64
445	323	25	65
445	323	25	65
445	324	25	65
445	325	25	66
444	325	25	65
444	326	25	64
445	326	25	63
444	327	25	62
445	327	24	62
445	327	24	62
444	327	24	63
443	327	24	64
443	328	25	65
442	328	25	65
441	329	25	64
439	329	26	63
439	329	26	61
439	330	26	60
439	330	26	61
438	330	26	63
437	330	26	65
438	328	26	66
438	329	25	67
437	329	25	69
437	329	25	69
436	329	25	69
436	330	25	69
437	331	25	68
437	331	25	66
436	332	24	64
436	332	24	62
436	333	23	62
436	332	23	62
435	333	23	63
433	332	23	64
432	331	23	64
431	332	23	64
430	333	24	64
428	334	24	65
427	334	24	65
427	335	24	64
426	335	25	63
425	336	24	61
424	337	24	60
423	338	24	60
422	338	24	61
421	338	25	62
421	338	25	64
420	338	26	66
418	338	26	67
416	337	27	67
415	338	27	66
414	339	26	64
413	342	26	64
414	342	26	63
412	342	25	61
412	343	25	61
411	343	24	62
411	343	24	62
410	343	24	63
408	343	25	64
407	343	25	64
407	344	25	63
405	344	24	61
404	345	25	60
403	347	24	59
401	347	24	59
401	348	24	60
400	347	25	61
398	347	25	62
396	346	26	63
395	346	26	64
394	346	26	64
393	347	26	64
393	347	25	64
393	345	25	63
392	346	25	62
392	346	24	62
392	346	24	62
392	345	23	62
391	343	23	62
391	343	22	63
390	343	22	63
389	342	23	62
388	343	23	61
387	342	23	60
385	342	24	59
383	342	24	59
381	341	24	60
379	341	25	60
378	340	25	61
377	340	24	62
376	339	24	62
376	339	24	62
376	339	24	60
376	339	23	59
375	339	23	58
375	339	23	57
375	339	23	58
375	337	24	58
376	336	24	59
376	335	25	59
376	335	25	59
375	335	25	59
375	335	25	58
374	334	25	58
375	334	24	57
375	334	24	57
376	335	24	58
376	334	24	58
376	333	24	59
376	332	24	59
376	332	25	60
377	331	24	59
378	331	24	59
381	331	24	58
383	329	24	57
388	329	23	57
394	328	23	57
399	326	23	57
403	325	23	58
409	322	23	58
415	321	23	58
423	320	23	58
428	320	23	57
433	319	23	57
439	319	23	57
445	317	23	56
453	317	22	56
459	316	22	56
465	315	22	56
471	313	23	57
476	313	23	57
483	312	23	58
489	311	22	58
495	310	22	58
498	310	22	57
504	308	22	57
509	308	22	56
513	307	21	56
517	307	20	55
520	306	21	56
522	305	22	56
525	304	22	56
525	304	22	56
526	303	22	56
527	303	23	55
528	303	23	55
528	304	23	54
528	303	22	54
529	303	22	54
529	302	22	55
530	302	23	56
530	301	23	56
530	300	23	56
530	300	23	57
530	299	23	56
530	298	23	56
531	299	22	55
531	299	21	54
532	298	21	54
531	298	20	54
532	298	21	54
532	297	21	55
532	295	21	55
532	295	21	55
532	295	22	55
532	294	22	55
531	294	22	54
531	293	22	53
530	293	21	52
530	294	21	52
531	294	21	53
530	293	21	54
530	291	22	54
529	290	23	54
529	289	23	55
529	288	24	55
528	288	24	55
528	287	24	55
528	287	23	54
527	286	23	53
526	286	22	52
526	286	21	51
525	286	21	51
526	285	21	51
525	284	22	51
525	283	23	51
523	282	24	51
521	281	25	51
521	281	25	51
519	281	25	50
517	281	26	49
515	280	25	49
513	281	24	49
513	281	23	49
512	280	23	49
510	280	23	49
509	279	24	49
508	278	25	50
506	278	26	50
504	277	26	50
502	277	26	51
501	277	26	51
498	277	25	50
496	277	24	49
496	278	23	49
495	277	23	49
492	277	24	48
492	277	26	48
489	277	28	48
487	276	29	47
487	276	31	47
484	277	31	47
482	277	32	47
480	278	31	46
478	280	29	46
477	280	26	47
476	280	24	46
475	280	23	46
475	280	24	46
473	280	24	45
472	280	25	46
468	281	27	46
467	281	29	47
464	282	30	47
463	283	30	47
462	283	30	48
460	285	29	46
458	287	28	46
457	287	26	46
457	288	24	46
457	289	24	47
455	291	25	48
453	291	26	49
451	291	28	50
450	291	29	52
449	291	29	52
448	293	28	52
447	294	26	52
446	295	25	51
446	297	24	51
446	298	23	50
446	300	23	48
447	300	25	47
446	301	26	47
446	303	27	48
444	303	29	49
444	305	29	51
444	306	28	52
445	306	27	52
445	309	26	52
445	311	25	52
445	312	24	51
446	314	23	50
447	316	23	49
447	317	23	49
447	319	24	50
448	320	25	52
448	322	25	54
448	323	26	56
448	324	27	56
450	326	27	56
451	328	26	55
451	330	24	55
452	331	22	54
454	333	21	52
456	334	21	52
458	335	21	51
458	337	22	51
460	338	23	52
461	339	24	54
462	340	25	56
465	342	25	57
467	344	26	57
470	346	25	57
471	347	25	56
474	349	24	55
475	350	23	53
476	352	24	52
477	354	24	53
479	356	25	54
480	357	25	56
483	358	26	58
484	359	26	59
485	360	26	60
487	362	26	60
488	364	25	59
490	366	24	58
491	367	23	57
493	369	22	56
493	370	22	55
494	372	22	55
495	373	23	56
495	375	24	57
495	376	25	57
495	377	25	58
495	378	26	58
495	381	26	58
495	383	26	58
496	383	26	56
495	386	26	54
495	388	25	53
494	390	25	53
494	392	25	53
494	393	25	54
494	395	25	56
494	395	25	57
494	396	25	58
494	397	25	58
495	399	25	57
495	400	24	56
495	402	23	54
495	404	23	53
495	405	23	52
495	406	23	52
495	409	23	54
495	408	25	55
493	409	26	56
493	410	27	57
492	411	28	58
492	412	29	58
492	413	29	57
492	415	29	56
491	416	28	55
491	417	28	53
489	418	27	53
490	420	27	54
489	422	27	56
489	422	27	58
487	422	28	60
487	423	28	61
487	423	28	63
487	424	28	63
488	425	27	63
488	427	26	61
489	429	26	59
489	430	25	57
489	431	24	55
489	432	23	53
489	434	23	53
490	435	23	55
489	435	24	57
490	435	25	59
489	436	25	60
490	436	26	60
490	438	27	60
490	438	27	60
490	439	27	59
490	440	27	57
490	440	28	55
490	442	28	55
491	443	27	56
491	445	26	58
492	445	26	61
492	445	26	63
492	445	26	64
493	446	25	65
493	447	25	64
494	448	25	62
495	449	25	61
496	450	25	60
497	450	24	58
496	450	24	57
496	452	24	58
496	452	25	59
496	452	26	62
496	453	27	63
495	453	27	64
495	454	27	64
495	455	28	64
495	455	27	62
493	456	27	60
494	457	27	58
493	459	27	57
492	460	27	57
492	460	27	59
491	461	27	62
491	462	27	64
492	462	28	66
491	462	28	67
492	461	28	67
492	462	28	66
492	464	28	64
491	465	27	62
491	466	26	61
490	465	26	59
489	466	26	59
489	467	28	59
488	467	29	61
488	466	31	62
487	468	31	62
486	468	31	62
484	468	31	62
484	469	29	60
484	470	29	59
481	470	28	57
481	470	27	55
480	472	27	56
479	473	27	57
478	473	27	59
478	473	28	61
477	472	28	63
477	473	28	63
477	473	27	63
479	473	27	62
479	473	26	60
479	473	25	59
479	473	24	57
479	473	23	56
480	474	24	56
480	474	25	58
480	474	26	60
481	473	27	62
482	474	28	63
483	473	28	63
484	473	28	61
485	474	28	60
485	474	28	57
485	474	28	55
488	474	27	55
489	476	26	56
491	475	26	59
491	474	27	61
493	473	27	63
495	473	28	65
495	473	28	66
497	473	29	67
499	473	28	65
501	473	27	64
503	473	27	61
504	474	26	59
505	473	25	57
506	472	25	56
507	472	25	56
507	473	26	57
508	472	28	58
508	472	29	60
509	470	30	62
509	470	31	63
509	470	32	62
508	471	32	61
508	470	32	59
506	471	31	58
506	471	30	57
505	470	29	55
505	472	28	57
505	472	27	57
504	473	27	59
503	473	28	61
501	472	28	62
499	472	28	63
499	471	29	63
498	471	29	61
497	470	28	60
496	470	27	58
495	469	27	57
493	469	27	56
493	466	28	54
491	466	29	55
489	466	30	56
489	465	31	58
487	463	33	60
485	463	35	61
480	462	34	62
481	462	36	61
480	462	36	60
478	461	36	59
478	461	35	57
476	460	33	55
475	460	31	55
474	459	30	56
475	459	31	58
475	458	32	60
473	456	32	62
473	455	33	64
472	454	34	64
472	454	35	63
472	452	34	61
471	454	33	59
472	453	31	58
474	451	29	57
475	451	29	55
476	449	29	54
477	449	31	55
478	448	33	58
478	447	34	60
478	445	35	61
478	444	34	61
480	444	34	61
481	443	35	59
480	442	36	57
480	443	36	55
481	441	34	55
484	441	32	56
486	440	32	57
486	439	31	59
487	438	32	61
487	436	33	62
487	436	32	62
487	435	32	61
488	434	31	60
490	433	30	58
489	433	30	56
489	432	30	54
489	430	30	53
489	429	31	52
492	429	32	53
492	428	33	55
494	426	36	56
491	426	38	58
491	424	39	59
489	423	39	58
489	423	41	57
487	422	40	55
486	421	39	54
486	421	37	53
490	421	35	55
491	417	34	55
492	417	34	57
492	416	34	58
493	415	35	59
491	414	32	59
492	412	31	58
494	413	32	56
492	412	31	54
492	411	30	53
492	409	31	52
493	408	32	51
493	406	34	51
493	404	35	52
493	403	37	53
493	402	38	55
493	402	40	55
493	401	39	56
493	400	39	55
493	400	39	54
493	399	37	52
490	398	36	52
493	398	34	52
493	396	33	52
495	395	33	53
497	394	34	53
497	394	33	54
498	394	30	55
502	392	28	55
503	392	26	55
504	390	26	54
507	388	26	52
510	387	26	52
513	385	27	50
515	384	28	50
519	382	30	50
523	380	32	51
526	378	33	52
529	377	34	53
530	376	31	54
534	375	28	55
545	372	29	53
550	371	30	52
553	372	30	51
556	371	29	50
563	370	29	51
570	367	30	50
575	365	31	50
581	364	31	51
586	363	30	53
591	363	29	55
598	362	28	56
602	360	27	56
609	360	28	54
613	359	29	53
618	359	28	52
623	357	28	51
628	356	29	51
633	354	31	51
637	352	32	52
642	351	34	52
646	349	35	53
648	348	34	54
652	347	36	55
655	346	36	54
656	346	36	54
657	345	34	53
657	346	33	53
660	344	32	54
662	343	31	54
663	341	32	54
666	340	33	55
666	339	34	56
667	338	35	56
667	338	36	56
667	337	36	56
666	338	36	55
666	338	35	54
665	336	34	54
666	336	31	54
666	335	30	53
667	333	30	53
669	333	30	54
669	331	32	55
670	331	33	55
672	329	34	55
672	330	35	55
673	329	35	54
675	330	35	54
677	330	33	54
680	330	31	54
683	330	30	55
685	329	30	55
689	327	30	55
692	326	32	56
696	326	33	56
703	326	35	56
707	326	36	56
710	327	36	56
714	327	36	55
717	327	35	54
720	328	33	54
723	328	32	54
726	327	31	54
729	327	31	55
731	325	30	56
735	325	31	57
738	324	32	57
741	323	33	58
744	324	34	58
746	324	35	58
749	325	35	57
750	326	34	56
752	327	33	57
752	326	32	57
753	326	31	57
756	325	30	57
759	325	30	58
764	323	32	58
766	324	33	58
768	323	35	57
770	324	36	57
772	325	37	56
774	326	36	55
776	327	36	55
778	326	34	55
779	326	32	56
781	326	30	57
783	325	30	58
785	324	30	59
788	324	31	60
791	323	32	60
794	322	33	60
796	323	34	60
799	325	35	59
799	325	34	58
802	325	34	58
802	325	31	58
803	326	29	58
808	325	28	59
810	324	28	59
813	323	29	60
816	323	31	60
818	323	33	59
820	323	34	59
823	324	35	58
826	326	35	57
827	326	34	57
829	326	32	57
830	326	29	58
833	326	27	59
836	325	27	60
839	323	28	61
841	322	29	62
842	322	30	63
845	322	31	63
847	322	31	63
848	323	30	62
850	324	30	62
852	324	30	61
852	324	29	61
852	323	27	61
854	323	26	61
856	322	27	61
858	321	28	61
859	320	30	61
860	320	32	61
862	320	33	61
864	321	34	61
865	320	35	60
865	321	34	59
866	322	31	59
866	322	28	60
869	321	26	60
871	320	26	61
873	319	27	63
876	317	28	64
877	317	29	64
878	317	30	64
880	317	31	64
881	318	31	64
883	318	30	63
883	319	28	62
884	319	26	61
885	319	25	60
887	317	25	61
890	317	27	61
891	316	28	61
892	316	30	62
894	316	32	62
896	316	34	62
897	316	35	61
898	316	34	60
897	316	32	59
896	316	29	59
897	316	26	60
898	314	25	60
899	313	25	61
898	312	25	63
898	311	26	64
897	309	27	65
894	307	27	64
894	308	27	64
892	309	25	63
892	308	25	62
890	308	24	62
887	306	23	61
885	305	23	61
885	305	24	61
883	303	24	61
882	302	27	62
877	300	28	62
875	299	31	62
873	299	32	61
870	298	31	60
868	298	31	59
865	298	28	59
863	298	26	59
862	297	24	59
860	296	23	60
860	294	24	61
858	293	24	62
857	292	25	62
856	290	26	63
856	290	26	63
855	290	26	63
855	290	25	61
855	290	24	60
855	290	23	60
855	290	22	59
855	289	22	60
857	287	23	60
858	286	25	61
858	286	26	61
859	285	29	61
860	286	31	61
861	285	31	60
863	286	31	59
863	285	30	58
864	286	28	57
864	285	26	57
866	284	24	57
867	283	24	59
868	282	23	60
869	281	23	61
869	280	24	62
870	279	25	61
871	280	25	61
872	280	25	61
871	281	24	60
871	280	23	59
870	280	22	58
870	280	21	58
871	278	22	58
871	277	22	59
871	276	24	59
870	275	25	59
870	275	27	60
871	275	28	60
870	275	28	60
870	274	28	59
868	274	26	58
868	273	24	57
868	273	23	58
868	272	22	58
868	271	22	59
867	269	23	60
867	269	23	61
865	268	24	62
865	268	24	62
865	268	24	62
865	268	23	61
864	267	23	60
864	266	22	59
863	265	21	58
864	265	21	58
863	264	20	58
863	263	21	59
863	262	22	59
862	262	23	59
862	262	25	59
864	262	25	59
864	262	25	58
864	262	25	57
864	262	23	56
864	261	22	56
865	260	22	56
865	260	22	57
866	258	23	58
866	258	22	60
867	257	23	61
867	257	23	61
868	257	23	61
869	258	23	61
869	257	23	60
870	257	22	59
870	256	21	58
871	256	21	58
872	255	21	57
873	255	21	57
874	254	21	58
874	254	21	58
875	254	22	59
876	254	24	59
877	254	25	58
878	254	25	57
878	254	25	56
877	254	23	55
878	254	22	55
879	253	22	55
879	254	22	56
879	252	22	57
879	252	22	58
879	252	22	59
880	251	23	59
880	252	22	59
881	252	23	59
881	252	22	58
881	252	21	57
880	251	20	56
880	251	20	56
880	250	20	55
880	249	20	56
879	249	20	57
879	249	21	58
879	248	22	58
880	249	23	58
879	248	24	58
878	249	23	57
877	248	22	55
875	248	21	55
874	248	21	55
873	247	21	56
871	246	21	56
869	245	21	58
868	245	21	59
866	245	21	60
864	245	21	60
863	245	21	60
861	246	21	60
860	245	21	59
857	245	20	57
855	245	20	56
854	245	19	56
852	243	19	56
850	243	19	57
848	243	19	58
846	242	19	59
846	241	20	59
844	242	20	59
843	242	20	58
842	242	20	57
840	242	20	56
838	242	20	55
837	242	20	56
836	241	21	56
834	241	21	57
834	240	21	58
833	240	21	58
833	240	21	59
833	239	21	60
833	240	22	59
834	240	22	59
834	240	21	58
834	240	21	57
834	240	21	56
835	240	20	56
835	240	20	56
836	240	20	56
837	239	20	57
838	239	20	58
839	240	20	58
840	239	20	58
840	241	21	58
841	241	21	57
841	241	21	56
841	242	21	56
841	241	21	55
842	241	22	55
842	241	21	55
842	242	22	57
843	241	22	58
842	241	21	59
843	241	22	60
843	242	21	60
842	242	21	60
843	242	21	58
842	242	21	57
841	242	20	56
841	242	20	56
840	242	20	56
840	241	19	57
838	242	19	58
838	242	19	58
837	241	20	59
836	242	20	59
834	242	20	58
832	242	20	57
831	242	20	56
829	242	20	55
827	242	20	56
826	242	20	56
824	241	20	56
824	242	20	57
822	242	21	58
821	242	21	59
820	242	21	60
819	242	21	59
818	243	21	59
817	243	20	58
816	244	20	57
814	243	20	56
813	244	19	55
811	244	19	55
810	244	19	56
810	244	19	57
808	244	19	58
807	244	19	58
807	245	20	58
806	245	20	57
805	246	20	57
803	246	20	56
802	247	20	55
802	247	21	55
801	246	21	55
801	246	21	56
801	246	21	57
801	246	21	58
800	247	21	59
801	247	21	59
800	248	21	59
801	248	21	58
801	249	21	57
801	249	21	57
802	249	21	56
801	250	21	56
802	249	20	56
801	249	20	57
802	250	21	58
