708	58	31	108
706	59	32	107
706	58	33	107
706	58	34	107
706	57	34	108
707	57	35	108
706	56	36	109
707	55	37	110
707	54	38	111
707	53	38	111
708	51	38	112
709	50	38	112
709	49	38	113
710	48	38	113
711	46	38	112
712	44	38	112
712	42	39	111
711	42	39	111
712	40	40	111
711	40	40	111
712	39	41	111
712	39	41	111
712	38	41	112
712	38	41	113
713	37	41	114
713	35	41	115
713	34	41	115
713	34	41	115
714	32	41	115
714	31	40	113
714	31	40	112
714	30	39	110
714	30	39	109
715	29	39	109
715	28	39	110
716	25	40	112
716	24	40	113
717	21	40	115
717	19	40	116
718	19	39	117
718	19	38	117
719	19	39	117
719	20	39	115
719	19	39	112
720	20	40	109
721	20	40	108
721	20	40	109
722	18	41	110
723	17	41	112
724	16	41	114
725	15	40	116
726	14	40	118
727	14	39	118
728	15	39	118
728	17	39	117
728	17	39	115
727	19	39	112
728	19	39	111
728	19	39	111
728	19	39	111
727	18	39	112
725	18	38	113
722	19	37	114
719	19	37	116
716	20	37	116
709	21	37	115
705	23	38	114
699	24	38	112
692	26	39	109
687	28	39	108
682	29	39	108
676	29	39	109
672	29	38	111
666	28	38	113
661	29	38	115
654	30	37	116
647	31	37	117
641	32	37	117
634	34	37	116
626	36	37	114
620	38	37	111
614	40	37	109
609	43	38	108
605	45	38	109
600	45	38	110
597	45	39	112
594	45	39	114
592	46	39	116
590	47	38	117
589	48	39	117
589	51	39	116
589	52	39	114
589	55	39	111
590	58	39	109
591	60	39	109
591	61	39	111
593	59	38	113
592	59	39	115
593	59	38	117
593	59	38	118
593	59	38	119
592	61	38	119
591	62	38	118
591	63	39	115
591	65	39	112
590	67	39	111
590	68	40	111
590	68	40	112
590	67	40	114
590	67	40	116
590	67	40	118
591	68	39	120
592	68	39	120
593	68	39	120
594	69	39	117
594	71	39	114
594	73	39	110
595	75	39	110
596	75	39	111
595	75	39	113
596	74	39	115
596	73	39	118
597	71	39	119
597	70	38	121
597	71	38	121
597	72	38	120
597	72	38	116
596	72	38	113
594	73	39	111
594	75	39	112
593	74	40	114
593	72	41	116
593	70	42	118
592	69	43	121
591	67	43	123
591	66	42	123
591	66	42	122
591	66	42	119
592	68	42	116
592	69	41	113
592	70	40	113
592	69	40	114
591	67	39	116
591	65	39	118
590	63	39	121
590	61	39	122
589	59	40	123
589	58	39	120
587	57	40	116
586	59	39	112
585	61	40	111
583	62	41	112
582	60	41	115
581	58	42	117
579	56	43	120
578	54	43	123
577	52	43	124
576	49	43	122
575	49	43	119
575	50	42	115
574	52	42	113
574	53	41	113
574	53	41	115
573	50	41	118
571	48	41	120
569	45	41	123
568	44	42	124
567	42	41	122
565	40	41	119
563	40	42	114
561	42	42	109
560	43	41	108
558	43	42	109
556	42	43	111
553	41	44	115
551	37	46	118
548	36	47	120
545	33	47	121
544	31	47	120
542	31	47	118
540	32	47	114
540	33	46	111
537	35	46	109
536	35	44	111
534	33	44	113
532	31	44	115
530	30	45	118
527	29	46	120
523	27	47	121
520	26	47	120
517	27	47	117
514	26	47	113
509	30	47	110
506	31	47	108
502	33	48	110
499	32	48	112
496	31	50	115
492	31	51	119
488	30	51	121
484	29	51	122
481	28	50	122
477	29	49	119
474	31	47	116
472	33	46	113
470	35	44	111
467	37	43	112
465	37	42	114
463	35	43	116
462	35	44	119
462	34	46	121
464	33	48	121
468	34	49	120
475	33	48	118
481	34	48	116
491	33	47	113
500	35	46	111
511	35	45	112
524	34	45	115
538	33	46	118
552	31	47	120
567	30	48	123
586	29	47	125
605	28	47	125
625	28	47	124
644	31	47	121
665	32	47	118
686	34	46	115
706	38	45	115
725	38	44	117
744	39	43	119
761	40	43	121
776	41	42	124
790	42	41	125
801	43	40	124
811	44	40	123
819	46	39	120
825	48	39	116
829	52	40	114
832	54	42	115
834	54	44	118
835	53	46	121
835	52	47	124
833	51	48	126
831	51	49	127
829	49	48	126
826	50	48	123
823	53	48	119
821	56	48	116
818	60	46	115
816	62	45	117
815	62	44	120
812	61	44	123
810	62	44	126
808	62	44	128
805	61	44	128
800	60	43	125
795	61	43	121
789	62	44	117
783	65	44	115
778	66	45	117
772	67	47	119
766	66	49	122
761	66	50	125
757	65	50	126
753	64	50	126
749	63	49	124
745	64	49	121
741	65	49	117
737	67	48	115
734	69	47	116
730	69	46	118
726	69	45	121
722	69	45	123
719	68	44	124
715	68	43	124
711	68	44	122
706	69	44	118
700	69	45	113
693	73	45	110
686	76	46	112
680	76	48	114
675	76	50	117
669	76	52	119
663	77	54	120
657	77	55	118
654	77	55	114
650	80	54	109
648	83	52	105
642	87	52	99
636	91	53	93
631	97	56	90
626	101	60	88
620	104	65	88
614	105	69	87
609	109	72	86
605	111	75	83
600	113	75	79
593	117	73	76
590	122	70	74
587	126	68	73
587	130	68	74
585	134	68	74
581	135	68	73
578	140	66	70
578	145	63	67
580	151	62	64
580	157	63	62
583	161	67	61
583	167	72	60
583	171	77	59
584	176	81	59
588	182	82	60
591	188	80	60
597	197	76	61
597	202	71	62
601	208	65	64
610	213	63	64
620	219	65	65
628	226	68	65
630	234	71	66
640	242	75	68
647	252	77	69
654	259	76	70
659	269	73	69
665	279	69	70
668	288	66	69
679	298	67	70
685	308	68	73
690	318	66	78
693	328	62	82
695	337	59	85
701	346	57	88
717	355	62	88
720	366	64	89
719	374	67	90
719	381	67	92
725	388	68	95
732	394	71	99
736	396	73	104
736	400	78	107
734	405	86	108
740	409	93	111
750	415	95	115
758	420	94	119
768	425	86	121
777	428	75	124
787	431	67	125
800	436	62	128
813	438	61	132
823	438	64	137
836	441	69	141
851	444	74	145
866	447	79	149
883	449	82	150
907	456	81	148
933	461	77	146
961	467	74	142
986	472	72	138
1011	480	73	140
1034	486	73	144
1055	490	74	149
1075	493	75	154
1089	494	77	159
1103	495	78	161
1117	495	78	162
1127	496	80	160
1136	497	81	154
1143	498	81	148
1150	497	82	140
1154	502	85	138
1157	501	88	140
1159	499	91	144
1158	494	92	147
1157	490	90	149
1152	480	88	150
1146	474	85	150
1138	467	82	149
1130	460	80	146
1123	452	78	141
1114	444	76	135
1100	436	76	130
1083	429	75	129
1064	416	75	131
1040	401	74	134
1014	388	72	136
991	372	68	138
965	359	65	138
940	346	62	137
914	335	60	134
887	326	58	130
864	319	56	124
842	312	54	119
821	309	52	118
801	303	50	118
784	298	49	120
766	292	48	123
750	288	46	125
737	283	45	126
722	279	44	126
709	277	44	124
698	275	44	121
688	274	44	118
677	273	45	113
668	273	45	111
660	272	46	112
654	272	46	115
647	270	46	117
641	268	46	121
637	265	46	123
633	263	46	124
629	263	45	124
625	261	45	121
622	262	44	118
618	262	44	113
613	265	43	110
609	268	42	111
605	267	42	112
600	267	42	115
595	266	43	119
590	267	43	122
584	265	44	124
580	265	45	124
575	265	45	122
569	268	45	120
563	268	46	115
558	273	46	111
553	277	46	112
547	279	46	114
542	280	47	118
537	281	47	121
532	281	47	123
528	280	47	123
524	280	47	121
519	284	48	121
515	287	47	118
511	288	47	114
506	292	46	111
502	295	46	112
497	296	46	113
494	298	46	117
488	297	47	120
483	299	47	124
477	298	48	125
473	298	48	124
468	299	49	122
463	298	49	116
459	303	50	113
457	307	50	112
457	309	50	114
458	307	51	118
461	305	52	123
466	301	52	125
472	296	52	124
481	294	52	122
488	290	52	117
495	293	51	115
499	294	51	116
502	294	51	119
506	291	52	123
510	289	51	126
517	284	51	126
522	280	51	123
528	278	50	120
535	274	50	115
539	278	49	114
544	278	49	117
547	275	48	120
546	271	47	124
547	264	47	122
546	260	47	119
545	255	47	114
542	253	46	109
535	254	47	108
530	255	49	111
523	251	49	114
518	246	48	117
514	240	47	118
511	234	46	117
507	228	45	113
503	228	46	108
497	228	46	108
491	227	46	110
485	223	48	114
479	219	48	117
475	213	47	118
470	208	45	115
466	201	45	110
462	200	44	105
455	201	45	104
451	201	46	106
449	198	47	110
447	194	47	115
449	186	46	115
452	179	45	112
457	173	45	108
464	169	44	103
471	169	43	101
479	169	42	102
488	166	41	105
498	160	41	109
507	155	41	110
517	149	40	110
530	143	39	108
542	139	38	103
555	136	39	99
567	136	40	98
578	133	39	99
592	131	39	103
605	126	39	107
618	120	39	108
631	117	39	107
643	111	40	104
653	108	40	100
664	107	40	96
676	110	40	95
686	110	40	95
696	109	39	98
703	106	38	102
709	102	36	104
714	96	35	102
718	93	34	100
721	91	33	97
723	90	33	95
724	89	34	94
725	88	34	95
723	84	34	99
720	82	35	102
717	77	36	104
713	73	36	103
709	70	37	100
703	68	38	97
700	67	39	93
697	66	38	91
695	66	37	91
695	65	36	93
691	63	35	96
690	60	34	98
688	58	34	99
685	55	34	98
683	55	34	97
681	52	36	93
677	53	37	89
677	56	36	88
676	55	37	87
671	56	37	89
668	54	36	92
667	52	36	96
664	49	36	98
662	47	36	98
658	45	36	97
657	43	35	94
653	45	36	91
650	46	36	88
647	48	36	88
645	48	35	90
643	47	34	92
642	47	34	94
641	47	34	96
639	46	34	97
637	46	34	96
635	46	34	93
634	47	34	90
632	50	35	87
630	52	35	87
627	52	35	89
626	52	34	91
627	52	35	94
629	52	35	96
632	51	36	96
642	53	36	96
649	54	36	96
660	56	36	94
670	59	37	91
682	62	36	90
696	64	35	90
708	66	34	92
722	67	34	94
736	69	34	97
749	70	35	98
759	72	36	98
771	74	38	96
781	77	38	94
792	81	39	91
801	86	39	90
810	89	39	89
816	92	39	90
822	93	39	93
828	94	39	96
832	95	39	99
835	96	39	101
838	96	39	102
839	98	39	101
839	99	38	99
839	101	37	96
836	104	37	95
834	105	36	94
830	108	36	94
827	108	36	96
824	109	36	98
822	109	36	100
819	110	37	103
817	111	37	104
814	111	37	103
811	112	38	101
809	114	37	98
807	116	38	95
804	118	38	93
801	121	38	93
798	121	38	96
795	122	38	99
792	122	38	101
788	122	38	104
784	122	38	106
781	122	38	106
778	122	38	104
774	125	38	102
770	127	38	99
765	128	37	97
762	131	37	96
757	131	37	97
754	131	37	98
749	131	37	100
745	131	37	102
740	131	37	105
737	131	37	106
731	132	37	106
728	133	37	106
723	135	38	104
720	138	38	103
716	138	38	99
710	140	38	98
705	141	38	98
700	143	38	100
695	143	39	103
690	143	38	105
686	144	38	107
680	144	39	106
674	144	40	104
666	146	42	101
659	148	46	97
653	148	51	93
646	153	55	91
641	156	57	89
639	159	56	89
641	161	54	88
644	165	53	86
647	167	54	81
649	173	56	76
652	179	58	72
655	185	61	69
660	190	66	67
663	195	71	65
667	199	74	64
671	202	77	61
674	206	76	61
679	210	75	61
682	214	73	61
686	218	70	61
694	223	69	62
700	227	70	62
706	231	72	63
712	237	75	63
715	241	76	63
720	243	75	63
727	244	70	64
734	250	65	66
739	261	59	66
747	270	54	66
757	277	50	64
763	287	50	63
767	297	53	63
774	307	56	64
784	316	57	64
794	328	56	64
806	338	55	64
818	349	53	65
830	358	53	66
835	367	55	66
840	378	59	64
845	392	64	62
853	406	68	63
860	418	71	63
874	433	70	61
882	450	71	58
891	466	74	54
902	487	77	55
919	502	80	57
936	520	79	61
951	539	78	66
963	558	78	70
977	572	76	76
989	589	73	80
1000	609	69	81
1006	633	68	82
1014	651	68	75
1021	671	69	69
1031	687	70	65
1024	660	70	65
1021	648	70	65
1019	644	70	65
1017	651	70	65
998	646	70	65
998	640	70	66
999	651	70	66
999	646	70	66
1000	641	70	66
998	635	70	66
995	626	70	66
973	603	70	66
951	600	70	66
929	597	70	67
908	594	70	67
904	591	69	67
901	590	69	67
897	587	69	68
894	583	69	68
891	581	69	68
871	598	69	68
867	597	68	69
864	612	68	69
857	641	66	71
836	687	68	65
815	674	67	63
807	657	62	63
792	646	59	68
785	634	57	78
771	617	53	87
757	600	51	94
739	586	51	100
727	572	50	106
714	556	51	109
698	541	52	111
685	527	54	114
674	511	58	117
658	497	65	118
640	486	74	118
622	475	82	119
608	464	89	118
596	455	91	116
587	447	88	114
579	439	84	113
565	431	78	114
560	422	70	115
554	412	64	117
548	403	60	120
540	393	57	123
532	382	57	127
522	372	58	129
515	363	59	130
507	355	59	130
501	348	59	128
494	343	56	126
487	339	53	123
479	333	50	119
475	331	46	118
471	326	44	119
466	319	44	120
460	313	45	121
455	306	47	123
450	301	51	124
447	295	54	125
446	291	55	125
446	287	56	123
446	284	57	119
447	280	56	114
450	278	54	112
455	276	52	112
463	271	50	113
470	266	49	115
478	262	48	117
486	257	48	119
494	254	47	122
503	251	46	123
511	249	45	122
521	248	44	120
528	247	44	118
532	246	44	115
539	244	44	111
543	245	43	110
547	245	42	110
550	244	42	112
551	243	42	113
553	242	42	116
553	243	42	117
552	243	41	117
550	244	41	117
548	246	41	116
545	247	41	113
544	249	40	110
542	250	39	107
539	253	38	107
537	255	37	108
534	256	37	109
531	257	37	110
528	259	37	112
525	261	37	115
522	264	37	116
519	266	37	116
517	268	38	113
514	271	38	111
510	272	39	106
508	276	40	104
503	281	40	104
500	282	40	106
497	282	41	108
495	282	41	111
492	281	42	113
490	281	42	115
487	280	42	115
484	280	42	114
482	279	41	112
481	278	40	108
481	279	39	105
481	281	37	105
480	282	36	105
479	282	36	105
478	281	37	105
475	281	38	104
471	281	41	102
468	282	43	97
468	282	44	91
469	285	45	85
473	288	45	82
477	289	44	78
480	290	43	75
481	293	41	73
483	295	41	70
484	298	42	67
483	302	44	65
481	305	45	63
478	308	48	62
476	311	51	62
474	314	54	61
474	317	55	61
476	321	57	60
481	324	56	59
485	327	55	58
489	331	53	57
488	334	52	57
488	337	53	56
488	342	55	56
486	348	56	58
484	353	57	59
488	360	58	62
489	366	60	64
495	372	60	65
500	379	60	64
504	387	58	63
502	395	54	64
502	404	50	67
506	411	49	71
509	416	51	75
511	421	53	79
513	425	56	82
515	429	56	84
519	432	54	83
522	436	51	81
525	438	48	79
527	441	46	75
531	443	46	70
535	449	47	71
536	452	49	75
537	455	51	80
539	456	52	85
539	457	53	88
541	459	53	90
543	459	53	88
545	461	54	85
543	462	56	80
546	465	57	77
544	470	55	78
543	472	53	85
544	473	53	93
546	472	54	100
548	471	54	105
551	470	53	109
552	469	52	110
554	469	51	110
557	467	50	106
561	468	49	100
561	465	49	95
561	465	51	90
562	467	53	92
569	466	51	98
572	464	52	104
583	461	48	109
587	458	47	112
589	455	49	113
587	451	54	109
581	447	63	104
582	443	68	98
585	443	71	99
585	440	74	102
588	434	78	107
590	428	81	110
595	420	82	113
601	416	81	114
610	409	78	115
621	402	74	115
631	394	69	113
639	386	66	111
642	377	66	109
643	366	67	108
645	357	72	107
650	347	78	107
649	338	82	108
651	328	82	108
653	323	79	108
657	314	74	109
660	308	68	110
661	300	62	111
653	291	58	112
640	282	56	112
627	273	58	112
613	265	62	114
596	256	65	114
579	246	66	113
563	239	65	110
549	231	61	106
536	226	56	104
522	222	51	105
507	215	46	106
490	208	43	108
471	202	41	110
451	195	42	112
432	189	43	114
413	185	44	115
395	181	44	114
378	178	44	113
363	176	43	110
347	172	42	107
335	169	41	103
324	169	40	102
313	168	39	102
303	164	40	104
292	161	43	106
281	158	45	108
271	155	47	110
261	153	48	111
253	150	48	110
248	149	47	108
242	146	47	104
239	147	45	102
235	145	44	102
232	143	42	102
232	141	41	104
230	139	42	107
230	136	44	109
229	133	46	110
233	130	48	111
237	128	49	110
245	126	49	108
252	123	49	105
263	121	47	102
275	119	44	100
283	119	42	100
293	117	40	101
302	115	41	102
307	114	43	103
312	113	45	104
314	112	48	105
316	112	50	104
319	113	50	103
323	115	48	100
330	114	45	97
339	118	43	96
345	118	40	96
349	118	40	97
354	119	39	99
359	121	39	102
364	122	42	105
367	123	45	106
368	126	47	106
369	129	49	105
370	133	48	102
371	137	45	101
372	141	42	100
374	144	39	98
376	150	37	99
377	152	36	99
378	156	39	100
378	159	43	101
376	163	48	102
374	168	54	103
374	172	58	103
373	176	59	101
375	181	57	99
378	187	54	97
383	192	51	96
386	196	46	97
389	200	43	98
393	201	41	100
398	204	42	103
403	206	45	105
408	208	48	107
412	210	51	107
416	213	52	107
420	216	50	106
424	219	47	104
429	222	43	102
435	223	41	100
441	226	39	100
445	228	39	101
446	229	41	102
447	231	46	103
444	232	51	104
442	232	55	106
442	235	57	105
442	237	57	104
443	236	54	101
446	237	49	98
449	240	45	96
454	241	41	96
457	241	40	96
456	243	41	97
456	242	44	98
454	243	47	98
455	244	51	96
457	246	55	93
457	247	56	89
459	250	54	84
463	252	52	80
468	255	51	75
472	259	49	72
473	261	48	68
476	265	50	65
475	269	53	62
470	271	57	60
472	275	65	58
471	280	71	57
472	285	73	56
475	290	71	56
480	295	67	56
490	301	60	57
498	304	57	55
505	309	55	54
509	316	54	52
512	321	57	51
511	329	60	52
515	337	65	54
517	345	69	55
519	352	69	55
526	361	66	54
534	369	62	55
535	378	61	55
535	388	60	56
536	397	57	59
540	405	57	64
543	412	58	69
546	418	57	73
548	424	56	75
550	428	53	74
554	432	50	71
556	435	48	68
560	439	45	65
565	442	44	63
568	449	45	66
570	457	45	72
571	462	46	78
572	466	48	84
573	468	49	88
572	472	50	89
574	474	49	88
576	476	49	84
575	476	49	79
574	480	50	75
574	483	50	75
574	488	50	79
574	491	50	86
577	492	51	93
577	492	51	99
576	491	52	103
577	491	51	105
577	493	51	105
577	492	51	102
579	492	51	97
579	490	50	92
582	488	50	86
584	487	49	81
586	488	47	84
587	487	46	90
588	484	46	97
589	480	46	103
590	476	46	107
591	472	46	109
592	469	48	108
593	463	50	105
592	459	51	100
593	454	52	95
595	451	51	93
597	449	50	96
599	443	48	101
602	437	47	105
602	429	47	109
604	421	46	111
605	415	46	111
607	407	44	111
608	400	43	110
612	392	42	107
615	385	41	103
616	379	41	99
618	371	41	95
618	365	42	94
619	359	44	97
622	355	44	100
621	348	46	104
618	343	50	106
618	337	53	107
617	334	56	107
618	332	58	107
619	329	59	106
625	325	59	104
631	320	57	102
637	319	54	102
640	315	55	102
640	311	57	103
639	308	61	101
643	305	67	99
645	304	72	97
648	304	74	95
651	303	75	92
653	301	74	90
654	299	71	88
657	297	67	86
658	295	63	86
659	291	58	85
657	288	56	86
656	285	54	87
656	283	53	88
656	281	51	89
656	280	50	90
655	279	50	92
655	277	49	93
655	276	49	95
654	274	50	96
652	272	51	97
650	270	52	97
645	269	56	97
641	268	58	94
637	265	60	89
630	266	59	84
625	267	58	80
621	269	59	76
615	270	60	74
611	271	62	71
604	271	65	69
597	271	69	67
589	270	72	66
582	270	73	65
574	268	71	65
566	263	67	67
560	259	62	69
553	262	57	71
549	269	56	69
546	271	57	67
544	276	59	66
540	281	60	65
541	284	61	65
544	287	60	63
548	291	57	60
548	294	57	57
559	298	55	55
573	301	55	52
591	305	53	50
612	311	53	50
633	319	55	53
654	326	59	55
677	333	61	58
700	340	63	60
722	348	62	61
745	359	58	59
755	371	60	57
766	381	62	54
782	393	62	54
795	406	62	56
809	419	58	59
816	429	59	64
817	441	62	68
815	451	64	71
811	459	64	73
808	468	63	73
802	474	59	73
790	480	55	73
778	482	51	71
767	488	51	69
759	493	53	68
743	501	57	69
715	506	60	72
691	513	62	75
653	520	60	81
631	526	60	85
611	539	61	86
593	550	65	85
566	563	66	82
538	576	66	78
510	590	67	75
489	607	71	73
465	627	70	75
449	642	74	76
436	654	82	69
417	670	90	59
395	670	95	54
378	665	95	54
357	659	95	54
356	647	95	55
333	639	94	55
330	631	94	55
348	645	94	56
344	638	94	56
338	635	94	56
316	633	94	56
292	626	93	56
270	636	93	57
249	627	93	57
226	641	93	57
200	653	93	57
177	645	93	57
154	643	93	58
153	655	92	58
147	650	92	58
125	651	92	58
124	649	92	58
124	650	92	58
142	645	92	59
140	640	92	59
157	632	91	59
176	648	91	59
194	654	91	60
214	644	90	61
232	654	90	61
251	652	90	61
249	650	90	61
271	648	90	62
290	641	90	62
312	636	89	62
332	628	89	63
353	625	89	63
372	620	88	64
394	635	88	64
414	625	88	64
433	622	88	64
456	639	88	65
474	635	88	65
494	632	87	65
491	627	87	65
468	624	87	65
445	600	87	66
336	521	85	70
354	491	72	87
