553	246	25	77
552	246	24	76
552	246	24	76
552	246	24	76
551	247	24	77
549	247	25	78
548	248	25	79
548	249	25	79
546	248	26	80
545	249	26	80
544	249	26	81
542	249	26	81
541	250	26	81
540	250	27	81
539	250	27	82
537	250	27	81
538	250	26	81
537	250	26	80
537	250	26	80
537	250	25	79
537	250	24	78
536	250	24	77
536	251	24	77
535	252	25	77
535	251	27	78
534	252	30	78
531	253	32	78
531	254	34	79
527	254	35	79
525	254	36	79
522	254	36	79
520	255	35	79
521	255	33	79
520	254	32	78
521	255	31	78
522	255	29	77
523	256	28	76
523	257	27	76
524	257	26	76
524	258	25	76
523	258	25	77
522	259	25	77
521	260	26	78
521	259	26	79
520	260	27	79
518	261	28	79
517	261	28	80
515	261	29	81
512	260	30	81
510	258	31	82
510	257	29	83
510	257	29	83
511	256	28	83
511	257	27	82
511	255	26	82
510	257	26	81
510	258	26	80
509	260	28	79
509	259	30	79
507	260	32	80
506	262	35	81
503	262	37	81
502	263	38	81
499	263	39	81
497	264	39	80
495	264	39	80
494	264	39	80
495	263	38	79
496	265	37	78
500	265	35	78
504	264	32	78
506	265	29	78
509	266	27	78
510	266	25	78
511	267	25	79
513	267	24	80
514	267	25	81
515	268	26	81
515	268	27	82
515	268	27	82
514	268	28	83
513	267	29	84
512	267	30	84
513	266	30	85
514	266	29	85
517	266	28	84
519	265	27	82
523	265	25	81
525	265	24	80
526	266	23	79
528	267	23	78
528	268	25	78
530	269	27	78
531	269	30	78
529	271	33	78
529	270	35	78
529	271	36	79
528	270	37	79
527	271	37	79
526	271	37	80
528	270	36	80
530	270	34	80
531	269	32	79
536	269	30	78
539	269	28	78
542	270	26	78
543	270	24	78
545	271	24	78
546	272	24	79
547	271	25	80
549	272	26	81
549	272	27	81
549	273	27	81
548	273	28	81
548	272	29	82
547	272	30	82
548	272	30	82
551	272	29	83
552	271	28	82
555	271	27	81
559	271	25	80
561	271	24	79
563	271	23	78
565	272	23	78
565	272	24	77
567	273	26	77
570	273	28	77
568	274	31	76
567	274	35	77
566	274	37	78
566	275	38	78
564	275	39	79
565	276	39	78
567	274	38	79
568	275	38	78
571	274	36	78
574	274	35	77
577	274	33	77
583	274	31	78
586	275	29	78
588	276	28	78
589	276	28	79
591	276	29	79
592	277	31	79
593	278	32	79
593	279	33	80
593	280	34	80
591	279	34	80
591	280	36	80
590	280	36	80
591	279	36	81
594	278	35	81
595	277	34	82
596	276	34	82
600	275	32	83
606	275	29	82
608	277	28	81
610	277	27	80
611	279	26	78
614	279	27	77
617	279	29	76
618	280	31	76
615	280	34	76
617	282	35	76
617	281	35	77
615	281	36	78
617	281	35	78
618	282	34	78
620	282	33	78
621	281	32	77
624	281	31	77
627	282	29	77
628	282	27	77
632	283	26	77
632	283	25	78
633	282	25	79
633	282	25	79
634	283	26	80
634	283	28	80
632	283	30	81
628	283	32	81
627	284	33	81
626	285	34	81
623	284	35	82
623	284	35	82
626	284	33	82
626	283	32	81
626	282	31	81
628	281	29	80
631	282	27	80
630	283	26	79
630	283	25	79
630	283	25	79
631	284	27	78
629	284	30	79
626	284	34	79
624	286	36	80
620	284	38	80
618	285	39	81
615	286	40	81
614	285	40	80
616	285	39	81
619	285	37	80
624	284	35	80
624	285	33	79
628	285	31	79
629	286	29	79
632	287	27	79
632	287	26	80
632	287	25	82
632	287	25	82
632	288	25	83
633	288	27	83
632	289	29	83
630	289	29	83
631	288	30	83
631	289	29	83
631	289	29	84
631	290	29	85
631	290	29	85
632	290	29	84
633	289	28	83
636	288	26	83
638	289	24	82
640	289	24	82
640	290	23	81
640	291	25	81
642	293	27	81
639	293	30	81
638	294	33	80
637	295	36	81
636	295	37	80
634	295	38	80
633	295	38	80
633	296	37	80
635	295	37	80
638	295	36	80
641	294	34	80
643	294	32	80
648	294	30	80
651	295	28	80
653	296	26	81
655	296	26	81
655	296	25	82
656	297	26	83
657	297	27	84
657	297	28	84
657	297	29	84
657	297	30	84
658	297	30	85
660	296	29	85
661	297	28	85
662	297	28	86
665	295	27	86
665	296	26	86
667	295	26	85
670	295	25	85
670	295	24	84
671	296	24	83
671	296	24	82
670	296	26	81
669	297	30	82
668	299	33	82
664	299	35	82
662	300	37	82
659	301	39	82
657	302	39	82
657	301	38	81
656	302	38	81
655	301	37	81
657	300	36	81
657	300	34	80
657	300	32	80
659	300	30	80
660	301	29	80
659	301	27	81
658	301	27	82
656	302	27	83
655	302	27	83
651	302	28	84
649	303	29	85
646	303	31	85
643	303	32	86
640	303	32	86
640	303	32	87
637	302	31	87
637	303	31	87
636	302	31	87
634	302	31	87
636	302	30	86
638	302	28	85
639	302	26	84
640	303	25	83
639	303	24	82
638	304	25	81
638	305	28	82
636	305	31	83
635	305	34	83
633	304	37	84
631	306	38	84
628	306	39	84
626	306	39	84
627	306	38	84
625	306	38	84
627	306	37	84
628	306	36	83
629	306	35	82
633	306	32	81
636	306	30	81
637	306	28	81
637	308	27	82
637	308	27	83
637	308	27	83
636	309	27	84
634	309	28	85
633	309	29	86
631	309	30	86
630	309	31	87
629	310	31	87
628	309	30	87
628	310	30	88
629	309	29	88
627	308	29	88
628	308	29	87
628	308	27	86
631	308	26	85
630	309	25	84
630	310	24	83
630	310	25	82
628	312	27	82
628	313	30	83
626	312	33	83
622	313	35	83
620	314	36	84
618	314	37	84
616	315	38	84
614	315	37	84
613	314	37	84
615	315	35	84
615	314	34	84
614	313	34	83
616	314	32	82
618	314	30	82
619	315	29	82
619	315	28	82
619	317	27	83
617	318	27	83
616	318	28	84
614	318	28	85
613	318	29	85
610	319	30	86
609	318	31	87
607	318	31	88
606	318	31	88
606	318	30	89
604	318	30	89
603	318	29	89
603	318	29	88
604	318	28	87
604	317	26	86
603	318	25	85
601	319	25	84
600	320	25	83
598	321	26	83
597	322	28	84
593	322	31	85
588	323	34	85
586	323	36	85
582	324	37	86
579	324	38	86
576	324	38	86
572	325	38	86
570	325	37	86
570	324	36	86
569	325	34	84
569	326	33	83
572	325	30	82
572	327	29	82
573	328	28	82
572	329	28	83
570	330	28	84
569	331	28	84
567	331	28	85
567	331	30	86
565	331	31	87
564	332	32	88
563	332	32	88
563	332	32	89
563	332	32	89
563	333	32	90
564	332	31	90
566	333	30	89
566	333	29	88
570	332	28	87
571	333	27	86
574	333	26	85
574	334	25	83
575	335	25	83
576	335	27	83
578	335	29	83
579	336	32	84
578	336	35	85
578	337	37	85
578	338	39	86
577	338	39	86
576	338	39	87
576	338	39	87
577	338	40	87
583	338	38	87
585	337	36	86
590	337	34	85
594	338	31	84
597	339	29	83
599	340	28	84
600	340	28	84
601	341	28	85
603	342	29	86
604	342	30	86
604	343	31	87
605	342	32	88
604	343	33	88
604	343	33	88
604	344	33	88
604	344	33	89
605	344	33	89
606	343	33	89
604	343	34	88
608	343	33	87
611	342	31	86
615	342	29	85
615	343	27	84
616	344	27	83
616	344	27	83
616	344	28	83
616	345	30	83
616	346	33	84
615	346	36	84
613	346	38	84
611	347	39	85
611	347	39	84
609	346	39	84
611	346	39	84
613	346	37	83
616	345	35	82
618	346	33	82
621	345	31	82
624	346	30	82
625	346	28	82
626	346	28	83
626	347	27	83
626	347	27	84
625	347	28	85
624	347	29	86
622	347	30	86
621	347	30	87
619	346	31	88
617	346	31	88
617	345	31	88
615	345	31	88
614	345	30	88
615	344	29	88
615	344	28	87
615	344	27	86
615	344	26	84
614	344	25	83
612	344	24	81
610	344	25	81
609	344	26	82
606	344	29	82
604	344	31	83
601	344	33	83
598	344	35	84
595	344	36	84
591	344	36	84
589	344	36	84
587	344	36	85
587	343	35	85
586	343	34	84
586	343	33	83
586	342	32	82
587	342	30	81
586	343	30	81
586	343	29	81
585	343	30	82
583	343	30	83
582	343	31	84
581	343	31	84
580	343	32	85
579	344	33	86
578	344	34	87
578	343	34	87
578	343	34	88
578	343	33	88
579	343	33	88
582	341	31	88
582	341	30	87
587	340	28	87
588	341	27	86
589	340	26	84
591	340	25	84
593	339	25	83
594	340	25	83
595	340	26	82
596	340	28	82
596	340	31	82
597	340	34	82
593	341	36	84
594	341	37	84
593	340	38	85
593	339	38	86
594	339	37	85
598	338	36	83
600	338	35	82
603	338	34	82
606	338	32	81
610	337	30	82
613	338	28	82
615	339	27	82
616	339	27	83
617	339	27	84
618	339	28	84
619	339	30	85
619	339	31	85
619	339	32	86
619	339	33	86
620	339	33	87
620	339	33	88
622	338	31	89
624	337	30	88
625	336	29	85
630	336	27	84
631	337	25	83
633	338	24	82
634	338	24	82
633	338	24	81
634	338	24	81
633	339	26	81
632	339	28	81
632	339	32	81
630	340	35	81
627	340	36	82
626	342	37	82
625	342	38	82
624	340	37	82
624	341	37	82
626	340	36	82
627	340	35	81
629	341	33	81
630	340	32	81
632	339	30	81
636	341	27	81
637	342	27	82
637	342	26	83
638	342	27	83
637	343	28	84
638	343	30	85
638	344	31	86
636	345	32	86
636	345	34	86
636	345	34	86
635	346	34	87
636	346	33	87
638	346	32	87
639	346	31	87
643	346	29	86
645	348	28	85
646	349	26	84
647	350	26	84
646	351	26	84
645	353	26	85
643	353	27	87
642	352	30	86
640	354	31	86
637	356	33	88
637	355	35	88
639	354	37	87
638	357	37	89
640	357	35	90
642	358	35	91
642	359	35	92
639	355	36	91
641	358	36	91
641	357	35	92
641	358	34	92
640	356	34	91
636	356	35	89
636	358	35	88
634	359	35	88
632	362	34	88
631	359	35	85
632	360	36	85
630	360	39	83
630	363	39	82
630	363	40	82
629	364	40	83
628	363	39	84
625	364	38	85
626	362	38	84
626	363	37	83
623	365	36	83
622	364	35	84
622	362	34	82
620	364	33	80
622	365	32	80
620	365	32	81
619	366	31	81
620	366	32	81
617	367	32	82
616	367	34	83
614	368	34	84
613	369	35	84
616	369	32	84
620	369	30	82
619	369	29	80
621	369	27	78
620	372	26	78
620	371	25	76
621	373	24	77
621	373	23	78
622	373	23	79
621	373	24	79
621	374	24	79
620	374	25	78
620	374	27	78
620	374	28	78
619	376	29	78
619	376	30	79
619	377	30	80
618	376	30	82
619	376	30	84
620	376	30	85
622	375	29	86
624	374	28	87
626	374	28	87
627	374	28	87
628	375	27	87
628	374	26	86
628	375	27	86
627	375	28	85
626	375	31	85
625	376	34	85
623	377	38	84
620	378	40	84
618	378	41	85
618	378	41	86
615	378	41	86
615	377	41	86
617	377	40	86
617	376	38	86
618	376	37	86
621	376	35	86
622	376	33	85
624	377	32	85
625	378	30	85
625	378	29	86
624	379	29	86
623	378	29	87
621	378	31	88
620	378	32	89
617	378	33	89
615	378	33	90
613	378	34	91
611	378	34	92
610	377	33	92
610	378	32	92
610	376	31	91
610	376	29	90
611	377	28	89
611	377	27	88
611	377	26	87
610	377	25	86
609	377	26	85
608	378	27	85
606	378	29	86
604	378	32	86
601	377	35	86
599	379	38	86
595	379	39	87
594	378	40	87
592	379	40	87
590	378	39	88
590	378	38	88
590	378	37	88
591	377	35	87
593	376	34	87
594	377	32	86
596	376	30	86
596	376	29	87
596	377	29	87
596	378	29	88
595	378	29	88
594	378	31	89
593	377	32	90
592	377	32	91
591	377	33	92
590	377	33	93
590	377	33	93
590	376	33	94
591	376	32	94
591	375	31	94
593	374	30	93
596	373	28	92
597	374	27	91
599	374	27	89
599	374	26	87
600	374	26	86
600	374	27	86
601	375	29	86
602	375	32	86
601	375	34	87
599	375	37	87
597	375	38	87
597	376	39	88
595	375	40	88
597	375	39	88
598	374	38	89
600	372	37	88
601	372	36	87
603	372	35	86
606	371	33	85
608	372	32	85
610	372	30	86
610	372	30	86
610	371	29	87
609	371	29	87
608	371	31	88
607	371	31	89
606	371	32	90
604	371	33	91
602	370	33	92
600	370	33	92
601	369	33	92
600	369	32	93
600	368	31	93
600	366	30	91
600	367	28	91
601	366	27	90
600	366	26	88
599	366	26	87
597	367	26	85
595	367	27	85
594	368	30	86
592	367	33	86
590	368	35	86
586	368	37	87
582	367	39	88
581	367	39	88
579	367	38	88
579	367	38	89
579	366	37	88
580	364	36	87
581	363	34	86
582	364	32	86
584	363	31	86
585	364	30	86
587	365	28	86
588	366	28	86
587	366	28	86
586	366	29	86
585	367	30	87
584	366	31	87
583	366	31	88
582	366	32	89
581	366	32	89
582	365	32	90
582	365	31	91
583	364	30	92
583	362	29	92
584	361	28	91
586	361	27	90
588	360	26	89
587	360	25	87
587	360	25	86
588	361	25	85
589	361	26	84
589	362	30	85
588	361	33	86
586	361	36	86
585	360	37	87
583	360	38	88
582	360	38	88
582	359	38	89
582	359	37	89
582	359	36	89
584	357	35	88
587	357	34	87
590	357	32	86
592	357	31	86
595	357	29	86
597	357	29	86
597	357	29	86
599	358	29	87
600	358	28	87
600	358	29	88
600	358	30	89
601	357	31	90
602	357	31	91
602	356	32	91
602	355	32	92
604	354	31	92
606	353	31	94
609	352	30	93
611	351	29	93
612	350	28	93
615	350	27	91
617	350	26	90
618	350	26	88
619	350	25	86
620	350	27	86
621	351	29	86
620	351	32	86
620	351	34	85
619	351	34	85
618	351	35	85
617	351	35	85
617	351	35	85
617	351	34	86
619	349	34	85
620	348	33	84
622	348	32	84
624	348	30	83
625	347	29	84
627	347	29	84
628	347	28	84
628	348	28	85
627	347	28	85
626	347	29	86
624	347	29	86
623	346	30	87
622	347	30	88
621	347	30	88
620	346	30	89
619	345	30	90
618	344	29	90
619	343	29	91
620	342	28	89
621	341	26	87
622	342	25	87
622	342	25	87
622	342	24	86
621	341	25	84
621	342	25	84
620	342	27	84
619	341	30	83
619	342	32	84
617	342	34	84
615	342	34	84
613	342	34	84
612	342	34	85
611	341	35	85
611	340	35	86
613	339	34	86
614	338	33	85
616	338	32	85
618	337	31	85
621	337	29	84
622	337	28	84
623	337	28	84
623	337	28	85
623	336	28	85
623	336	29	85
623	336	30	86
623	336	31	87
622	335	32	87
622	336	33	87
622	334	32	86
623	334	32	86
623	334	31	87
626	332	30	85
627	332	29	85
631	332	27	85
633	332	25	86
634	332	25	85
635	330	24	85
635	331	24	84
636	331	26	83
638	331	29	83
638	331	32	84
636	331	34	84
635	331	35	85
634	332	36	85
634	330	35	86
634	330	35	86
634	331	35	87
635	329	35	88
638	327	35	86
639	327	34	85
641	326	32	84
644	326	30	84
646	327	29	84
647	326	28	84
647	327	28	84
647	326	28	84
645	326	28	85
644	325	29	86
642	326	30	86
640	325	30	86
639	326	31	87
637	324	31	86
636	325	31	87
635	323	30	86
635	322	29	85
636	322	28	85
636	321	27	84
636	323	26	84
634	322	25	84
634	321	24	82
633	322	25	82
632	323	26	82
631	322	29	82
629	322	33	83
625	323	36	84
622	323	38	84
620	323	39	84
618	323	39	83
617	322	38	83
617	322	37	82
618	322	36	82
618	322	35	81
619	321	34	81
621	322	32	82
623	321	31	82
623	320	30	82
625	320	29	82
625	320	28	82
624	321	28	83
624	321	29	84
623	321	30	84
621	321	31	85
620	322	32	85
619	321	33	85
618	321	33	85
618	321	32	86
618	321	32	85
618	320	30	86
620	320	29	85
621	320	27	85
622	319	26	84
623	321	25	85
623	320	24	85
624	319	24	84
623	320	25	84
623	321	27	84
622	321	30	84
620	321	32	84
618	321	34	85
616	322	35	84
613	322	35	84
612	323	34	84
610	323	34	84
610	322	34	85
610	321	33	84
610	322	32	83
610	321	31	83
611	322	30	83
612	321	29	82
611	321	28	83
609	322	28	83
608	322	29	84
607	322	30	84
604	323	31	86
602	323	32	87
600	324	32	88
598	323	33	88
597	323	33	89
595	323	32	89
594	321	31	88
594	322	30	86
593	322	29	85
594	322	28	84
594	322	26	84
592	324	25	86
592	323	25	86
591	322	25	84
590	322	25	83
589	323	27	83
588	323	29	83
586	324	32	84
583	323	34	84
580	325	35	85
577	325	35	87
575	326	35	89
574	325	34	90
572	325	33	91
573	324	33	92
574	323	32	91
575	322	31	90
576	322	30	89
578	321	29	87
578	322	29	86
578	323	28	85
577	322	29	84
575	323	30	83
575	324	30	83
574	324	31	83
573	324	32	84
571	324	33	85
570	324	33	85
569	323	33	85
569	323	32	85
569	322	31	85
569	323	30	85
570	324	28	85
570	323	27	84
570	323	26	85
570	323	26	86
570	323	26	86
569	322	26	84
568	323	27	85
568	323	29	85
566	322	31	84
562	324	34	85
560	324	34	87
557	324	35	88
555	323	34	90
551	325	34	94
548	326	34	98
546	322	34	101
546	320	33	101
545	320	32	102
545	319	31	101
546	318	30	100
545	318	29	98
545	317	28	96
544	319	28	95
542	318	29	94
539	319	29	94
538	320	30	94
538	319	31	93
535	319	31	93
534	319	32	94
532	319	32	95
531	318	31	95
531	317	31	94
531	317	30	93
532	315	29	92
531	315	28	92
531	316	27	92
531	318	26	95
530	317	27	98
530	315	27	100
528	314	28	103
528	311	29	105
528	310	31	108
527	310	33	110
524	311	35	111
522	309	35	109
520	309	35	108
518	310	35	107
517	310	35	106
517	310	35	105
517	310	35	104
517	308	35	102
518	308	34	101
517	309	34	100
519	308	33	97
520	309	32	96
519	310	31	94
520	311	31	94
519	311	32	93
518	312	32	94
518	312	33	94
516	312	33	95
516	311	34	94
515	311	34	95
515	310	34	97
515	309	34	98
516	306	34	99
516	303	34	98
517	304	34	100
516	301	35	99
518	303	34	101
517	302	34	102
517	302	34	104
517	302	33	105
518	301	34	104
521	302	35	104
522	303	36	104
521	302	37	103
521	303	38	102
520	303	37	102
521	303	36	102
523	302	36	102
525	302	35	100
527	301	34	98
531	302	32	97
534	301	31	96
536	302	30	95
537	302	29	93
539	303	29	93
540	303	29	92
543	304	28	93
545	303	28	93
547	303	28	93
547	304	28	94
549	304	29	95
550	304	29	96
551	302	29	97
552	302	29	98
555	300	28	99
557	300	27	99
559	298	26	98
561	298	26	96
564	299	25	95
565	298	25	94
566	299	25	96
568	296	25	96
568	299	25	97
568	297	26	98
568	297	27	99
569	296	30	99
569	298	31	99
567	297	32	99
566	296	33	99
565	296	33	99
564	293	33	99
564	293	33	99
566	293	32	98
567	294	32	96
569	294	30	95
571	294	29	93
573	293	28	91
573	293	27	90
573	295	26	90
574	295	26	89
574	295	26	88
574	296	26	89
574	295	26	90
574	295	27	91
574	295	27	91
575	294	27	90
576	294	27	90
576	294	27	89
577	291	26	87
579	291	25	85
579	293	25	86
581	291	24	85
581	292	24	84
581	293	24	86
581	293	24	87
581	291	25	86
582	291	28	86
582	291	30	86
581	292	31	85
580	292	32	85
580	292	32	85
579	292	31	85
578	292	31	86
578	291	31	86
580	291	30	87
581	291	29	89
583	290	28	89
585	290	27	90
585	288	26	89
586	290	25	92
587	289	25	93
588	286	24	93
587	290	24	96
587	286	25	96
587	288	25	97
586	288	26	98
586	288	28	98
585	288	29	97
586	287	30	97
586	289	29	98
588	285	28	94
589	286	27	93
591	287	26	92
591	286	25	89
593	288	24	90
594	288	24	89
594	287	24	88
595	288	24	87
594	289	25	88
596	288	28	86
596	288	31	85
596	290	33	87
593	289	34	88
592	290	34	89
592	290	34	89
592	289	34	88
592	288	33	87
594	289	32	86
596	291	31	88
597	290	30	88
601	289	29	89
601	288	28	89
603	289	27	90
603	291	26	92
603	289	26	92
603	292	27	94
603	291	28	98
603	291	29	100
602	290	30	100
602	291	31	101
601	289	32	99
601	290	32	99
602	290	32	98
603	289	31	98
605	289	30	99
606	288	28	99
607	288	27	99
609	288	26	99
609	289	26	99
610	289	26	99
610	288	26	99
609	288	27	98
610	289	29	98
611	288	31	98
609	290	32	98
607	288	33	98
605	288	33	98
604	288	33	98
604	287	33	98
604	287	32	98
605	288	32	97
606	285	31	97
608	286	30	96
609	284	29	96
611	285	28	97
611	282	27	94
611	281	27	94
611	285	28	97
611	286	28	100
610	284	29	101
609	284	30	102
609	284	31	103
607	283	32	102
606	283	33	102
605	282	34	103
606	281	33	102
606	281	32	103
606	281	32	102
608	282	31	103
607	280	30	100
606	280	29	99
607	281	28	99
605	280	28	97
605	283	28	97
604	284	30	98
603	283	32	97
603	282	34	97
600	282	35	98
598	282	36	98
597	282	36	98
595	282	36	98
594	282	35	97
593	282	35	97
593	281	34	96
593	280	33	95
593	280	31	94
594	280	30	93
595	279	28	91
594	278	27	89
594	279	27	87
592	282	27	87
590	283	27	89
589	282	27	90
587	283	28	92
585	284	29	94
582	283	30	96
580	283	30	97
578	282	31	99
577	282	31	100
576	282	30	101
575	281	29	101
574	279	28	98
573	279	27	96
572	277	27	92
572	278	26	89
571	278	26	86
570	280	26	84
568	281	28	83
566	281	30	82
564	282	32	82
561	283	33	84
558	284	33	87
556	285	34	88
555	284	34	91
553	283	34	92
552	283	33	92
552	281	32	91
553	281	30	91
553	281	29	91
553	278	28	88
552	279	27	85
551	280	27	84
550	281	27	84
549	281	27	84
547	282	28	84
547	284	29	87
546	284	30	89
546	284	31	90
545	284	31	93
545	284	32	95
544	283	32	96
545	282	31	96
545	283	30	96
546	283	29	96
547	279	28	93
548	278	27	90
549	280	26	87
550	280	26	85
551	281	25	84
553	282	27	83
554	284	30	83
553	285	32	83
552	284	34	84
550	286	35	86
549	286	34	88
550	286	34	89
550	285	33	90
551	284	33	89
552	283	31	89
554	284	30	89
555	284	28	88
556	283	27	87
557	283	27	86
556	282	27	84
555	284	28	85
555	283	29	85
554	284	30	85
554	285	30	86
553	287	31	88
551	287	32	89
551	287	32	91
550	287	33	93
550	287	33	95
549	286	32	95
549	286	31	95
548	286	30	94
548	285	29	93
547	284	29	91
547	283	28	88
546	285	28	86
546	286	28	85
547	287	30	85
546	287	31	85
544	289	33	86
544	288	34	85
542	290	35	87
540	291	35	89
540	291	34	89
540	291	33	89
541	289	33	88
541	289	32	87
541	289	31	87
541	289	29	87
541	290	29	87
541	289	28	87
541	289	28	85
541	289	27	85
541	292	27	85
541	292	27	85
540	292	28	86
541	293	29	88
540	292	29	89
539	292	30	91
540	291	31	92
539	291	31	94
538	291	31	95
536	290	31	95
537	289	30	95
536	286	30	92
536	288	29	89
536	288	28	88
536	289	27	85
537	290	27	84
536	290	27	84
536	292	28	85
535	294	30	84
534	294	30	85
531	295	31	86
531	294	32	87
529	296	32	89
528	295	32	89
527	295	32	89
528	292	31	87
527	294	30	85
528	294	29	83
528	296	28	81
527	296	27	80
526	297	27	79
526	297	27	79
525	297	27	79
524	297	28	80
524	297	28	81
524	298	29	83
523	297	29	84
522	297	30	86
520	297	30	88
521	297	30	88
521	297	29	87
521	295	29	85
521	296	28	83
521	295	28	80
521	295	27	80
522	296	27	80
523	296	27	81
523	296	27	82
523	297	28	82
522	298	28	82
522	300	28	82
521	300	28	82
521	300	27	84
520	300	27	84
521	299	27	85
520	300	28	85
523	298	29	84
525	293	30	82
524	295	30	82
524	296	30	81
524	294	31	81
511	256	32	79
523	295	32	78
522	296	32	78
523	294	32	77
525	296	32	77
526	296	32	76
526	297	31	76
527	296	31	76
527	295	30	74
528	297	30	74
526	296	30	73
534	294	29	72
536	296	28	72
538	295	27	70
539	295	26	70
541	294	25	69
542	294	25	67
543	293	25	65
543	294	25	65
544	294	26	65
546	294	26	64
547	292	26	64
547	294	25	62
548	294	25	62
549	295	25	62
549	296	25	63
550	295	25	63
550	295	24	64
550	296	24	65
551	295	25	67
550	295	25	69
549	294	25	71
548	293	26	72
547	292	26	72
547	292	26	72
546	292	27	73
545	292	27	73
544	292	28	74
543	292	28	75
542	293	28	76
541	292	28	77
540	293	28	78
539	293	28	80
539	292	28	81
537	292	28	83
537	291	28	83
536	291	27	82
536	289	27	81
535	289	27	81
534	290	27	81
534	289	26	82
533	289	26	82
532	290	26	84
531	289	26	85
531	290	26	86
530	289	26	86
528	290	26	87
528	289	26	88
527	290	26	88
527	289	26	90
527	288	26	89
526	287	25	89
525	285	26	85
525	286	26	82
524	286	26	80
523	287	27	81
522	286	27	81
521	287	27	82
520	287	28	82
519	287	28	83
519	286	28	84
518	287	28	85
517	287	28	86
517	287	29	86
515	288	29	87
515	288	28	87
514	286	28	86
515	286	28	85
515	284	28	83
514	284	27	81
514	284	27	80
513	285	27	80
514	285	27	80
513	285	27	81
514	285	27	81
514	285	28	82
515	286	28	83
515	286	29	84
