531	255	88	37
535	255	89	34
543	255	91	32
545	254	89	31
552	250	87	29
554	245	86	26
556	242	86	25
558	240	83	24
560	239	82	24
559	234	81	24
559	232	78	23
554	227	78	22
554	223	77	23
551	217	75	22
550	214	73	23
544	209	71	23
537	204	69	24
532	197	67	25
532	196	66	26
524	188	64	27
518	179	64	28
506	173	62	28
496	166	61	28
490	159	61	29
477	153	59	29
465	147	58	30
456	142	57	30
457	142	56	30
449	137	55	31
445	134	54	31
443	131	51	31
444	129	49	32
442	128	48	33
443	128	46	33
443	130	45	32
445	134	44	33
448	136	43	33
448	137	43	32
450	141	43	32
448	143	43	32
450	147	44	31
449	149	43	31
451	154	43	31
449	159	43	31
452	163	43	31
453	166	42	32
454	168	41	33
455	167	40	33
454	168	40	33
454	169	40	34
452	172	39	35
451	174	40	35
451	177	40	34
449	179	39	35
448	181	38	35
447	183	38	36
447	182	38	36
444	185	39	36
441	187	39	37
438	187	39	37
434	190	39	37
433	192	38	37
427	195	38	38
425	198	38	39
421	202	38	39
417	208	39	39
417	207	39	40
419	213	39	40
419	219	40	40
422	227	40	40
423	233	41	40
426	241	41	41
431	249	41	42
433	258	42	43
434	267	43	43
434	266	44	43
437	275	44	43
439	284	44	43
439	292	45	43
439	296	45	43
437	303	45	44
437	307	45	45
434	314	46	44
431	320	46	44
423	325	48	43
423	324	48	42
412	329	52	42
412	331	52	42
403	335	52	41
402	336	52	41
391	340	54	40
384	343	56	40
377	346	56	39
374	346	56	38
373	348	56	37
363	352	57	36
359	354	58	35
352	354	59	33
348	353	60	31
344	351	59	30
341	347	59	29
336	343	59	28
335	338	59	27
334	332	58	26
333	332	58	25
333	326	57	25
328	320	57	24
330	313	56	24
333	303	54	24
335	295	52	23
336	288	51	23
336	282	52	21
341	274	51	21
340	274	50	20
341	268	49	19
343	257	48	18
345	248	47	18
347	240	46	17
348	232	46	17
347	224	46	17
345	217	45	16
344	210	45	16
343	203	43	16
344	202	42	15
340	198	42	14
336	194	42	14
335	189	42	14
332	184	41	14
330	179	40	14
326	175	40	13
325	172	41	12
322	168	41	13
322	168	41	13
323	164	41	13
321	162	40	13
321	161	41	13
321	159	39	13
319	153	38	13
319	148	37	13
318	143	35	14
313	137	35	13
311	130	35	13
311	130	34	13
306	122	34	13
303	116	34	13
297	109	35	13
295	105	34	12
290	99	34	12
288	95	34	12
285	91	33	12
283	87	33	12
280	83	33	12
280	83	32	12
278	79	32	12
275	75	32	12
274	71	33	12
272	70	33	12
271	70	33	12
269	70	32	12
265	71	32	11
265	73	32	11
265	73	31	11
265	76	31	12
263	78	31	12
262	81	30	12
260	83	30	12
259	88	30	12
259	92	30	12
259	96	30	12
258	101	30	12
256	106	29	12
257	105	29	12
257	108	30	12
257	112	30	12
257	115	30	12
258	118	30	12
258	123	30	13
259	127	29	12
259	133	29	12
261	139	29	13
261	139	28	13
264	144	28	13
265	145	28	13
267	146	28	14
267	146	29	14
270	147	29	14
273	146	29	14
273	146	29	14
276	146	29	14
277	146	29	15
277	145	29	15
278	146	29	15
280	145	29	14
280	144	30	15
281	144	31	14
281	145	31	14
283	146	31	15
287	145	30	14
287	146	30	14
287	146	30	14
289	146	31	14
290	148	31	13
291	150	31	13
294	151	31	13
295	153	31	13
297	152	31	12
300	154	31	13
304	156	32	12
303	156	32	12
303	156	32	12
304	158	32	12
305	160	32	12
305	161	33	11
304	161	33	12
304	162	34	11
304	162	34	12
303	163	33	12
304	164	33	12
304	165	33	12
305	164	35	11
305	164	36	11
305	161	35	11
305	162	36	10
308	162	36	10
309	159	37	10
310	159	37	10
312	159	38	10
322	151	34	13
323	149	31	16
317	150	32	18
311	148	33	17
322	151	34	16
315	154	34	16
317	155	37	15
307	156	37	15
306	157	39	14
292	158	40	14
294	158	40	14
275	161	44	14
269	161	42	14
262	160	43	15
262	162	41	15
264	164	40	15
264	162	39	15
244	165	40	15
250	162	39	16
241	164	39	16
241	164	39	16
230	163	39	15
232	162	37	16
226	161	36	17
221	159	37	16
218	160	36	17
213	161	35	17
208	162	35	17
207	162	35	17
201	165	36	16
200	166	36	16
189	168	36	15
196	169	35	16
199	171	34	16
184	171	34	16
182	172	33	16
184	171	33	16
174	172	33	16
176	171	33	16
177	171	33	16
170	171	33	16
167	174	33	16
165	174	32	16
164	175	32	16
156	176	32	16
154	178	32	16
153	178	31	17
148	178	31	17
146	178	31	17
145	179	32	16
147	177	31	17
141	177	31	16
143	180	30	16
146	181	30	16
141	184	30	15
139	185	30	15
144	186	29	16
141	185	29	15
141	186	29	15
140	185	30	15
142	186	29	15
143	185	28	15
136	184	29	15
140	183	29	15
136	183	29	14
132	183	29	14
136	180	28	15
137	181	28	14
138	181	28	14
135	180	28	14
134	175	28	14
134	171	29	14
134	166	29	13
138	158	29	13
143	153	28	14
141	149	27	14
142	145	26	14
142	145	25	14
141	140	25	14
144	136	24	14
145	132	23	14
144	130	22	14
145	127	22	13
145	124	21	13
146	124	21	13
144	123	20	13
143	122	20	12
143	123	20	13
142	125	20	12
141	126	19	12
142	126	19	12
143	125	18	12
143	123	18	11
142	123	18	12
142	123	18	12
141	124	18	12
142	125	17	11
141	125	18	11
140	128	18	12
141	130	18	12
139	131	18	12
138	133	18	12
138	134	18	12
137	136	18	12
137	137	18	11
138	141	18	11
138	142	18	11
136	149	18	11
135	155	18	12
134	160	18	12
132	165	19	12
132	167	19	12
131	167	19	11
131	167	19	11
130	171	19	12
129	174	19	11
129	175	19	12
125	177	19	12
122	181	19	12
117	184	19	12
113	187	19	12
108	189	19	12
105	189	19	12
101	191	19	12
99	192	19	12
99	192	19	12
98	193	19	12
95	198	19	12
94	201	20	12
92	203	21	12
90	206	20	12
87	207	20	13
84	209	20	13
84	211	20	13
81	216	19	13
81	216	19	12
80	219	19	12
80	219	19	12
78	219	19	13
78	222	19	13
78	224	20	13
76	225	20	13
74	227	20	13
75	230	20	13
74	230	19	13
75	232	19	13
74	233	20	13
73	234	20	13
74	235	20	13
73	234	20	13
73	235	20	13
72	238	20	13
71	240	20	13
70	242	20	13
71	243	20	13
71	243	20	14
71	246	21	13
69	248	20	14
66	250	20	13
65	248	21	13
61	248	21	13
58	244	21	13
53	245	20	13
53	245	20	13
49	245	21	13
45	243	20	13
40	243	20	13
34	243	20	13
26	243	20	13
21	243	20	13
16	246	20	13
8	246	20	13
3	249	20	14
2	249	21	14
0	251	20	14
0	249	19	15
0	251	17	15
0	252	16	18
0	248	15	18
0	249	15	19
0	254	14	21
0	253	14	21
1	252	14	21
0	253	13	22
0	254	13	23
0	254	12	24
0	257	12	25
0	259	12	25
0	261	11	26
1	261	11	27
0	262	11	28
1	263	11	28
1	264	11	29
1	264	11	29
1	264	11	29
3	271	11	29
2	273	11	29
1	275	11	29
2	275	11	30
1	276	11	30
1	277	11	31
1	279	11	31
1	280	11	31
1	283	11	32
1	284	11	32
1	285	11	32
1	287	11	33
1	293	11	33
1	294	11	33
2	295	11	33
1	297	11	34
2	298	11	34
1	299	11	34
1	299	11	35
1	300	11	35
8	305	15	32
1	306	14	32
0	306	14	33
0	308	14	34
0	308	14	35
0	310	13	35
0	311	13	36
7	307	17	32
0	307	17	32
1	307	16	33
0	301	16	34
0	301	16	34
0	301	15	35
0	300	15	35
0	300	15	36
0	301	15	36
0	300	15	37
0	299	14	38
1	301	14	38
1	301	14	39
1	301	14	39
2	297	14	39
2	298	14	39
1	300	14	40
1	307	14	40
2	309	14	41
3	309	14	41
3	304	15	41
2	307	15	41
2	309	15	41
1	309	15	41
1	311	15	42
1	312	15	42
0	310	14	43
0	309	14	44
1	298	14	44
1	291	14	44
1	292	14	45
1	292	14	45
3	288	14	45
2	288	15	45
1	289	14	45
1	290	14	46
2	290	15	45
2	289	15	45
2	291	15	45
2	284	16	45
2	278	16	45
2	279	16	45
1	280	16	46
1	280	16	46
1	282	16	46
1	275	16	46
1	274	16	47
3	267	16	46
2	267	16	46
5	260	18	45
3	260	18	45
2	261	18	46
3	247	19	45
1	241	19	46
1	241	18	47
2	227	18	48
3	220	19	47
1	221	19	47
1	223	19	47
1	222	19	48
12	194	22	45
2	197	22	46
0	197	21	47
2	189	21	47
0	191	21	47
0	192	21	49
1	183	21	49
0	186	21	49
18	182	23	47
19	178	29	40
2	197	29	41
1	199	29	41
0	202	29	42
0	186	28	43
3	188	30	41
4	189	32	39
5	193	32	39
0	196	31	40
0	189	30	41
2	180	31	41
0	181	30	42
8	169	32	41
0	169	32	41
0	170	31	42
0	161	30	43
15	157	32	42
12	162	35	39
10	144	35	39
8	158	36	38
7	163	37	38
2	166	37	38
4	155	37	38
0	155	37	38
0	156	36	39
0	157	35	40
0	158	34	42
0	162	33	42
0	160	33	43
0	170	32	44
0	183	32	43
3	185	33	42
2	191	33	42
6	196	37	38
0	199	37	38
2	203	37	37
4	209	39	36
2	206	40	34
4	207	40	34
9	215	42	32
11	220	45	29
9	227	50	24
12	229	51	24
10	232	51	24
8	234	51	23
15	237	53	22
18	238	55	20
21	241	58	19
22	246	59	18
24	251	60	18
25	256	61	18
30	259	62	18
33	266	63	18
48	272	62	19
39	272	64	21
39	274	65	20
42	282	67	20
49	284	68	21
49	292	68	21
54	297	68	21
51	304	68	22
61	314	69	22
67	322	71	23
65	322	72	23
73	328	73	23
71	336	75	22
72	342	75	22
75	348	75	22
81	356	76	22
87	361	79	21
80	366	80	21
82	376	80	22
88	381	82	21
88	380	83	21
76	330	82	22
86	333	77	25
86	339	77	26
98	344	76	26
97	346	74	28
103	352	73	29
106	352	72	30
109	357	71	30
113	359	71	30
105	361	72	31
113	365	71	31
109	369	72	31
125	373	71	31
124	372	71	31
129	376	71	32
131	381	71	32
129	381	71	32
132	383	71	32
131	383	71	32
147	378	67	36
138	387	67	36
140	387	67	36
144	387	67	36
152	383	65	37
152	379	65	37
152	379	64	37
156	380	62	37
155	380	61	37
163	370	59	39
162	370	59	39
159	369	59	39
162	364	59	39
151	363	58	40
148	359	58	40
141	353	56	41
125	356	56	41
117	353	56	41
114	352	57	41
101	359	57	40
88	361	58	39
73	366	58	39
42	365	58	39
47	375	58	39
41	377	58	39
18	375	59	38
13	375	59	39
13	375	59	39
6	380	59	39
18	383	60	38
17	386	61	38
14	391	61	38
5	393	61	38
3	382	61	38
19	418	63	37
11	459	68	32
19	459	73	29
29	459	75	28
30	454	75	28
16	451	75	28
19	456	77	27
22	455	77	27
29	408	77	28
29	388	77	28
28	356	77	28
23	360	77	28
22	362	77	28
19	365	77	28
17	361	77	28
19	362	76	28
27	362	76	28
63	360	73	30
70	355	71	32
74	354	72	32
71	348	72	32
55	359	72	32
54	365	72	32
54	361	73	32
53	360	73	32
46	364	73	32
35	369	73	32
17	364	73	32
17	368	73	33
10	369	73	33
1	374	73	33
9	371	73	33
51	377	74	33
56	379	74	32
57	378	77	31
62	367	77	31
66	319	77	32
52	318	77	32
55	332	77	32
52	326	77	32
54	329	77	32
54	334	77	32
59	325	77	32
63	334	77	32
48	336	77	32
45	334	78	32
29	329	80	31
34	296	80	31
41	276	80	31
40	278	80	31
36	279	80	31
37	278	80	31
68	277	81	31
89	316	81	31
74	320	81	31
70	309	81	31
67	312	81	32
66	345	81	32
71	365	81	32
74	380	81	32
84	378	81	32
77	374	73	39
81	360	73	39
77	314	74	38
78	319	74	38
82	305	74	38
83	293	74	38
67	291	74	38
67	281	74	38
27	286	75	38
21	290	75	38
23	279	75	38
20	279	75	38
36	257	75	38
74	260	75	38
87	269	75	38
86	272	75	38
61	284	76	38
55	244	76	38
52	237	76	39
41	234	78	37
71	181	78	37
72	187	78	37
68	187	80	37
69	156	80	37
59	109	81	36
57	108	81	37
102	106	83	35
107	53	84	35
107	40	85	35
93	48	94	32
70	50	95	31
91	55	96	31
103	60	102	30
147	70	113	26
206	80	122	24
238	91	122	25
239	101	120	25
202	104	122	25
198	105	124	24
229	114	124	23
205	119	124	24
203	116	130	23
221	124	133	23
206	128	133	25
194	128	135	24
190	129	137	24
190	130	140	23
192	130	144	23
200	131	145	24
197	133	141	26
202	130	145	26
215	131	151	24
208	129	155	24
191	124	155	25
193	125	163	24
171	123	162	25
169	124	163	25
171	124	163	25
154	123	163	26
144	123	165	26
141	120	165	27
131	121	161	29
120	117	161	30
138	119	163	29
115	120	164	30
122	123	168	31
118	123	170	31
69	116	174	31
48	115	176	31
50	113	177	31
67	118	179	32
47	114	182	32
29	110	182	33
10	107	181	34
14	105	180	34
10	104	181	35
9	103	183	36
0	93	183	37
0	91	180	38
0	113	177	40
0	107	175	42
0	159	172	45
0	183	170	48
0	181	170	49
6	182	169	49
0	152	169	50
0	182	168	51
6	186	168	52
0	187	167	53
3	156	167	54
50	146	168	54
135	149	168	54
171	152	168	54
264	91	168	54
316	97	172	51
331	98	173	49
306	102	173	49
316	111	172	49
302	107	172	48
312	107	170	48
306	114	169	48
291	110	163	46
300	110	160	47
304	110	163	45
293	111	164	45
276	110	163	45
285	113	155	47
306	116	141	50
313	117	129	52
317	120	122	53
321	122	120	55
324	123	119	58
327	123	119	61
328	124	122	62
327	123	125	63
332	124	126	66
335	126	130	68
