801	248	22	58
802	250	21	58
802	250	21	58
802	251	21	58
803	252	21	58
803	252	21	57
803	253	20	56
802	253	21	55
803	253	21	56
802	254	21	56
802	253	21	56
802	253	22	57
801	254	22	58
801	254	22	59
801	255	22	60
801	256	21	60
800	256	21	59
800	257	21	59
799	258	21	58
799	258	20	57
798	258	20	56
797	258	20	56
797	258	19	56
796	259	19	57
794	259	20	58
794	260	20	58
793	260	20	58
792	260	20	58
792	262	20	57
790	263	20	56
789	263	20	55
788	264	20	55
788	264	20	56
787	263	21	56
786	264	21	56
785	264	21	58
784	264	21	58
784	265	21	59
783	265	21	59
782	267	21	59
782	267	21	59
781	268	21	58
780	269	21	57
780	268	20	56
779	269	20	56
778	269	20	56
777	269	20	56
777	270	20	57
776	271	20	57
775	271	20	58
775	271	20	58
774	272	20	57
772	273	20	57
771	274	21	56
770	275	21	56
769	275	21	56
768	276	21	56
768	275	22	57
767	275	22	57
766	276	22	58
765	277	22	59
765	277	22	60
764	277	22	60
764	279	22	60
763	280	22	60
763	280	22	59
762	281	21	58
762	281	21	57
761	282	20	57
760	282	20	57
759	283	20	57
759	283	19	57
758	284	19	58
758	285	20	58
756	286	21	58
754	286	22	57
754	288	23	57
753	288	23	56
750	289	22	55
750	290	22	54
749	291	21	55
747	291	21	55
746	292	21	55
745	291	21	54
744	293	22	54
744	294	22	53
742	296	22	53
742	299	22	54
741	300	21	53
739	301	21	53
738	303	21	53
737	304	20	52
735	305	19	52
734	305	19	52
733	307	18	51
732	308	19	51
730	310	21	51
729	312	22	51
728	314	23	51
727	316	25	51
727	317	25	51
726	319	25	50
724	320	24	50
723	322	23	49
723	325	21	49
722	326	19	48
721	328	18	48
720	329	17	48
719	332	17	48
717	333	18	48
715	335	21	49
713	338	23	49
713	340	24	49
711	343	27	50
711	345	28	50
710	347	29	51
710	349	29	51
710	351	29	51
709	353	27	51
708	356	25	51
708	358	23	51
708	360	21	51
706	362	21	51
706	366	21	52
705	369	22	54
704	371	22	55
703	374	22	56
703	376	23	57
703	379	23	58
702	381	22	58
701	384	22	58
701	386	22	58
701	388	23	57
700	391	23	57
699	393	23	56
699	396	23	56
698	399	23	56
698	400	23	55
696	403	24	55
696	406	24	55
695	409	25	56
694	412	25	57
695	414	25	59
693	417	26	60
691	419	26	62
689	421	27	62
685	423	27	63
682	425	28	63
678	428	28	62
673	430	28	61
669	432	28	61
667	434	27	60
663	436	26	59
659	439	25	59
654	442	24	59
648	446	23	61
642	449	23	63
635	452	23	65
625	456	24	66
617	458	24	67
609	462	25	67
603	465	25	67
595	468	25	67
587	471	25	65
580	474	24	63
575	478	24	62
568	480	24	61
562	484	24	59
553	487	24	57
547	491	25	55
541	495	25	55
535	500	25	56
529	504	26	58
522	509	27	60
518	511	29	60
511	515	30	60
507	519	31	59
501	521	31	58
497	526	31	56
492	529	31	53
487	532	31	52
484	536	31	51
480	539	31	52
477	545	30	54
473	549	30	58
470	551	30	61
467	554	30	64
463	556	31	65
459	559	32	65
458	562	32	65
455	566	32	64
454	569	31	63
451	572	31	61
448	578	31	60
444	580	31	59
443	584	30	59
441	588	30	62
439	590	30	65
437	594	29	69
436	596	29	71
435	598	30	72
433	602	30	72
432	604	31	71
432	608	31	68
432	610	32	66
430	612	32	64
430	615	33	63
429	618	33	65
429	621	32	69
428	623	32	72
428	624	31	74
430	625	31	75
431	627	31	74
431	628	31	72
432	630	31	69
433	632	31	65
433	635	32	61
433	638	33	59
430	640	32	57
430	642	31	58
429	644	31	60
428	645	30	65
427	646	31	68
425	646	31	70
424	647	31	71
423	648	31	70
421	649	32	69
419	650	32	68
419	650	34	64
416	652	33	61
414	653	34	58
414	654	34	57
412	657	34	59
410	657	34	62
409	655	33	63
408	655	32	64
408	654	33	65
409	655	33	65
408	655	32	65
410	655	34	64
409	656	34	63
409	655	34	62
407	653	33	59
407	654	32	57
407	655	32	59
407	655	31	62
407	653	31	64
406	651	32	66
406	650	32	68
405	650	32	69
405	649	32	69
405	647	33	67
405	646	34	64
404	645	33	60
403	643	34	57
402	644	34	56
403	643	34	58
401	642	33	62
401	640	33	65
400	639	33	68
400	637	33	70
400	635	33	70
400	634	34	69
401	631	33	66
399	630	33	63
399	629	33	59
396	628	33	56
396	628	32	57
394	627	32	60
394	626	31	64
393	624	32	67
393	622	33	69
392	620	32	71
392	618	32	72
391	616	32	70
391	614	32	67
391	613	32	64
390	611	32	61
391	608	33	58
390	608	33	58
390	607	33	60
390	605	32	63
392	603	31	66
393	598	31	68
394	597	31	69
395	595	32	70
396	592	32	68
398	590	32	66
401	588	32	62
403	586	32	58
404	585	33	56
404	584	33	56
405	583	34	58
407	580	35	62
407	578	35	65
410	576	35	67
409	573	35	70
411	570	35	71
412	568	35	71
413	566	34	69
414	565	33	67
415	564	33	63
414	562	32	60
414	560	31	58
415	558	31	55
415	557	31	55
414	556	31	57
413	555	31	59
412	552	30	62
410	549	30	64
409	548	31	65
409	546	31	66
407	546	31	66
405	543	32	64
403	542	34	62
401	542	36	58
400	541	38	55
395	541	38	53
390	542	37	55
386	540	38	56
385	538	37	58
381	536	38	60
378	535	39	62
375	532	39	63
374	532	40	64
371	531	39	65
372	530	41	65
368	530	42	66
365	529	41	67
364	529	41	65
362	528	43	63
361	527	44	60
358	528	44	57
356	525	44	54
352	525	44	53
349	524	44	54
347	522	43	57
346	521	43	59
343	517	42	61
342	516	41	64
341	515	41	66
339	513	41	66
339	511	41	66
338	511	42	65
337	509	43	63
338	509	44	60
336	509	44	57
337	508	44	54
336	505	44	54
335	507	44	54
336	504	44	56
336	502	43	58
338	500	42	60
338	498	41	62
338	496	41	63
337	496	40	64
336	495	40	64
337	493	39	63
336	493	39	61
335	491	38	58
335	491	37	56
334	489	36	54
333	488	36	53
331	487	35	53
329	486	34	55
328	485	33	57
327	484	32	59
323	482	32	60
320	481	32	60
318	481	32	59
315	480	32	57
311	480	33	56
305	479	33	54
299	480	33	52
293	479	34	52
288	480	34	53
283	481	34	56
278	480	34	58
272	481	33	60
267	480	33	62
262	480	32	63
257	480	32	63
252	481	32	62
246	481	31	61
243	480	31	59
240	480	31	58
237	479	30	56
233	478	30	55
229	477	29	55
228	476	29	56
225	475	29	55
223	474	28	54
220	476	28	56
217	475	28	56
217	475	29	56
215	474	30	55
212	473	31	54
209	472	31	53
205	472	30	54
202	472	30	56
200	470	30	58
198	468	30	59
197	467	31	60
198	466	32	61
196	465	31	60
197	465	30	59
197	463	29	58
199	464	29	56
202	461	29	54
203	459	29	53
204	458	29	53
204	456	29	53
205	454	30	55
205	452	31	56
203	451	33	57
201	450	34	57
198	450	33	57
197	448	33	57
195	448	33	56
194	447	34	55
192	448	36	54
186	448	36	54
182	447	36	55
179	446	36	56
178	446	37	57
177	445	38	58
174	444	40	59
169	445	40	58
164	445	39	58
162	446	38	57
158	446	35	56
156	446	35	55
153	446	35	55
149	444	34	54
148	442	35	54
146	441	35	55
143	440	35	55
140	440	35	55
139	438	37	55
137	438	38	55
135	439	38	55
136	438	39	55
137	437	40	55
137	435	40	54
136	435	41	53
136	433	41	54
136	432	40	55
139	430	37	56
144	427	36	57
145	425	37	57
143	423	39	56
140	422	42	56
139	423	43	55
140	421	42	55
143	420	40	54
146	419	39	54
151	417	36	53
153	415	35	53
158	412	33	54
162	410	31	55
162	409	31	55
160	407	31	56
159	406	32	57
154	404	35	56
152	403	37	56
150	403	39	55
149	403	39	54
148	403	40	54
152	402	38	54
155	401	35	55
153	400	33	56
154	399	31	57
153	397	32	57
151	396	33	57
149	395	34	56
147	394	35	56
141	395	36	55
132	397	38	54
128	397	40	53
136	396	36	52
140	395	32	52
141	395	29	52
141	394	28	53
138	392	27	54
137	390	28	55
135	388	30	56
134	386	31	57
135	385	33	57
135	384	33	56
138	383	33	55
141	382	33	55
144	381	33	55
145	381	32	55
148	378	31	56
149	376	30	56
153	373	30	56
156	371	31	56
159	369	32	56
161	366	33	55
165	365	33	54
168	364	33	53
170	364	33	53
179	363	29	53
186	361	26	52
190	360	25	52
193	357	24	51
198	354	24	51
201	352	25	51
204	349	26	52
206	347	30	53
209	344	32	54
211	343	34	53
213	341	33	52
217	339	34	52
222	339	34	52
229	338	32	51
235	337	29	52
238	334	27	52
242	332	26	52
245	330	26	52
248	327	28	52
252	327	30	51
255	324	32	51
256	323	33	51
260	323	31	50
264	323	28	50
262	322	29	50
271	320	26	50
273	318	24	50
274	318	22	50
273	315	22	51
269	314	24	51
268	313	26	52
263	311	30	52
258	312	33	53
252	312	35	53
246	312	35	52
242	314	34	51
239	313	33	51
236	314	30	51
234	315	27	51
230	315	25	52
224	315	24	52
213	314	26	52
207	315	27	52
199	316	29	52
193	317	32	52
185	318	33	52
177	320	32	51
173	321	31	51
174	321	27	51
174	321	25	51
171	320	23	52
168	319	23	52
163	318	25	53
160	316	27	54
158	315	29	54
157	315	32	54
157	314	34	54
157	314	34	53
160	313	32	53
165	312	30	52
170	312	28	52
177	309	25	53
181	307	24	53
182	305	24	53
185	304	25	53
187	302	27	53
189	300	31	52
190	299	33	52
190	299	33	51
194	297	31	51
200	296	29	51
206	295	26	51
213	294	24	51
215	292	23	51
218	290	23	51
218	289	25	52
222	286	27	52
222	285	30	52
223	285	33	52
224	283	33	52
227	281	32	51
232	281	31	51
238	280	29	50
245	280	26	51
249	278	24	51
251	276	23	51
253	274	24	51
255	273	25	51
257	271	28	50
256	270	28	50
257	270	30	50
256	269	31	49
261	270	28	49
263	268	26	48
267	268	23	48
269	267	21	48
269	266	20	48
267	265	21	49
265	263	23	49
264	262	26	49
261	262	28	49
257	262	30	49
256	262	30	49
252	261	30	49
253	262	29	49
254	261	27	50
256	261	24	50
255	260	22	51
253	259	21	51
252	257	21	51
250	257	22	51
247	257	24	50
245	257	24	50
244	258	24	49
241	259	24	48
239	259	25	48
237	259	25	48
239	258	23	48
241	259	21	48
241	258	19	48
240	257	19	49
239	256	20	49
238	253	22	48
238	253	25	49
238	253	26	49
238	252	26	49
236	252	26	49
238	253	25	49
238	253	24	49
244	252	21	49
246	251	20	49
247	250	19	50
246	249	19	50
247	248	21	50
246	246	23	50
246	246	25	50
242	245	27	50
243	245	29	50
240	245	30	50
239	245	28	49
240	246	26	49
240	245	23	49
241	245	21	49
241	245	20	49
240	244	20	49
238	243	20	50
236	242	21	50
236	241	23	50
233	241	25	51
231	241	26	52
229	241	27	52
226	241	26	52
224	242	25	51
224	242	24	51
223	242	22	51
227	241	20	51
224	241	19	51
221	240	19	51
220	240	21	51
218	239	24	50
215	239	26	50
212	239	29	49
208	239	31	49
207	239	31	49
203	240	30	49
205	240	28	49
207	240	25	49
211	240	22	49
211	240	21	49
211	239	21	50
211	238	21	50
213	236	23	50
213	236	25	51
213	235	26	51
214	234	26	50
214	235	26	50
214	235	24	50
217	235	22	50
222	234	20	51
224	234	19	51
227	233	18	51
227	231	19	51
228	230	20	51
229	229	22	50
231	228	24	50
231	228	27	50
232	227	28	49
233	228	28	49
236	228	26	49
239	228	24	49
243	228	23	49
248	226	21	49
250	225	21	49
251	225	20	50
253	223	21	50
255	222	23	50
256	221	25	51
258	220	26	51
260	220	27	50
260	220	26	50
265	220	24	50
269	220	21	50
273	219	19	50
277	219	18	50
279	218	17	50
280	217	18	50
282	215	20	50
284	214	22	50
284	214	25	50
285	214	27	50
284	213	27	49
286	213	27	49
288	214	26	49
292	214	23	48
295	214	21	48
296	214	20	48
297	213	20	49
297	212	20	49
297	211	21	50
297	210	22	51
296	210	24	52
295	210	26	52
294	210	26	51
292	210	26	51
292	211	24	51
294	211	22	50
294	211	21	50
296	211	19	50
295	211	19	50
292	211	19	50
289	210	21	50
287	210	23	50
284	210	26	49
282	210	27	48
279	211	28	48
277	212	28	48
276	212	28	47
278	212	26	47
279	213	24	47
280	213	23	48
280	212	22	49
281	211	22	50
281	209	22	50
281	209	23	50
281	209	25	50
280	208	26	50
284	208	26	50
288	208	24	49
289	208	22	49
293	208	21	49
296	208	20	49
300	207	19	49
301	206	19	49
301	206	20	50
301	204	20	49
303	204	22	49
304	204	24	48
302	205	27	48
301	205	27	48
301	206	27	47
303	206	26	47
305	206	24	47
308	207	22	48
308	206	21	48
308	205	20	49
307	205	20	50
306	204	21	50
304	204	23	50
301	203	25	51
301	203	25	51
300	205	25	50
300	205	23	50
300	206	21	49
301	207	19	49
302	207	18	49
301	207	17	49
298	206	18	50
297	207	20	50
297	206	22	50
295	206	24	50
293	206	27	49
292	207	27	49
289	208	26	49
292	208	25	48
293	209	23	48
295	209	22	48
295	209	20	49
296	209	20	50
296	209	20	51
296	208	20	51
296	207	21	52
297	207	23	52
297	207	23	51
297	207	23	50
299	209	22	50
300	209	21	50
304	209	20	50
307	210	18	50
310	209	18	50
310	210	18	50
310	209	19	50
311	208	21	50
312	207	23	50
312	208	24	49
312	208	26	49
311	208	26	49
312	209	25	49
315	210	24	48
318	211	22	48
319	212	20	49
321	212	19	49
322	211	20	51
322	210	20	51
322	210	20	52
324	209	21	51
324	209	23	51
326	210	22	50
327	211	21	50
328	212	20	49
330	213	18	49
330	213	18	50
331	213	18	50
332	213	17	51
332	212	18	51
332	211	19	50
330	212	20	51
331	210	22	50
332	211	24	50
330	212	24	50
331	213	24	49
332	214	23	49
334	215	22	49
335	215	21	49
338	215	20	50
338	215	19	51
339	214	20	52
339	214	20	52
339	214	20	53
341	214	22	53
340	214	22	53
342	213	22	52
344	215	21	51
345	216	20	50
346	217	19	50
347	218	19	50
350	217	19	51
350	217	19	51
350	217	19	51
349	216	19	51
349	215	21	51
348	216	23	51
347	217	24	51
347	218	23	51
345	219	24	51
345	220	24	51
347	221	24	51
350	221	22	51
350	221	21	51
351	221	20	52
350	220	20	53
349	220	20	52
350	219	21	53
350	220	22	53
350	220	22	52
350	222	21	52
350	222	21	52
349	223	20	52
351	224	19	52
353	224	19	52
353	224	17	52
353	224	17	52
352	223	17	53
351	225	18	53
351	224	20	52
350	225	22	52
348	225	23	52
347	227	24	52
345	228	24	51
345	228	24	51
347	230	24	51
347	231	22	51
349	231	20	52
350	231	19	53
350	231	19	53
350	231	19	54
350	230	19	54
351	229	21	53
351	231	22	53
352	232	22	52
353	234	22	52
353	235	22	52
356	235	21	52
357	235	20	52
358	236	19	53
360	236	18	53
360	236	18	54
362	237	19	54
363	237	21	54
362	238	22	54
362	239	23	53
361	239	24	53
360	242	24	53
359	242	24	53
359	243	24	52
360	244	23	52
362	244	22	52
363	245	21	53
363	246	19	53
363	246	19	54
364	246	19	54
363	247	19	54
363	248	20	54
361	248	22	54
359	250	24	55
356	251	25	56
356	251	26	56
353	253	25	55
353	253	25	56
353	254	24	57
352	254	24	57
353	255	23	57
355	255	21	56
356	257	20	56
356	256	19	55
355	258	19	55
355	259	20	55
355	259	21	55
355	261	23	54
353	261	24	54
352	263	26	53
349	263	27	53
348	266	28	52
347	266	28	51
348	267	27	52
348	267	26	52
350	267	25	52
350	267	24	52
351	267	22	53
351	266	22	53
349	267	21	54
349	268	21	54
348	269	23	55
347	269	24	55
346	269	25	56
344	267	25	55
345	268	26	54
344	270	25	55
345	270	24	56
346	270	22	57
348	271	21	57
350	271	21	57
350	270	20	57
349	270	19	57
349	272	19	57
349	271	19	58
350	272	20	58
350	273	22	57
349	275	23	57
347	276	24	56
345	275	25	56
342	277	25	57
344	276	25	56
344	277	25	55
343	277	25	56
343	277	25	55
346	278	23	55
349	277	22	56
349	277	20	56
349	276	19	57
348	277	19	58
348	276	19	59
347	277	19	60
346	277	20	61
346	275	20	59
346	274	20	57
346	275	19	57
345	277	19	58
347	275	18	58
346	275	18	59
346	273	19	56
346	277	19	56
346	276	19	56
345	277	20	57
343	277	21	57
344	275	23	57
343	275	24	57
341	275	25	58
339	274	25	58
338	276	26	60
336	276	26	59
339	277	25	58
339	280	25	57
341	278	23	57
341	281	23	56
341	281	22	57
339	281	22	57
338	278	23	58
336	278	25	59
336	275	26	60
334	274	27	61
334	274	27	62
333	271	27	60
332	273	28	61
331	274	28	63
331	273	28	62
332	273	28	62
332	272	28	61
334	272	28	60
333	272	28	60
333	272	28	60
334	273	29	60
335	273	30	59
334	273	32	57
335	275	33	56
335	276	34	56
336	274	34	54
335	278	33	54
337	277	31	54
336	279	30	53
337	278	29	54
335	278	29	54
337	276	28	56
338	275	27	57
337	274	26	59
337	272	25	61
338	271	24	62
338	270	23	63
336	271	24	65
336	269	23	65
336	268	23	65
336	267	23	63
336	269	22	62
337	267	22	62
338	268	22	61
336	269	22	60
336	269	22	59
337	268	23	59
339	268	25	59
340	268	25	60
345	267	27	60
349	265	28	61
359	265	28	63
370	264	25	64
378	263	24	66
385	263	22	68
392	262	21	69
399	261	21	70
406	259	20	70
412	256	21	69
418	254	21	66
425	253	22	65
434	253	23	63
441	252	24	60
449	251	24	60
457	251	24	60
465	251	23	60
475	249	23	59
484	249	22	59
494	248	21	58
502	248	20	58
509	247	19	57
517	247	19	58
521	246	21	58
524	247	23	57
527	246	25	58
531	247	25	57
535	247	26	57
539	247	26	56
542	247	25	55
546	247	25	54
551	247	24	54
555	247	22	55
558	247	21	55
560	246	20	56
559	247	20	55
559	248	20	56
558	247	21	56
558	248	22	56
557	248	24	56
556	249	25	56
557	249	25	56
556	250	26	55
556	250	25	56
559	250	24	55
559	250	23	55
561	251	22	56
564	251	20	56
563	251	19	56
563	251	19	56
563	251	20	56
563	252	22	56
561	253	24	55
560	254	25	55
559	254	27	55
556	255	29	55
555	255	29	55
556	256	29	55
557	256	29	55
558	257	28	55
559	258	27	55
560	258	25	55
561	259	23	55
562	260	21	55
564	260	20	55
564	261	19	55
564	260	19	56
561	261	21	57
561	261	23	57
560	262	24	57
