490	235	34	85
490	234	34	84
489	234	33	83
488	234	34	84
486	235	33	85
485	234	34	86
484	235	34	88
483	236	34	90
481	237	34	92
481	236	35	93
478	237	36	93
479	238	37	93
476	238	37	94
476	240	37	94
474	241	37	93
472	241	37	93
471	243	37	92
469	243	37	91
467	244	37	90
465	244	36	89
465	246	37	88
462	246	37	88
462	245	36	87
459	245	36	87
460	246	36	85
456	246	36	84
454	245	36	82
454	246	37	81
451	246	38	80
449	247	40	80
447	247	42	80
441	247	43	79
441	248	45	79
436	247	44	80
435	245	45	80
432	244	45	81
429	243	45	82
426	242	44	84
425	241	42	84
422	240	42	85
419	239	41	86
418	239	41	87
412	238	40	87
412	238	39	88
409	238	38	90
406	238	38	91
405	237	38	91
402	239	38	92
399	238	39	91
396	239	41	91
392	238	42	90
391	240	45	88
387	240	44	88
384	241	45	87
380	241	43	87
378	242	42	87
376	242	41	86
373	242	41	86
371	242	40	85
368	241	40	85
365	241	40	85
363	241	40	85
360	241	40	85
359	241	41	85
355	240	43	83
352	239	42	82
351	241	44	82
348	241	45	82
344	242	48	82
343	243	51	82
338	242	51	82
335	242	52	82
332	241	52	83
329	240	51	83
325	241	50	84
322	240	49	84
320	239	47	84
318	239	46	84
314	238	45	85
313	238	44	85
310	238	43	86
307	239	42	88
305	240	41	90
302	240	42	92
301	241	43	92
297	242	45	93
296	242	47	92
294	243	49	91
289	244	48	91
286	244	48	91
283	245	48	90
278	244	48	91
277	245	47	90
272	246	46	90
271	245	47	89
269	245	47	89
264	245	48	88
264	246	47	88
261	246	48	88
259	247	49	88
257	246	51	86
253	247	50	85
250	246	50	85
250	247	51	85
249	247	52	85
252	246	52	84
255	244	53	85
258	241	52	85
263	238	52	85
267	235	50	86
274	232	51	87
281	228	49	87
288	224	48	87
296	221	46	88
305	217	44	88
315	214	43	90
324	211	43	92
333	208	41	93
345	205	40	93
355	201	41	93
365	198	44	92
375	195	47	91
382	194	49	89
390	193	51	88
401	191	52	86
411	189	54	86
417	185	54	86
426	186	53	86
429	182	51	86
436	179	47	87
442	178	44	87
446	176	42	87
451	174	41	87
454	174	40	88
457	173	40	88
462	173	39	87
464	170	39	86
466	167	39	84
466	169	40	82
466	168	42	80
466	165	42	79
466	163	41	81
467	161	40	81
467	159	40	82
467	158	39	84
466	156	38	86
466	154	36	89
467	153	37	91
466	152	36	93
465	151	35	94
464	149	34	94
464	148	34	93
463	151	36	92
462	148	38	91
460	152	43	89
457	150	46	88
457	151	48	87
457	151	51	87
457	150	53	87
454	149	53	87
453	147	52	87
452	148	51	86
450	147	51	85
448	146	50	85
449	148	48	85
445	146	44	87
445	146	41	88
446	146	39	89
447	145	38	89
446	145	38	88
445	145	38	88
444	144	38	87
443	146	39	88
441	145	38	88
437	144	39	87
436	142	38	88
435	143	39	89
433	142	39	90
430	143	39	91
430	142	40	92
428	143	41	93
425	143	39	93
424	143	38	93
422	144	37	93
421	143	38	92
421	146	41	90
419	149	43	89
418	151	46	87
415	153	48	85
413	154	51	83
410	156	54	82
405	156	55	81
402	157	54	81
399	158	52	81
402	158	51	81
403	157	51	81
400	159	48	82
400	160	45	83
400	159	42	84
402	159	40	83
404	162	38	83
406	163	37	84
406	162	36	83
407	163	37	82
411	164	36	82
411	165	36	82
413	164	35	82
416	164	34	83
418	164	33	83
420	164	33	83
423	164	32	83
427	164	32	83
429	164	32	84
432	165	33	86
434	165	33	88
435	165	34	89
437	165	34	89
440	167	35	90
440	168	37	91
441	169	40	90
441	170	43	90
440	172	46	89
439	174	49	88
439	175	51	88
436	177	52	88
433	176	51	88
432	179	50	88
429	177	49	89
427	179	46	91
425	178	43	92
423	179	41	93
420	180	41	93
415	181	42	93
413	184	43	93
410	185	44	93
408	187	46	93
401	189	49	94
398	188	51	94
397	190	50	95
390	190	52	95
387	191	52	94
384	192	51	94
384	191	48	93
384	194	46	94
383	193	43	94
383	195	40	95
382	195	39	96
382	194	37	96
382	194	37	94
384	195	37	92
384	197	37	92
386	198	37	91
387	200	38	90
388	201	39	91
391	200	41	91
392	200	42	92
393	199	42	92
396	199	43	89
398	199	44	88
400	199	44	88
404	199	43	89
407	198	42	89
410	199	41	91
414	198	41	92
418	199	41	94
421	198	41	94
425	198	41	95
427	199	43	97
432	199	43	98
435	199	43	99
439	199	42	99
440	199	43	100
442	199	43	101
443	197	43	101
445	197	42	100
446	196	42	99
447	196	42	98
449	195	41	97
449	197	39	96
451	196	38	95
452	197	37	95
453	197	36	93
455	199	37	94
455	201	37	94
456	201	37	95
457	203	38	96
458	203	39	97
458	204	39	98
459	203	40	99
460	203	41	100
461	202	42	99
461	201	42	97
462	202	41	96
463	201	40	94
465	202	39	93
467	203	39	94
469	203	39	94
471	204	40	95
474	204	40	97
476	204	41	98
478	204	42	99
481	204	42	100
483	204	43	100
486	204	43	101
489	203	43	102
491	202	43	103
494	201	43	103
498	200	43	103
501	198	43	103
503	197	42	102
505	196	41	101
507	196	39	98
509	197	38	97
511	198	37	96
512	199	37	96
514	200	36	95
514	201	36	95
515	201	36	95
515	201	36	94
515	202	37	94
516	201	37	93
516	201	38	93
515	200	38	92
514	201	39	92
513	201	39	92
512	201	39	92
512	200	39	93
511	202	39	93
509	202	39	94
509	203	39	96
507	204	40	96
506	204	40	97
504	206	41	98
503	206	41	99
500	206	42	100
500	206	43	101
498	205	43	102
496	204	43	102
496	204	43	101
495	203	43	100
493	203	42	99
491	204	40	97
489	203	39	95
489	205	38	93
488	206	38	92
487	207	38	92
486	209	39	91
485	209	40	90
484	211	42	90
482	210	43	88
481	212	44	88
479	210	45	88
479	210	44	88
478	210	44	88
479	209	42	89
479	209	42	90
480	209	41	90
482	208	41	90
482	209	40	91
484	209	40	92
485	208	41	92
486	207	42	91
488	208	42	91
491	209	42	90
492	208	42	90
495	209	42	89
497	208	42	89
500	209	42	90
504	209	41	89
507	209	41	89
510	207	39	88
514	206	39	88
517	205	38	90
520	202	37	90
524	199	36	89
525	198	36	89
527	196	36	88
530	197	36	88
532	197	36	87
533	197	36	86
535	197	36	86
537	196	38	86
537	195	38	86
538	193	38	86
538	192	38	87
539	191	37	88
542	189	38	89
544	188	38	90
545	187	40	90
548	187	42	91
549	188	44	92
551	187	45	93
552	186	46	94
554	185	46	95
555	183	46	95
556	181	45	95
556	179	44	96
558	177	42	95
561	174	39	93
563	173	37	92
565	173	34	90
567	173	33	88
569	173	33	86
571	173	34	86
572	174	34	86
574	172	34	85
576	171	34	84
579	169	33	83
581	169	32	83
584	168	32	82
586	167	32	83
588	166	33	83
590	165	33	84
592	163	33	85
594	162	33	86
597	161	34	87
599	160	35	88
601	160	36	89
604	159	37	90
607	160	38	91
610	158	39	92
612	157	39	93
615	156	39	94
617	155	39	94
619	154	38	94
623	152	38	93
624	151	37	93
627	149	35	92
632	148	34	92
634	147	32	91
638	145	31	89
640	145	31	87
642	144	30	85
644	146	30	85
646	146	30	83
648	148	30	84
650	146	30	84
651	146	29	83
653	145	29	83
654	145	29	83
655	144	29	84
655	143	29	85
656	142	30	85
657	141	31	85
658	140	31	86
659	139	33	86
660	139	34	87
660	140	35	89
661	139	36	89
662	139	36	89
661	138	37	89
661	139	37	90
661	138	38	90
660	138	38	92
658	137	38	93
658	136	37	93
657	134	37	94
656	133	36	93
655	131	35	92
655	130	34	91
655	131	32	89
654	129	31	88
654	130	31	86
653	131	30	85
652	130	30	84
651	132	30	83
651	132	29	83
652	131	29	82
653	132	29	83
654	132	29	83
655	131	29	84
656	131	30	84
658	130	30	85
660	130	30	86
662	130	31	87
665	128	32	88
667	127	32	88
670	127	33	88
672	127	34	88
676	128	35	88
679	128	35	89
683	129	36	90
686	130	36	91
690	129	36	93
692	129	36	94
696	129	35	94
699	129	35	95
702	127	35	95
705	126	34	94
709	125	34	94
712	125	33	93
714	125	33	92
718	124	32	91
720	124	32	90
722	124	32	89
725	125	32	88
726	126	32	88
727	127	32	88
728	127	31	89
728	128	31	91
728	128	31	92
729	127	31	93
729	127	31	94
729	126	31	94
729	125	31	94
729	125	31	95
729	124	32	95
729	124	31	96
729	124	31	97
728	124	32	97
728	124	32	97
726	125	32	97
725	126	33	99
723	126	33	100
722	126	33	101
719	126	33	102
717	125	34	103
715	124	34	103
713	122	34	102
711	121	33	101
709	121	33	100
707	119	33	98
705	120	33	97
703	120	33	95
700	119	32	93
698	121	32	93
697	122	32	94
695	122	32	94
693	123	32	94
691	124	32	96
691	124	31	97
690	124	31	97
690	124	31	97
690	124	31	98
690	124	31	99
691	123	32	98
694	122	32	98
696	123	31	98
698	123	31	99
700	123	31	99
702	124	31	99
704	126	31	100
706	128	31	103
707	129	31	105
710	130	31	108
711	129	32	109
713	130	32	110
716	128	31	109
717	128	31	108
718	127	31	105
720	128	31	103
720	127	31	101
722	127	31	98
723	127	30	97
724	128	30	95
725	127	29	93
725	128	29	91
727	130	29	91
727	131	29	91
728	131	29	91
728	133	29	92
727	133	29	93
726	133	29	93
726	133	30	94
725	134	30	94
724	131	30	94
722	131	31	92
721	131	31	91
719	130	31	90
717	130	31	88
716	131	30	90
714	130	30	89
712	130	31	87
709	132	31	89
708	133	31	90
706	130	31	87
704	133	31	89
702	134	31	90
699	133	31	91
698	133	31	91
696	133	31	92
694	132	31	90
693	132	31	90
691	131	31	90
690	132	31	91
688	131	31	91
686	130	32	90
685	132	32	91
683	132	32	92
681	132	33	92
679	133	33	93
677	135	34	94
676	135	35	95
674	136	35	96
672	137	35	97
670	137	35	99
668	137	35	100
666	136	35	100
665	137	34	101
664	136	34	100
662	136	33	100
