522	573	21	57
522	572	21	57
522	572	21	58
521	572	21	58
522	572	21	58
521	572	21	58
521	572	21	58
520	573	21	59
520	573	21	59
520	573	21	59
518	574	21	59
518	574	21	59
518	574	21	60
517	574	21	60
517	574	21	60
516	574	21	61
515	574	21	61
515	574	21	61
514	574	20	61
514	573	20	60
513	574	20	59
512	574	20	58
512	574	20	58
511	575	20	57
511	575	20	57
510	575	20	58
510	576	20	58
509	575	21	58
509	576	21	58
508	577	21	59
508	576	21	59
507	577	21	59
507	577	21	59
507	577	21	59
507	577	21	59
506	577	21	59
506	578	21	59
506	577	20	59
505	576	20	59
505	576	21	58
504	576	21	58
504	578	21	57
503	578	21	58
502	578	21	58
502	578	21	58
501	578	21	58
500	579	21	59
500	580	21	59
500	580	21	59
499	580	21	59
498	580	21	59
497	580	21	60
496	581	20	59
495	580	20	60
495	581	20	60
494	581	20	60
493	581	20	59
493	580	21	58
491	581	21	58
491	581	21	58
490	581	21	58
489	581	21	59
490	582	21	59
489	581	21	59
488	582	21	59
488	583	21	59
487	583	21	60
486	583	21	60
486	583	21	60
486	583	21	60
485	583	21	60
486	583	21	60
485	583	21	61
485	583	21	60
484	583	21	60
483	583	21	59
483	584	21	59
483	584	21	58
483	584	21	59
482	585	22	59
482	585	22	59
481	585	22	59
480	585	22	60
479	585	22	60
479	585	22	60
478	586	22	60
478	586	22	61
476	587	22	60
476	586	22	60
475	586	21	61
474	586	21	61
473	586	21	61
472	585	21	60
472	585	21	60
471	585	21	59
470	586	21	59
470	586	21	59
470	587	21	59
469	587	21	59
468	587	21	59
467	588	21	60
466	588	21	60
466	588	21	60
466	588	21	61
465	588	21	61
465	588	21	61
465	588	21	61
464	588	21	61
463	588	21	61
463	588	21	61
463	588	21	61
462	587	21	60
462	588	21	59
461	588	21	59
461	588	22	59
460	589	22	60
459	589	22	60
458	589	22	60
458	589	22	60
457	590	22	61
457	590	22	61
456	590	22	61
456	591	22	61
454	591	22	61
453	591	22	61
452	591	22	61
451	591	22	61
450	591	22	62
449	590	21	62
449	590	21	61
448	591	21	60
446	591	21	60
446	591	21	60
445	592	21	60
444	592	21	60
443	592	21	60
443	592	22	60
443	593	21	61
442	593	21	61
442	593	22	62
441	594	22	62
440	594	22	62
441	594	21	62
441	594	21	62
441	594	21	63
440	594	21	63
439	594	21	62
439	594	21	62
439	594	21	61
439	594	21	61
439	595	22	61
438	595	22	61
438	595	22	62
438	595	22	62
438	595	22	62
437	597	23	62
437	597	23	63
437	597	23	63
437	597	23	64
437	597	23	64
436	596	23	65
436	597	23	65
435	597	23	65
435	597	23	65
435	597	23	65
435	597	23	65
434	597	23	63
435	598	23	62
435	600	23	61
434	599	23	61
435	599	22	61
435	600	22	61
434	600	22	62
435	601	22	62
434	601	22	62
435	601	22	63
434	602	22	64
435	602	22	64
435	603	22	64
435	603	22	63
436	603	22	63
435	603	22	63
436	604	22	63
435	603	22	62
436	603	22	62
435	604	22	61
435	604	22	61
435	604	22	61
436	605	22	61
435	605	22	62
435	606	23	62
435	607	22	62
435	607	22	63
435	608	23	63
435	608	23	64
435	608	23	64
435	608	23	65
434	609	23	65
434	608	23	65
434	609	23	65
433	608	23	65
434	609	22	66
434	609	22	65
434	610	22	65
434	610	22	64
434	610	22	63
434	610	22	63
434	611	22	64
434	611	22	64
434	611	22	64
435	612	23	64
435	613	23	65
435	613	24	65
435	615	24	65
435	615	24	65
436	616	23	65
436	615	23	66
436	615	23	66
437	615	22	66
437	616	22	66
437	616	22	66
436	616	22	65
437	617	22	65
438	617	22	64
438	618	22	64
438	620	23	63
438	621	24	63
439	618	25	65
440	618	27	66
439	614	28	69
438	614	27	71
438	615	27	72
438	615	27	73
437	616	26	74
437	616	25	74
436	617	25	74
435	618	26	74
434	618	27	74
435	620	28	73
436	620	27	73
438	622	26	71
440	624	25	69
441	626	24	68
442	626	23	67
442	627	23	67
443	628	22	66
443	629	22	65
444	629	22	66
444	630	22	66
445	631	22	66
446	631	22	66
446	632	22	66
446	633	22	66
445	633	23	67
446	634	23	67
445	635	23	67
446	635	24	67
446	636	24	67
447	635	24	66
448	635	23	66
449	636	23	65
450	637	22	65
450	637	22	65
451	638	22	65
451	639	22	66
452	640	21	66
452	641	22	67
453	641	22	67
454	641	22	67
454	641	23	67
454	638	23	67
455	633	23	68
456	628	23	68
456	622	23	67
457	617	23	66
458	607	23	61
459	604	22	58
460	601	21	56
461	598	20	54
462	594	20	54
463	587	19	54
464	583	20	53
465	578	20	53
466	573	20	53
467	568	21	54
467	559	21	55
469	555	22	55
469	550	24	54
470	542	25	55
471	538	27	55
469	528	29	54
469	525	31	54
469	520	32	53
468	512	32	55
468	507	32	56
469	504	32	55
468	508	33	53
468	511	35	50
470	507	34	50
476	500	32	54
471	504	32	54
477	500	30	56
479	498	29	57
480	498	28	60
480	499	27	61
479	499	26	63
479	500	26	64
528	497	25	64
478	501	25	65
476	506	25	64
477	504	25	65
477	505	25	65
473	506	25	65
478	505	24	66
475	505	23	66
520	515	24	67
522	510	24	67
523	516	24	68
510	520	24	68
520	514	24	69
514	516	24	69
518	516	24	70
517	516	24	71
517	519	24	71
517	519	24	71
509	520	24	71
511	521	25	71
501	521	25	71
507	521	25	71
507	523	25	72
508	525	25	71
508	526	26	71
500	530	26	71
501	532	26	71
501	533	26	71
488	535	26	71
472	535	26	71
456	537	26	71
446	542	26	71
448	538	26	71
450	543	27	71
449	535	27	71
447	541	27	71
443	543	28	71
442	547	28	71
443	544	28	71
440	551	28	71
441	534	28	71
431	548	28	71
433	539	28	71
431	539	29	71
418	544	29	71
419	531	29	71
420	520	29	71
420	525	29	71
420	519	29	71
420	522	29	71
421	509	29	71
411	510	30	71
423	510	30	70
425	508	30	70
426	505	30	70
428	501	30	70
414	515	30	70
413	516	30	70
429	529	31	70
416	516	31	70
420	518	31	70
422	519	31	70
437	539	31	70
441	557	31	70
440	553	31	71
429	557	31	71
428	549	31	71
433	561	31	71
433	565	32	71
433	569	32	71
424	566	32	71
426	571	32	71
426	576	32	71
415	566	32	72
416	572	33	72
415	577	33	72
414	575	33	72
406	578	33	72
407	581	33	73
403	577	33	73
393	565	33	73
397	588	33	73
396	581	33	73
386	570	33	74
389	579	33	74
387	591	33	75
387	593	33	75
385	595	33	75
383	595	33	76
380	597	33	76
370	589	33	76
358	576	33	76
363	586	33	77
363	593	33	77
354	583	33	77
359	598	33	77
347	582	33	78
350	597	33	78
339	584	33	78
340	580	33	78
340	587	33	78
341	610	33	78
330	604	33	78
319	598	33	78
322	572	33	78
313	568	33	78
315	576	34	78
311	567	34	78
311	612	34	78
300	602	34	78
302	614	34	78
297	629	34	79
299	645	34	78
294	646	34	78
281	623	34	78
282	581	35	78
274	591	35	78
274	583	35	78
265	590	35	78
266	582	35	78
267	581	35	77
264	582	36	77
260	584	36	76
253	586	37	76
252	587	37	75
250	589	38	74
245	590	38	74
243	592	39	73
240	592	39	72
235	593	40	71
232	595	40	71
227	595	41	70
226	598	41	70
222	599	41	70
221	603	41	70
212	601	42	69
210	602	42	69
209	602	43	68
204	604	43	68
198	608	43	67
197	608	44	66
196	609	44	66
191	610	45	65
186	612	45	64
183	613	46	64
175	619	46	64
175	616	46	63
177	617	46	63
168	617	46	63
169	618	46	63
166	615	46	63
165	612	46	63
159	610	46	63
158	606	46	63
157	601	46	63
157	598	47	63
150	595	47	63
151	592	47	63
141	588	47	63
142	584	47	63
143	580	47	63
134	577	47	64
134	573	47	64
132	569	46	64
132	562	46	64
122	559	46	64
120	559	46	64
122	552	46	64
119	545	46	65
110	544	45	65
110	538	45	66
108	531	45	66
108	530	44	66
107	528	44	67
105	523	44	67
100	527	43	67
96	527	43	67
94	526	42	67
92	528	42	67
90	530	43	66
87	532	43	66
84	526	43	66
80	532	43	66
78	534	43	66
78	529	44	65
74	535	44	65
70	537	44	64
66	535	45	64
64	537	45	64
60	538	45	64
58	539	46	63
57	541	46	63
53	538	46	62
46	539	47	62
46	542	47	61
44	543	47	61
41	546	48	61
34	545	48	61
27	544	48	61
33	548	48	61
0	595	46	66
0	600	44	69
0	613	41	74
0	612	39	80
0	598	36	87
0	597	35	92
0	595	34	98
0	594	33	103
0	588	33	108
0	574	33	112
1	569	34	117
2	556	34	120
2	581	35	123
0	562	35	126
0	568	35	129
0	551	35	131
0	532	35	132
0	519	35	134
2	543	36	134
0	520	36	135
0	538	36	137
0	513	36	140
1	537	36	143
1	558	37	145
1	537	38	146
1	535	38	147
3	557	38	147
6	557	39	147
2	530	39	148
3	552	40	148
0	544	40	149
0	540	41	149
3	542	41	149
3	536	41	150
7	542	42	150
9	546	43	150
10	553	44	150
10	560	46	149
0	548	45	152
1	549	46	153
4	560	48	152
2	553	49	153
1	552	49	153
0	557	49	153
3	551	50	152
0	542	50	152
0	542	51	153
0	543	51	154
3	544	51	154
8	553	52	154
17	529	54	153
20	514	55	152
15	553	57	151
13	563	59	150
11	551	63	148
7	572	65	144
7	570	68	142
0	563	67	144
2	567	67	143
1	563	68	143
1	566	68	143
1	574	68	143
0	573	68	143
0	573	68	143
0	550	66	146
0	559	63	149
0	553	60	152
0	547	58	156
0	541	54	161
0	535	52	165
0	532	50	169
0	529	49	172
0	527	49	173
0	528	49	172
0	523	50	173
0	524	50	173
3	527	51	172
5	534	52	170
4	530	53	168
4	535	55	165
5	534	55	164
5	534	57	162
7	541	59	160
0	527	57	162
9	555	59	159
0	540	56	161
0	529	56	161
5	544	58	160
5	543	62	157
10	536	63	156
13	565	66	154
39	586	73	149
68	605	77	145
82	580	81	142
71	592	83	140
71	606	90	136
128	604	93	134
120	608	94	132
117	612	96	130
117	615	98	129
120	612	100	127
119	609	102	126
119	612	105	124
118	615	109	121
108	618	112	118
104	613	115	116
76	611	118	115
107	622	120	113
97	630	125	109
93	631	129	106
200	545	127	108
194	555	127	108
188	575	127	109
214	584	127	109
186	566	127	110
183	561	126	110
179	579	126	110
174	557	126	111
174	567	126	111
166	589	126	111
202	606	126	111
168	564	125	113
164	569	123	114
141	585	124	114
147	572	124	115
144	594	124	114
176	612	125	114
142	590	125	114
140	603	125	114
131	583	125	115
133	567	124	116
129	581	124	117
121	593	123	117
147	606	124	117
133	593	125	117
164	619	127	116
159	609	128	115
157	620	131	114
151	606	131	114
148	618	133	113
233	635	139	109
273	631	141	107
291	629	142	107
289	627	143	106
431	519	141	109
478	517	128	120
486	509	110	137
491	503	96	148
489	497	86	154
496	494	78	158
496	490	73	158
505	496	66	161
506	491	61	159
505	491	59	156
502	489	58	151
506	487	58	147
507	477	61	142
506	484	63	136
505	485	64	133
503	492	65	128
501	491	66	123
500	495	66	118
500	497	66	112
498	501	65	105
499	503	63	99
499	505	59	94
501	507	54	91
504	509	49	88
506	511	44	86
509	511	40	84
510	513	36	84
511	513	33	83
511	514	31	83
511	514	31	82
512	514	31	82
513	515	34	82
513	516	37	82
511	516	40	82
508	516	43	83
505	516	46	83
502	517	47	84
499	517	49	84
497	517	49	84
496	519	49	85
495	519	47	85
497	520	44	86
497	521	41	86
499	522	38	86
501	524	35	86
501	525	32	86
502	526	31	87
502	528	31	87
501	529	31	87
502	531	33	86
503	533	37	85
501	535	40	84
499	536	43	84
496	538	46	83
493	542	48	82
490	543	50	82
488	546	51	82
485	546	51	82
486	549	50	82
486	550	47	83
488	552	44	83
488	554	40	84
489	555	37	84
489	556	35	84
489	558	33	85
488	560	32	85
489	562	32	85
490	562	34	86
491	564	37	85
489	568	41	85
487	569	44	86
485	571	47	86
482	573	49	87
478	575	51	87
475	577	52	88
473	578	52	89
472	579	52	89
472	580	50	90
473	581	47	90
473	583	43	90
475	585	39	91
477	586	36	91
478	588	33	91
478	590	32	91
477	592	32	91
478	594	34	90
478	595	37	90
478	599	41	88
476	600	44	88
473	602	48	87
470	605	51	86
466	608	53	86
463	609	55	86
462	612	55	86
462	614	54	86
463	616	51	87
464	617	47	87
465	618	44	88
465	620	40	88
466	622	38	88
466	625	36	88
466	627	36	89
466	628	36	89
467	630	38	89
467	633	42	88
467	634	46	87
464	635	49	85
462	637	52	84
461	639	53	82
460	641	53	80
459	643	53	78
459	644	51	77
457	645	48	76
456	646	43	74
456	649	39	73
457	649	37	72
457	651	34	70
457	654	33	68
457	655	33	66
456	658	33	64
456	660	32	62
455	662	32	60
454	664	31	58
453	667	30	56
453	670	29	54
453	672	28	51
453	674	27	49
453	676	27	46
453	679	27	44
452	681	27	41
452	682	27	39
451	685	27	37
450	686	27	36
449	687	27	34
448	689	27	32
448	691	27	30
448	693	26	28
446	695	26	27
446	696	25	25
446	699	25	23
445	701	24	22
445	702	24	20
445	704	24	18
445	705	24	16
444	707	24	14
444	709	23	13
442	711	24	11
441	712	25	10
440	713	25	10
440	713	26	10
442	711	25	10
444	712	25	10
444	705	25	10
444	705	25	10
444	706	24	11
444	706	24	11
439	707	24	11
437	710	24	11
437	710	24	11
432	708	24	11
432	707	24	12
431	705	23	12
431	702	23	12
431	701	23	12
426	701	23	12
420	700	23	12
420	699	23	12
415	698	23	13
414	693	23	13
408	703	23	13
407	702	22	13
407	701	22	13
428	704	22	14
435	693	18	19
456	701	19	19
455	677	20	18
449	679	20	18
454	686	20	19
449	687	20	19
461	692	19	20
454	697	19	20
447	695	19	20
442	702	19	20
443	701	20	20
451	702	20	20
450	699	20	20
450	698	20	20
449	699	20	20
455	699	20	20
455	697	20	20
448	700	20	20
442	700	20	20
431	702	21	19
428	695	20	20
424	692	20	20
425	683	19	21
420	685	19	21
415	687	19	22
417	684	19	22
413	690	18	22
412	691	18	23
408	692	18	23
403	695	18	23
404	696	18	23
399	700	19	23
400	701	19	23
394	699	19	23
387	699	19	22
387	700	19	22
380	699	19	22
380	698	20	22
380	699	20	22
373	700	20	22
367	699	20	22
361	697	20	22
367	693	20	22
368	701	20	22
368	699	21	22
368	699	21	22
367	699	21	22
367	700	21	22
362	699	21	22
358	699	21	22
350	700	21	22
349	701	21	22
341	701	21	21
341	699	22	21
341	696	22	21
340	697	22	22
339	701	22	21
333	699	22	21
333	700	22	21
324	702	22	21
324	699	22	21
318	699	22	21
311	697	22	21
304	699	22	21
302	699	23	21
303	698	23	21
302	699	23	21
296	697	23	21
295	698	23	21
294	700	23	21
294	700	23	21
293	700	23	21
292	700	23	21
292	700	23	21
285	699	24	21
285	701	24	21
277	700	24	21
270	700	24	21
269	700	24	21
268	700	24	21
267	699	24	21
267	700	24	21
266	700	24	21
266	701	24	21
257	701	25	21
251	698	25	21
251	703	25	20
252	704	25	20
251	701	25	20
252	702	25	20
260	701	26	20
260	697	25	20
258	701	26	20
249	702	26	20
254	703	26	20
260	702	26	20
265	700	26	20
259	701	26	20
266	700	26	20
272	702	27	20
277	702	27	20
270	703	27	20
270	703	27	19
263	703	28	19
263	702	28	19
263	703	28	19
256	704	29	19
258	704	29	18
252	704	29	18
246	705	30	18
240	704	30	18
234	703	30	18
226	701	30	18
225	703	30	18
223	704	30	18
221	703	31	18
212	702	31	18
204	702	31	18
196	702	31	18
201	703	31	18
199	702	31	18
197	701	31	18
196	702	31	18
195	700	31	18
194	700	31	18
193	701	31	18
193	694	31	18
192	697	31	18
192	697	31	18
192	699	31	18
191	700	31	19
184	701	31	19
183	699	31	19
182	700	31	19
182	700	31	19
181	699	31	19
179	700	31	19
178	699	31	19
178	700	31	19
171	700	31	19
171	699	31	19
170	700	31	19
168	700	31	19
168	699	31	19
168	700	31	19
161	699	31	19
161	699	31	19
152	701	31	19
152	700	31	19
151	700	31	19
151	700	31	19
149	700	31	19
148	700	31	19
148	701	31	19
139	700	31	19
136	703	31	19
133	703	31	19
139	702	32	19
131	702	32	19
129	702	32	19
128	702	32	19
120	702	32	19
119	703	32	19
124	703	33	19
117	701	33	19
107	703	33	19
99	703	33	19
88	704	33	19
65	704	34	18
55	705	34	18
55	705	34	18
53	706	35	18
51	705	35	18
56	706	35	17
50	706	36	17
48	705	36	17
49	704	37	17
47	705	37	17
37	705	37	17
43	704	37	17
34	705	37	17
32	704	38	17
4	704	38	17
0	685	32	24
0	670	25	34
0	662	21	42
0	660	19	48
0	654	18	54
0	656	17	57
0	650	17	60
0	642	17	65
0	640	17	69
0	636	17	73
1	633	18	77
1	625	20	81
0	620	21	85
1	614	21	92
2	611	23	96
0	605	25	100
0	602	26	104
0	592	26	112
2	586	28	119
0	578	30	125
1	568	30	133
2	547	31	142
2	544	33	149
2	533	35	158
2	522	36	167
2	520	38	174
2	514	41	181
2	510	44	188
2	512	47	192
1	501	49	197
1	495	51	203
1	491	53	208
1	481	55	215
0	460	56	227
1	441	57	243
1	414	58	259
2	389	60	274
1	365	61	288
1	346	64	305
1	329	65	322
1	312	68	339
1	302	71	353
3	289	73	366
3	280	76	377
3	274	79	387
2	271	83	395
3	256	85	406
2	242	88	415
3	239	92	423
4	234	94	429
6	231	98	435
7	229	102	434
7	233	105	434
1	229	110	428
2	225	110	430
3	219	110	434
5	215	111	437
0	216	113	434
1	224	113	435
2	221	113	438
4	220	114	440
0	223	117	438
0	218	116	441
2	219	115	442
3	220	114	447
4	218	114	448
2	223	118	441
0	230	121	437
1	218	119	438
2	221	117	442
5	225	117	443
0	231	120	438
3	227	119	436
0	227	121	434
0	227	122	435
0	219	118	444
2	220	117	447
2	219	116	448
3	226	116	445
5	227	116	440
3	223	120	431
1	224	121	426
0	229	121	425
0	221	120	426
0	227	119	426
0	217	118	424
0	223	117	425
3	218	114	428
1	217	115	422
0	220	115	419
0	219	113	424
1	223	112	426
5	228	111	422
1	219	111	420
4	232	110	422
0	215	111	422
1	219	112	422
4	223	111	423
0	206	112	423
0	202	110	430
2	202	109	432
4	248	110	427
0	218	113	424
2	225	112	427
1	216	113	427
1	222	111	432
2	227	111	432
2	225	110	434
3	220	109	436
3	221	109	438
3	222	109	438
5	225	110	433
0	214	112	432
1	216	110	435
2	219	110	433
2	224	110	434
2	218	109	432
3	220	109	429
3	229	108	429
4	240	108	429
5	241	109	428
0	232	111	427
2	238	109	428
3	232	109	426
3	230	109	425
3	230	107	429
2	229	107	427
2	226	106	428
1	231	106	431
1	235	106	429
0	235	107	427
1	234	106	429
0	231	106	431
3	234	104	430
2	229	105	429
1	230	105	429
0	234	105	430
3	233	105	430
1	231	105	430
2	225	104	433
2	225	104	433
3	231	104	435
1	234	106	434
3	227	105	436
0	224	106	434
1	224	106	436
2	224	105	437
2	219	104	437
2	226	104	439
3	223	104	438
0	223	105	436
1	227	104	439
1	224	104	439
1	220	103	439
1	218	103	439
1	223	103	439
1	225	103	439
0	233	104	436
0	228	104	433
1	228	104	430
0	229	103	431
0	234	103	430
0	227	102	432
0	231	102	432
0	225	102	433
0	235	103	431
2	237	104	429
2	237	106	428
1	238	108	429
1	233	109	430
0	233	110	434
1	236	111	436
0	226	113	434
1	223	113	438
1	215	114	441
2	214	115	443
2	214	116	449
3	204	118	452
0	199	121	452
2	210	123	451
0	222	127	448
0	218	130	451
1	215	131	457
0	209	133	457
0	206	135	456
0	219	137	454
0	217	138	455
1	223	140	452
0	208	139	450
0	209	139	451
0	199	139	454
0	208	138	460
0	212	139	458
0	220	140	457
0	214	140	456
0	209	140	456
0	208	140	455
0	216	141	452
0	219	141	450
0	209	141	449
0	209	138	452
0	208	139	450
0	198	139	448
0	202	139	449
0	202	139	449
0	203	138	451
0	205	138	451
0	219	138	452
0	208	138	453
0	213	137	454
2	212	138	450
0	210	138	447
0	216	139	445
0	215	139	443
0	215	138	442
0	212	138	442
0	208	138	442
0	200	138	444
0	211	138	443
0	212	139	443
2	205	139	445
0	196	139	445
1	197	140	443
0	194	140	443
0	195	140	444
0	195	140	444
2	189	140	443
0	185	141	445
0	171	140	447
0	216	140	446
0	204	141	448
4	202	143	446
6	182	143	446
6	191	143	446
5	184	142	447
2	185	141	448
0	179	140	450
0	175	140	451
0	175	139	451
0	180	139	451
0	172	139	451
5	171	139	449
4	168	139	449
0	165	139	448
1	160	138	448
0	145	138	448
4	183	139	444
0	162	139	443
1	152	138	441
2	143	138	441
2	181	139	436
0	170	139	436
2	153	138	435
1	130	137	433
1	182	139	430
0	157	138	431
0	134	137	429
0	167	138	429
0	142	137	429
2	120	134	431
1	176	136	431
0	157	136	432
2	134	136	432
0	184	140	433
0	172	142	434
0	159	142	435
0	135	141	436
4	126	141	438
22	212	144	436
0	123	143	438
9	196	146	438
17	192	149	437
0	113	148	439
0	108	146	441
8	166	149	441
19	176	150	442
0	101	149	443
0	84	147	446
14	166	149	447
107	381	162	428
115	393	169	418
117	391	171	416
115	393	173	413
114	394	176	410
101	397	179	407
105	394	181	403
96	396	187	397
97	395	188	395
80	398	190	392
83	401	194	387
79	404	196	384
77	406	198	382
70	407	201	378
68	407	203	376
59	410	204	374
59	410	206	371
45	413	208	369
41	414	209	366
38	415	211	363
38	415	213	360
39	415	214	358
29	417	215	356
32	417	216	354
23	416	218	350
29	420	220	348
19	420	222	344
21	423	225	338
23	421	228	332
4	430	229	329
13	431	234	319
1	441	237	306
1	444	238	295
0	446	239	286
0	449	238	280
0	453	230	274
14	450	225	272
0	452	214	270
5	457	205	265
12	457	191	262
20	455	174	263
27	459	158	262
31	457	144	262
34	456	132	263
35	456	123	264
36	455	117	265
34	454	113	266
32	454	110	266
30	457	108	265
26	458	108	264
22	460	108	262
19	462	108	260
17	462	107	259
13	462	107	259
8	462	108	259
7	460	107	259
5	459	106	260
4	458	104	260
2	458	101	261
0	455	99	262
0	454	96	263
0	449	94	267
0	446	90	271
0	438	87	277
0	439	83	281
0	438	80	283
0	437	77	283
0	437	74	285
0	438	71	286
0	435	67	286
0	422	65	282
162	301	111	231
310	497	112	228
307	494	113	226
308	496	115	225
303	495	116	223
300	491	118	222
297	496	118	221
296	494	119	220
289	495	118	220
292	490	119	220
115	305	142	202
93	321	174	170
92	328	201	147
54	340	221	126
55	344	230	118
69	341	240	111
31	347	246	103
36	348	253	98
64	345	264	93
14	351	262	93
30	348	271	89
0	353	268	89
15	348	270	88
119	337	274	85
35	339	276	86
167	327	276	86
116	331	278	86
15	337	279	86
128	325	279	86
0	343	276	87
4	338	276	87
6	335	275	88
6	336	273	89
11	331	273	89
86	320	277	88
123	313	277	88
4	335	277	88
95	318	273	87
110	313	267	87
109	309	266	88
117	306	266	88
106	307	266	88
93	308	264	89
93	304	263	88
97	303	263	89
82	306	262	89
85	298	255	91
83	300	254	91
80	297	254	91
84	297	255	91
64	295	256	90
62	291	257	90
58	293	258	91
47	291	258	91
49	289	258	91
36	287	260	91
178	266	264	91
28	285	264	92
24	280	265	92
19	280	267	92
15	281	269	92
6	277	269	94
9	277	270	95
12	275	270	95
7	274	273	95
16	272	275	95
0	275	274	95
5	271	274	96
9	271	274	96
0	272	273	96
4	270	273	96
123	246	276	96
0	271	272	97
0	267	269	98
0	266	264	100
0	265	262	101
0	263	258	102
0	259	253	104
0	266	244	107
0	262	238	108
0	258	233	109
0	258	230	110
0	259	226	110
1	257	224	109
0	261	220	110
0	260	218	109
0	261	213	110
0	260	212	110
0	260	205	110
1	262	203	109
0	264	199	110
10	266	198	109
0	264	194	107
0	262	191	105
0	266	185	105
0	268	181	105
0	272	177	107
0	274	175	107
0	272	170	106
1	278	167	107
0	273	163	106
0	271	159	105
0	268	158	103
0	278	155	103
0	275	152	103
0	277	149	103
6	274	146	104
0	279	143	105
1	277	141	105
0	280	137	105
2	276	133	105
0	281	128	105
3	280	126	105
9	281	118	105
6	281	113	104
3	278	111	99
11	279	104	96
9	280	100	92
13	281	95	89
6	283	94	86
12	283	90	85
7	284	88	84
5	284	87	83
3	284	86	83
1	284	85	82
0	284	84	82
0	285	83	81
0	285	81	81
0	285	78	81
0	286	76	81
0	286	73	81
0	287	71	81
0	287	68	81
0	287	66	81
0	289	63	80
0	290	60	79
0	293	57	77
0	298	54	75
0	298	51	74
0	295	48	75
0	296	45	76
0	302	43	75
0	293	39	78
0	295	36	80
0	297	34	80
0	294	31	83
0	293	29	84
0	295	26	86
0	297	23	88
0	290	21	90
0	292	20	93
0	292	19	94
0	292	19	96
1	306	20	100
2	304	21	103
1	317	22	106
1	317	23	108
0	332	24	110
0	347	24	114
1	359	25	117
1	363	26	118
1	362	27	120
0	365	27	121
0	367	27	124
1	369	27	126
0	367	27	129
0	381	28	132
0	376	28	134
0	392	28	137
85	304	40	122
78	319	50	107
70	334	57	97
65	347	61	93
58	368	64	88
53	382	66	86
47	399	68	84
44	415	68	83
39	433	69	82
30	453	70	81
25	473	70	81
16	492	72	81
6	509	76	81
3	527	76	82
0	548	75	83
0	566	71	84
0	583	66	85
0	600	61	86
0	613	55	88
0	623	50	92
0	625	45	94
0	611	42	99
0	558	39	106
0	536	36	116
0	532	34	125
0	533	34	130
0	527	34	137
0	531	36	141
0	525	36	144
0	525	37	147
0	522	38	151
1	518	39	153
4	536	42	152
3	526	43	152
53	629	61	135
41	638	83	116
25	646	101	98
21	654	119	81
19	659	129	73
11	662	140	65
21	666	149	60
