747	457	11	37
748	458	11	36
748	458	11	36
749	459	12	36
749	458	12	35
747	458	12	35
746	459	13	35
744	459	13	35
741	459	13	35
738	460	13	35
733	460	13	35
728	461	13	36
724	461	13	36
718	461	13	36
713	462	14	36
704	462	14	36
699	462	14	36
693	463	14	36
687	463	14	36
681	464	14	36
674	464	14	36
668	464	14	35
663	465	14	36
657	464	14	36
652	465	14	35
646	466	14	35
640	466	14	35
636	466	15	35
631	467	15	35
627	467	15	35
620	467	15	35
617	468	15	35
612	468	16	36
608	468	16	36
604	468	16	36
599	468	17	36
596	468	17	36
592	469	17	36
589	470	17	36
587	470	16	36
584	471	16	36
583	471	16	37
582	472	16	37
580	473	16	37
580	473	16	37
579	473	16	38
580	473	16	38
580	473	16	37
580	473	16	37
582	474	16	37
585	474	16	38
585	475	16	37
588	475	16	38
591	476	16	38
593	476	16	37
596	476	16	37
599	477	16	37
602	477	16	37
604	477	16	38
607	476	17	38
611	476	17	38
614	478	17	38
616	477	17	38
619	477	17	38
622	478	17	38
626	478	17	38
629	479	17	39
631	479	17	39
634	480	17	39
637	480	17	39
641	481	18	40
645	481	18	40
647	481	18	40
649	482	19	40
652	482	19	40
656	483	19	40
657	483	20	40
660	485	20	41
662	485	21	41
664	486	21	41
667	485	21	41
667	486	22	41
667	486	23	42
665	486	23	42
662	488	23	41
659	488	24	41
654	488	24	41
649	490	24	41
643	489	25	40
637	491	25	40
629	491	25	40
622	491	25	40
616	492	26	40
609	492	26	40
601	493	27	40
591	493	27	39
584	494	27	39
577	495	27	40
570	496	27	40
562	497	27	40
553	498	27	40
546	499	28	40
539	499	28	40
534	501	28	40
528	502	28	40
520	503	28	41
514	504	28	41
511	505	28	42
507	505	28	42
502	507	28	42
497	508	28	43
494	510	29	45
490	510	29	45
486	511	30	46
484	512	31	47
480	513	31	48
476	512	31	47
472	513	31	47
470	514	31	47
467	514	31	47
463	515	30	47
458	515	30	47
455	516	30	48
450	517	30	47
446	516	30	47
442	518	30	47
437	517	29	46
432	519	29	46
428	520	29	46
423	521	28	46
418	520	27	46
414	522	26	47
410	523	25	47
407	523	25	47
402	525	24	47
397	526	24	48
394	527	24	48
391	528	24	48
388	528	25	48
385	529	25	48
382	530	26	49
379	530	27	49
377	531	28	50
377	533	28	50
376	533	28	51
375	534	29	51
375	536	28	52
377	537	29	53
378	538	29	54
379	538	29	55
383	539	29	55
386	538	29	55
388	539	29	54
392	540	29	55
396	540	28	54
400	540	28	54
405	539	27	54
409	538	27	54
412	539	27	54
416	539	27	54
421	539	27	53
423	539	27	53
426	539	26	52
430	539	26	52
431	539	27	52
435	540	27	52
437	541	27	52
440	540	28	52
441	540	28	51
445	541	29	51
447	540	29	51
448	540	30	51
450	540	31	51
451	541	31	51
454	541	31	51
457	541	31	51
461	542	31	52
465	541	31	53
468	540	31	52
471	540	31	52
477	538	30	52
482	536	30	52
486	535	30	51
491	533	30	51
497	532	29	50
503	530	29	49
507	528	29	48
513	527	28	48
518	527	28	48
523	526	27	48
529	526	27	49
535	526	27	51
538	524	28	51
544	524	27	52
547	522	28	51
554	520	28	50
559	520	28	49
562	518	29	49
568	516	29	49
571	514	29	48
577	511	29	49
581	510	30	49
584	509	31	50
589	508	31	50
592	505	31	50
597	505	30	50
602	504	29	50
606	504	28	50
610	505	28	50
612	504	27	48
617	503	27	47
622	504	26	45
625	504	26	44
628	503	27	44
633	503	27	43
637	500	28	44
640	499	28	44
643	497	29	44
647	497	29	44
650	495	29	44
653	494	29	44
656	493	29	45
659	492	29	44
662	492	29	44
664	492	28	43
669	490	28	43
671	489	28	42
675	488	29	42
677	488	29	41
679	486	30	40
683	485	31	40
686	484	31	40
687	482	31	40
690	481	31	39
692	480	31	39
694	477	31	39
697	476	31	40
698	476	30	41
701	474	30	41
703	473	30	41
706	473	30	41
706	473	29	41
709	473	28	41
711	472	28	42
713	472	27	42
716	472	27	42
718	472	26	43
720	472	26	43
722	472	26	44
723	473	25	44
727	473	25	44
728	474	24	44
730	474	24	45
733	474	23	45
734	475	23	45
738	476	23	45
739	476	23	45
741	476	23	45
744	476	23	45
746	476	23	45
748	476	23	46
751	476	23	46
752	477	23	45
754	476	23	45
755	477	23	45
758	477	23	45
758	477	23	45
757	477	23	45
756	477	23	45
754	478	24	45
747	477	24	44
742	477	23	45
735	476	23	44
728	477	23	44
719	476	23	44
710	477	23	44
700	476	24	44
690	477	24	45
683	477	24	45
673	477	23	45
662	477	23	45
654	478	23	45
646	477	23	44
637	478	23	44
631	478	24	44
623	477	23	44
618	477	23	43
613	478	23	43
607	477	23	43
601	477	24	43
597	477	23	44
593	478	23	44
590	477	23	44
586	478	23	43
584	478	23	43
580	478	23	43
578	478	23	43
576	477	23	43
573	477	23	43
572	478	23	43
569	478	23	43
567	478	23	43
566	478	24	44
565	478	23	44
562	478	23	43
560	478	23	43
558	478	23	43
556	478	23	42
555	478	23	42
552	479	23	42
550	478	23	42
547	478	23	42
545	477	22	42
542	477	22	42
541	477	22	42
537	478	22	42
534	478	23	42
532	477	23	42
530	476	22	42
528	477	22	42
526	477	22	42
523	476	21	42
521	476	21	43
519	476	22	43
515	476	22	43
513	475	21	43
510	476	21	43
508	476	21	43
506	476	22	43
505	476	22	43
502	476	22	43
499	476	22	43
497	476	23	42
498	476	23	42
496	475	22	42
496	476	22	42
495	474	22	41
494	475	22	42
493	475	22	42
493	474	21	41
494	475	21	41
492	475	21	41
493	475	21	41
493	475	21	41
492	476	21	41
492	476	21	41
492	476	21	41
492	476	21	41
490	476	22	41
489	477	21	41
490	478	22	41
489	477	21	42
489	478	21	42
489	478	21	42
487	479	21	42
488	479	21	41
487	480	21	41
487	480	21	41
486	480	21	41
486	480	21	41
485	480	21	41
485	480	21	41
485	480	21	41
484	480	21	41
484	480	20	41
483	481	21	41
483	481	21	40
482	481	21	41
482	481	21	41
481	481	22	41
479	481	22	41
479	481	22	41
480	482	22	41
478	482	21	41
478	482	21	40
477	483	21	41
477	483	21	40
476	484	21	40
475	483	21	40
475	484	21	40
474	484	21	40
473	484	21	40
472	485	22	40
472	486	22	40
471	485	22	40
471	486	22	39
470	485	21	39
469	487	22	38
468	487	21	38
468	488	22	38
467	488	22	38
465	489	22	37
466	489	22	37
464	491	23	37
463	491	23	37
462	492	23	36
462	493	23	36
461	494	23	35
460	495	23	35
459	496	24	35
458	497	24	35
456	497	24	35
456	499	24	36
455	500	24	36
454	500	25	36
453	500	25	36
451	501	25	36
451	503	26	36
449	503	26	35
449	504	27	35
447	505	28	35
445	505	28	35
444	508	29	34
443	508	29	34
443	509	30	33
440	510	30	33
440	512	31	32
439	512	32	32
438	512	32	32
437	514	32	32
435	514	33	32
433	515	33	31
433	517	33	32
432	516	34	31
431	517	34	31
430	518	35	30
428	518	35	31
427	518	35	31
426	521	35	32
425	520	35	32
423	520	35	32
423	521	35	32
422	522	35	33
421	522	36	33
420	523	35	33
419	524	35	33
418	523	36	32
416	526	36	33
415	526	36	34
414	527	36	35
413	527	36	36
412	527	37	35
411	528	37	36
410	528	37	36
409	529	38	35
408	531	37	37
407	530	38	36
407	532	38	36
407	533	39	35
404	533	37	36
403	536	36	37
404	534	36	37
402	536	36	36
403	537	37	36
401	538	38	36
400	539	39	36
399	540	39	37
399	540	40	37
397	541	39	38
396	543	40	37
395	543	40	38
394	544	40	38
393	545	39	38
392	545	38	38
391	546	38	39
391	548	36	39
391	548	35	39
390	549	35	39
389	550	33	39
388	547	32	40
388	542	32	41
387	538	31	41
386	531	30	41
384	517	29	41
382	501	29	41
381	482	29	41
379	467	28	41
376	452	28	41
376	438	28	41
373	422	28	41
370	399	28	41
368	355	29	42
365	306	29	43
364	257	30	44
361	210	30	44
357	157	31	45
354	123	31	45
352	97	31	45
349	74	31	45
347	57	31	46
344	37	31	47
341	25	31	47
339	18	32	47
337	13	32	48
335	10	32	48
333	8	32	48
331	8	32	48
330	8	32	48
329	9	32	49
325	10	32	49
324	10	32	50
322	10	31	50
320	11	31	50
319	12	31	50
317	13	31	50
314	14	31	50
312	18	31	50
310	22	31	50
308	29	31	50
307	38	31	50
306	54	32	50
304	66	32	50
303	83	31	50
301	104	31	50
302	129	31	49
301	161	31	50
299	181	30	50
297	201	30	49
295	219	30	49
293	231	30	48
290	245	29	48
287	254	29	48
284	260	28	48
281	266	28	48
279	269	28	48
274	273	28	48
271	277	28	48
268	280	28	48
265	283	27	48
262	286	27	48
258	290	28	48
255	293	28	48
252	295	28	48
249	295	27	48
245	296	27	48
241	299	27	48
238	299	27	48
235	301	28	47
232	306	28	47
229	310	28	47
224	315	28	46
221	320	28	46
218	324	28	45
215	328	28	45
214	331	29	45
208	335	29	44
205	339	29	44
202	343	28	43
199	346	28	43
196	350	28	42
192	354	29	41
188	356	29	40
187	360	29	39
183	362	30	38
181	366	31	37
178	370	32	37
173	371	32	37
171	371	34	36
169	371	35	35
166	369	36	35
162	368	38	35
160	367	39	34
157	365	38	33
154	363	39	33
153	362	39	33
149	360	39	32
147	357	38	31
147	355	39	30
146	352	37	29
148	351	37	28
147	347	37	27
151	346	37	26
153	345	36	26
154	339	35	26
156	338	34	26
162	335	31	26
165	332	30	26
168	329	29	26
172	328	27	26
177	325	26	26
184	322	26	27
188	321	25	28
193	319	26	30
197	317	26	31
201	315	27	32
206	313	28	34
210	310	30	35
211	308	32	35
217	305	32	36
221	303	34	37
223	300	33	38
227	297	31	38
236	294	30	38
238	293	29	38
240	290	32	36
241	289	35	32
244	287	39	30
246	285	42	28
249	289	44	28
251	289	45	28
257	290	45	29
264	290	42	32
269	293	39	33
275	294	35	36
279	295	31	37
283	298	29	37
285	301	28	36
285	306	27	35
289	311	28	31
290	317	30	28
292	326	32	25
293	330	32	25
293	333	31	26
295	338	29	28
297	342	27	31
298	347	26	32
299	350	25	32
300	353	24	32
300	357	23	31
302	359	24	30
302	364	24	29
301	366	24	28
303	369	24	27
302	373	24	26
302	376	23	25
303	379	23	25
304	381	22	24
305	382	22	24
305	383	22	25
307	384	21	25
308	385	21	25
308	386	21	26
310	387	21	26
311	388	20	27
311	388	20	28
314	388	19	29
314	388	19	29
315	387	19	30
317	387	19	30
317	387	19	31
319	387	19	31
319	387	19	31
319	387	19	31
320	387	20	32
320	387	20	32
320	388	20	32
321	389	20	33
320	388	20	33
321	388	20	33
319	386	20	34
318	383	20	35
317	379	20	35
318	374	20	36
318	370	20	36
319	367	21	36
317	363	21	36
317	360	22	37
316	358	22	38
317	354	22	38
315	354	22	38
316	355	22	38
314	355	22	38
313	356	21	38
314	358	21	37
314	358	20	37
314	361	20	36
314	361	20	36
314	362	20	36
313	363	20	37
313	363	20	36
314	365	20	36
314	365	20	35
315	366	20	35
315	369	20	35
315	368	20	35
317	371	20	35
317	372	20	34
318	373	20	34
319	374	19	34
320	375	20	33
321	377	21	33
323	377	21	33
324	378	21	32
326	379	21	32
327	381	21	32
330	381	21	32
332	382	21	32
334	383	21	33
336	383	21	34
339	383	21	34
342	383	21	34
345	384	21	34
348	384	22	34
351	384	22	34
354	385	22	35
360	386	22	35
364	386	22	36
369	386	22	36
371	386	22	36
376	387	23	36
381	385	23	36
385	384	23	36
387	384	23	36
391	383	23	36
395	382	23	36
400	380	23	37
403	379	23	37
407	378	24	38
410	377	24	39
414	376	24	40
418	376	24	40
422	376	25	40
426	375	24	40
430	376	24	40
434	377	24	41
438	377	24	42
443	376	25	42
446	376	25	42
450	376	26	42
454	375	26	42
459	375	26	42
463	376	26	43
468	376	26	43
472	376	26	44
476	376	26	44
481	377	26	44
484	376	26	44
489	377	26	44
492	377	26	45
496	376	26	45
500	376	26	44
502	377	26	44
505	376	26	44
508	376	27	44
511	376	27	44
513	376	27	44
515	376	27	44
517	376	28	45
518	376	28	45
520	377	28	46
521	377	28	45
523	378	29	46
524	377	28	46
525	378	28	46
525	377	28	46
525	377	28	45
524	379	29	45
524	378	29	44
523	379	30	44
521	379	30	44
517	379	30	45
514	380	30	45
512	381	30	45
508	381	30	45
505	382	31	46
499	383	30	46
494	383	30	47
489	384	30	47
484	385	30	47
478	385	30	47
471	387	30	48
465	387	30	48
461	388	31	48
454	389	31	48
449	388	32	47
442	390	32	48
436	391	33	47
431	392	33	47
426	393	33	47
419	393	34	47
412	393	34	47
410	392	34	47
408	392	35	47
405	391	36	48
402	391	36	48
399	391	37	48
395	391	37	48
392	391	37	48
389	391	37	48
386	392	38	49
381	391	37	49
378	391	38	49
374	391	39	48
370	391	40	48
366	391	41	48
360	389	42	47
355	388	43	47
350	386	44	47
345	384	45	47
340	383	46	48
332	382	46	49
325	381	46	49
320	381	47	50
314	381	47	51
308	385	47	51
302	386	47	52
299	388	47	52
296	391	47	53
296	394	47	53
299	398	47	53
303	401	47	54
308	405	47	55
314	408	48	55
321	410	48	56
329	413	49	56
344	416	48	56
355	420	48	56
366	422	47	57
376	426	46	57
386	429	46	57
398	432	45	57
411	433	43	57
431	433	42	58
455	434	40	58
472	433	39	58
497	432	38	59
513	433	37	59
527	433	36	60
536	434	35	60
546	434	33	61
557	433	31	61
563	430	29	61
569	425	27	61
575	422	25	60
580	416	24	60
587	408	23	60
593	404	23	60
599	399	22	60
602	396	22	60
601	394	23	60
602	392	24	60
603	394	25	60
604	396	25	60
604	396	26	59
604	397	27	60
606	395	27	61
606	393	29	62
609	391	30	63
611	390	30	64
613	388	30	64
615	388	31	64
618	387	32	64
621	388	33	64
624	387	34	63
627	388	35	63
631	388	34	61
636	389	34	62
639	389	34	61
645	387	34	60
650	388	35	60
655	387	35	59
658	387	34	59
659	387	32	59
660	388	32	59
657	387	32	58
655	387	32	57
652	385	33	57
650	386	34	56
647	387	34	56
649	385	34	55
645	383	35	56
645	385	36	55
643	385	36	56
644	383	36	57
644	385	36	58
643	385	38	59
642	383	40	58
644	381	42	57
646	379	39	57
649	378	36	57
652	375	34	57
654	378	34	55
657	379	33	53
661	379	31	52
664	376	30	51
670	373	29	51
673	371	28	50
677	368	28	50
681	364	27	50
683	361	27	50
689	359	27	51
695	355	27	51
698	352	26	51
703	349	25	50
708	347	25	49
713	344	25	49
716	342	25	49
720	341	25	49
723	338	26	50
727	336	25	50
733	333	26	48
738	332	25	48
741	331	25	47
746	331	24	47
750	329	24	47
755	328	24	47
758	327	24	46
762	326	24	46
767	326	25	47
770	325	25	47
776	326	25	47
780	324	25	48
783	323	25	48
786	322	25	48
790	321	25	48
796	319	25	48
800	319	26	47
803	317	26	47
807	317	26	47
812	315	26	47
816	312	27	47
819	312	26	48
823	310	26	48
826	308	26	49
829	306	26	49
833	304	27	49
835	302	26	49
838	301	26	49
841	298	26	49
843	297	27	48
846	296	26	49
848	294	26	49
848	294	26	50
848	292	27	51
848	290	26	51
849	289	26	51
850	288	26	51
851	288	26	50
851	286	27	51
852	286	27	51
851	285	27	51
852	285	28	52
851	285	28	52
852	284	27	52
852	284	27	52
853	286	27	51
854	287	28	51
854	289	29	52
853	290	29	52
854	293	30	51
854	297	30	51
854	299	31	51
854	302	30	51
854	305	29	51
855	309	28	51
856	311	28	51
857	313	28	51
857	316	28	51
858	317	29	51
858	320	29	51
858	323	29	51
860	324	29	51
862	323	28	51
863	324	27	51
864	324	27	51
865	324	27	50
864	323	27	50
864	324	26	50
864	324	26	50
864	324	26	49
864	324	26	49
865	324	26	48
864	325	26	49
862	324	26	48
860	324	26	48
858	324	25	48
855	324	25	48
853	324	26	48
851	324	26	48
847	324	26	48
843	326	26	48
840	326	26	48
837	325	26	48
833	327	26	47
830	328	26	47
826	330	26	47
822	330	26	47
817	331	26	46
812	333	27	46
807	334	27	47
800	336	27	47
795	337	28	47
791	338	28	46
785	340	28	46
781	342	28	46
774	343	28	46
769	346	28	46
764	346	28	46
759	348	27	46
754	350	28	46
751	350	28	45
748	351	28	45
746	351	29	44
744	351	29	44
742	352	29	45
739	351	29	45
736	352	29	45
734	352	29	44
731	351	30	44
728	352	30	44
723	353	30	44
719	353	30	44
715	353	31	44
710	352	31	45
707	354	32	44
701	354	32	44
696	355	32	43
691	356	33	43
687	356	34	44
681	356	34	44
676	358	34	44
671	358	35	44
665	359	34	44
660	359	35	44
654	361	35	44
646	361	35	44
640	362	35	44
635	362	36	45
627	363	36	45
622	363	36	45
613	365	36	45
607	365	36	45
600	366	36	45
593	367	36	44
587	368	36	44
578	369	36	44
571	370	37	44
568	371	38	45
562	371	38	45
558	372	38	45
553	374	38	46
549	375	39	47
544	377	40	48
540	378	40	48
535	379	40	48
529	381	41	48
524	383	42	48
519	384	42	47
513	386	43	47
509	387	44	48
502	390	45	48
496	391	46	48
491	392	46	48
484	393	47	49
479	393	47	49
469	395	48	49
462	395	48	49
453	395	48	49
444	395	48	50
437	395	48	50
425	394	48	51
415	393	49	52
407	392	48	52
399	388	48	52
390	384	48	52
378	378	48	52
368	377	47	52
360	373	47	52
353	369	47	52
344	367	47	52
334	365	47	51
325	362	47	51
317	359	47	52
310	357	47	52
302	356	46	53
296	361	46	53
292	362	44	54
289	364	43	54
288	366	43	53
283	366	42	54
281	368	42	53
276	366	42	53
274	364	43	54
271	363	43	55
268	360	44	57
264	354	45	61
261	349	46	64
259	343	47	66
257	337	48	68
255	330	50	70
254	319	52	73
250	311	53	75
250	303	54	77
249	295	56	80
248	287	59	81
245	280	61	82
242	275	61	82
245	271	62	81
246	269	65	78
240	265	64	75
239	261	64	70
238	261	65	66
237	260	67	65
233	255	68	63
231	254	68	64
230	244	67	65
230	243	66	66
231	243	66	68
230	244	64	70
233	247	64	73
236	251	64	76
243	254	64	80
247	257	65	83
245	259	65	89
251	263	67	94
256	268	68	100
255	264	74	99
258	277	77	109
260	275	80	115
265	278	82	118
276	283	85	116
281	287	90	112
293	292	97	108
309	294	103	104
309	290	103	100
321	289	102	98
336	284	102	97
348	277	101	96
362	272	104	96
369	263	106	96
381	253	105	96
394	245	106	95
407	239	107	93
420	231	110	90
427	222	112	89
443	209	110	87
454	201	114	86
470	192	111	86
486	183	113	85
498	177	114	85
512	169	112	85
528	165	113	83
535	161	108	84
554	159	107	83
565	158	105	81
581	155	104	80
591	151	101	80
603	148	99	79
611	144	99	79
617	140	98	79
634	132	95	80
638	127	90	82
649	122	88	83
665	113	85	84
680	104	85	86
697	97	83	88
710	103	84	84
714	110	93	74
723	108	96	68
732	104	92	66
743	107	90	65
752	102	86	66
765	96	85	65
773	98	81	67
785	93	80	66
792	133	76	70
798	161	74	71
807	194	73	72
813	231	71	74
817	263	72	73
823	307	73	73
826	341	76	69
831	384	76	72
844	420	72	77
846	457	73	79
