376	280	18	11
387	285	17	11
387	285	17	11
387	285	17	11
387	284	17	11
388	286	17	10
388	285	17	11
388	285	17	11
387	286	17	11
387	285	18	11
388	285	17	11
387	286	18	11
388	286	17	11
388	286	17	11
388	286	17	11
388	286	17	10
389	287	17	10
388	287	17	10
388	287	17	10
388	287	17	10
388	287	17	10
388	288	17	10
389	287	17	10
388	288	17	10
388	288	17	10
388	289	17	10
388	288	17	10
388	289	17	10
388	290	17	10
388	289	17	10
389	289	17	10
388	290	17	10
388	290	18	10
388	290	18	10
387	290	18	10
387	290	18	10
387	291	18	10
387	291	18	10
387	292	18	10
386	291	18	10
386	292	18	10
387	292	19	10
386	292	19	10
385	293	19	10
385	293	19	10
385	293	19	10
385	294	19	10
385	293	19	11
385	293	19	11
384	294	19	11
383	294	18	11
383	294	18	11
383	295	18	11
383	295	19	10
382	295	19	10
381	294	19	11
381	295	19	11
381	296	19	11
380	296	19	11
380	296	20	11
379	296	20	11
380	296	20	11
379	296	20	11
379	298	20	11
378	297	20	11
378	297	20	11
377	298	20	11
376	297	20	11
376	297	20	12
376	298	20	12
375	298	20	12
375	298	20	12
374	298	20	13
373	298	21	13
374	298	21	13
373	298	21	13
373	298	21	13
372	298	21	13
372	299	21	13
371	299	21	13
371	299	21	13
370	300	21	13
370	301	21	13
369	300	21	13
368	302	21	12
368	302	21	12
368	301	21	12
368	301	21	13
368	300	21	13
368	301	21	14
368	301	21	14
368	302	22	14
367	301	22	14
368	301	22	14
368	301	23	14
368	302	23	14
369	301	23	15
368	301	23	15
368	302	24	15
369	302	24	14
369	302	26	14
370	302	26	15
370	302	27	15
370	301	27	15
372	301	28	15
373	302	28	15
373	301	29	16
373	302	30	16
377	302	29	16
379	302	29	16
382	302	28	16
384	302	27	16
385	302	27	15
387	302	28	15
388	302	29	15
390	302	30	16
391	302	32	16
391	302	33	16
392	302	35	16
393	302	36	16
397	301	37	16
398	302	39	16
401	302	39	16
402	302	40	16
405	301	40	16
409	301	41	16
412	302	41	16
414	302	42	16
417	301	42	16
421	301	42	17
424	301	43	17
427	301	43	17
430	301	43	17
433	301	44	17
436	301	45	17
440	301	45	17
443	301	45	17
448	301	46	17
449	301	46	18
455	301	47	18
458	301	48	18
462	301	48	18
465	301	48	18
468	301	49	18
472	301	49	18
478	302	49	19
480	301	49	19
484	301	50	19
488	301	50	19
491	301	50	19
496	302	51	19
500	302	51	19
504	302	51	19
507	302	51	19
511	302	51	19
515	303	52	19
520	303	51	19
522	303	52	19
527	303	52	19
529	303	52	19
535	303	51	20
537	303	51	20
540	303	52	20
543	304	52	20
547	304	52	20
549	305	51	20
553	305	50	20
555	305	49	20
557	305	49	20
559	305	48	21
562	306	47	21
563	306	47	21
565	306	46	21
567	307	46	21
569	308	45	21
570	309	45	21
571	310	45	21
572	310	44	21
572	310	44	21
572	310	44	22
574	312	43	22
574	311	43	22
575	312	42	22
575	312	42	23
574	312	42	23
574	313	41	23
573	313	40	24
573	314	39	24
574	313	38	24
573	314	38	25
572	316	37	25
573	316	37	25
572	316	36	25
570	318	36	25
569	318	35	25
566	319	35	26
563	319	35	26
561	320	35	26
558	320	35	26
555	320	36	27
551	321	37	28
547	321	37	28
544	322	38	28
539	323	39	29
536	323	40	29
530	324	41	29
525	325	42	29
521	326	42	30
516	327	43	30
512	327	43	30
506	328	44	30
501	329	44	31
497	330	45	31
492	331	45	31
489	332	45	32
483	333	46	32
480	334	46	32
476	335	46	32
473	336	47	33
471	337	47	33
466	338	47	34
464	339	47	34
461	339	48	35
458	340	47	35
456	342	47	35
454	343	48	36
452	344	48	36
451	345	48	37
449	346	48	37
448	346	48	37
447	348	47	38
446	349	48	38
444	350	48	38
443	351	50	38
441	352	52	38
438	354	54	39
434	354	56	39
430	355	57	40
428	356	58	41
425	357	60	41
423	358	62	41
420	359	65	42
418	360	67	42
416	361	69	43
415	362	71	43
413	363	74	44
411	365	76	44
410	365	79	44
409	367	81	44
409	368	83	44
407	369	87	44
408	370	89	44
408	372	92	45
409	372	94	45
411	373	97	45
413	373	99	45
415	374	102	46
416	375	105	46
417	375	109	46
421	375	111	46
425	376	112	46
428	376	115	46
429	376	117	46
432	377	119	46
434	377	120	46
436	377	123	46
437	378	125	47
440	378	128	47
442	377	129	48
446	378	131	48
449	378	133	48
453	378	134	48
457	377	136	49
460	377	137	49
464	377	138	49
470	376	139	49
473	376	141	50
478	376	142	50
483	375	143	50
488	376	144	50
494	375	145	51
498	374	147	51
503	374	148	51
507	375	149	51
512	375	150	51
517	374	151	51
521	374	153	51
526	374	153	52
531	374	154	51
536	373	155	51
542	373	155	52
546	372	156	52
548	373	156	52
552	371	157	52
553	370	157	53
557	368	158	53
559	368	158	53
562	368	158	53
564	367	158	53
566	367	159	53
570	366	158	53
572	365	158	53
574	365	158	53
575	364	159	54
577	363	160	54
579	363	160	54
580	362	160	54
582	362	160	54
586	364	163	54
584	363	160	56
588	363	160	56
589	363	160	56
590	363	159	56
593	363	161	56
592	362	160	56
593	362	160	56
594	362	159	56
595	362	159	57
587	363	163	56
592	363	162	56
592	364	160	56
590	363	160	57
589	364	160	57
585	365	161	57
583	367	162	56
582	369	161	56
578	368	162	57
575	369	162	58
573	370	162	59
568	372	162	60
563	371	162	61
559	372	163	62
556	374	163	63
552	376	164	63
547	377	164	64
544	380	164	64
540	382	164	64
538	384	166	65
536	385	166	66
534	387	168	66
531	389	169	67
530	392	171	67
528	393	172	68
524	394	174	69
522	396	175	70
518	399	177	71
515	401	179	71
512	404	181	72
510	404	183	73
508	406	184	73
503	410	187	74
501	412	189	74
498	415	191	74
495	418	193	73
490	420	195	74
485	422	197	75
480	423	199	76
475	425	201	76
470	425	202	76
464	427	204	77
455	429	205	77
445	428	206	77
436	429	208	77
426	430	209	77
414	431	211	76
399	432	212	76
388	432	214	77
377	434	215	77
365	433	217	77
351	435	219	77
337	437	221	77
325	436	222	78
313	438	224	78
300	440	226	78
289	438	227	80
278	441	228	80
269	440	229	81
263	440	230	82
258	440	231	83
255	440	231	83
254	439	231	83
257	437	236	83
256	436	237	84
256	434	235	85
260	432	233	85
262	432	232	86
266	431	230	86
267	430	230	86
269	429	229	87
269	428	227	87
272	426	226	87
262	427	232	87
273	424	228	87
273	422	224	87
272	421	222	86
267	417	221	86
264	416	219	86
260	414	219	86
254	413	218	86
249	410	217	86
241	409	217	85
236	407	216	84
230	407	215	84
225	404	214	84
220	403	213	83
212	401	212	82
207	400	212	81
202	398	211	81
197	398	210	80
193	396	209	79
188	395	209	79
184	396	208	78
179	395	208	77
177	395	208	76
172	394	207	75
167	392	208	75
164	391	208	74
159	391	208	73
155	391	210	73
150	391	209	73
143	391	207	74
141	392	208	74
136	391	208	74
132	392	207	74
128	393	208	74
122	393	209	75
120	396	208	75
108	398	212	75
105	397	212	75
101	398	213	76
93	403	213	77
89	404	214	77
84	406	214	78
80	411	214	78
77	415	214	79
73	420	214	80
69	424	214	80
66	429	216	80
63	432	217	81
60	436	218	82
57	440	219	83
56	444	220	83
56	448	222	83
58	453	223	83
60	457	224	83
65	462	224	82
67	466	224	82
72	470	224	82
78	473	223	82
83	476	224	81
90	482	224	81
95	483	222	81
100	485	222	81
108	487	220	80
114	488	219	79
123	491	218	78
130	491	218	77
134	491	218	77
139	490	217	77
145	491	215	76
151	489	214	76
156	490	213	76
159	488	212	76
164	486	211	76
167	485	210	76
172	485	209	76
167	483	212	76
175	484	207	76
174	482	205	76
173	481	204	76
170	480	204	76
168	480	204	76
167	477	202	76
166	475	201	76
165	473	200	76
163	470	198	75
164	466	198	75
163	463	197	74
162	460	196	73
162	459	195	72
160	455	194	72
161	454	193	71
161	452	192	71
161	451	191	71
160	449	191	70
162	450	189	69
162	449	188	69
163	448	188	68
165	447	188	68
166	444	186	68
171	443	186	68
172	441	184	68
174	440	184	68
177	440	183	68
179	439	182	68
182	441	180	69
185	442	179	70
188	443	178	72
192	445	176	73
189	445	179	73
197	447	177	73
200	449	175	75
204	450	173	76
206	450	172	76
209	451	170	77
210	452	169	77
213	452	168	78
215	452	167	79
218	453	167	79
219	453	167	80
222	455	166	80
223	456	166	81
225	457	165	82
226	458	166	83
227	459	166	83
229	461	166	83
231	461	166	84
233	460	167	84
233	461	168	84
234	461	169	84
235	460	170	84
236	458	170	84
236	457	171	84
238	456	173	83
240	454	173	82
244	447	174	81
246	442	174	80
250	438	175	79
252	432	176	78
253	426	177	77
259	419	177	76
263	414	177	75
267	407	177	74
270	402	177	74
272	394	175	73
281	388	178	72
278	384	177	72
283	380	176	71
285	375	175	71
286	372	176	71
288	368	176	71
289	366	175	70
290	364	175	70
291	363	174	70
291	361	174	70
294	359	173	69
295	358	172	68
297	357	172	68
296	355	172	68
297	353	171	68
298	351	171	67
299	350	170	67
300	347	169	67
301	346	169	67
302	344	169	67
301	342	168	66
304	340	166	66
302	339	167	66
305	338	165	66
304	335	164	66
306	335	164	66
304	333	163	66
305	333	162	67
304	331	162	67
305	330	161	67
304	330	161	66
303	328	161	66
303	329	160	67
302	330	159	69
301	330	158	72
301	331	156	74
297	329	157	76
295	330	157	76
295	330	156	77
293	330	154	78
292	332	153	80
289	333	152	81
287	335	151	81
285	335	150	82
282	337	149	84
278	339	149	85
274	340	149	86
271	342	148	87
267	345	148	88
266	347	147	89
260	351	147	90
257	353	147	91
254	355	147	92
250	358	147	93
245	360	148	94
240	364	150	95
235	368	151	96
231	371	152	96
226	374	154	96
222	377	155	96
218	381	157	97
213	384	160	96
209	386	162	96
203	389	163	96
204	392	171	94
195	394	172	94
192	397	173	93
190	399	174	92
188	401	175	91
185	402	176	90
184	404	177	90
182	404	178	89
180	403	180	89
178	402	181	89
178	405	183	88
176	409	184	85
176	408	186	83
176	408	186	82
175	408	187	80
176	407	188	79
175	407	188	78
178	407	189	77
179	406	189	77
180	404	189	76
182	403	189	75
184	401	189	75
186	400	188	74
187	400	188	74
190	397	188	73
191	394	187	73
195	391	186	73
197	389	186	73
200	385	184	73
203	383	184	74
206	379	183	74
208	374	182	74
211	371	181	74
213	367	180	74
216	364	179	73
217	360	178	73
220	356	177	72
221	352	176	71
224	350	174	69
226	346	173	69
228	343	172	68
231	339	171	67
232	335	170	67
235	332	170	66
237	330	169	66
239	327	168	65
240	323	166	65
243	321	165	65
245	319	163	66
248	316	162	66
250	315	161	66
251	312	161	66
254	310	159	67
255	308	158	67
256	307	158	68
258	304	157	68
259	302	156	67
260	302	155	66
262	300	154	66
263	301	154	68
265	301	152	71
268	299	151	72
270	297	150	73
272	295	149	74
275	295	148	75
278	295	147	75
281	296	145	75
285	296	143	76
288	295	143	76
290	294	142	76
293	294	140	77
297	293	139	79
299	294	137	80
302	296	135	81
304	296	134	82
305	296	132	84
307	298	131	84
307	299	130	85
307	298	128	86
306	300	126	88
306	301	125	89
305	302	122	91
304	303	121	92
303	304	119	93
301	305	118	95
298	307	117	96
294	308	115	98
291	310	114	99
287	311	113	100
283	313	112	102
279	315	111	103
275	317	110	104
271	319	109	105
266	322	109	107
262	323	107	108
259	325	107	109
254	328	107	110
254	330	107	111
251	331	107	111
251	332	107	112
251	333	107	112
255	334	107	112
259	335	107	113
263	335	107	113
267	335	107	113
274	334	107	112
286	333	107	111
295	332	107	111
306	332	108	110
316	331	107	109
326	329	107	109
340	328	107	109
353	326	108	108
365	324	113	107
374	324	113	107
382	323	112	106
389	322	112	105
389	321	113	104
388	320	114	104
388	319	115	103
386	317	117	103
384	317	118	102
383	317	120	100
382	317	121	98
382	317	122	96
383	315	123	95
384	312	124	94
385	310	125	93
386	309	125	93
389	305	126	92
392	305	127	91
395	300	128	91
398	299	129	90
403	297	129	89
407	296	129	88
413	294	128	87
421	290	128	86
427	288	127	85
433	286	127	84
440	284	127	83
445	282	127	82
453	278	127	81
459	277	126	80
463	275	126	80
467	272	126	79
470	269	125	78
474	267	125	77
478	265	125	77
481	263	124	76
485	261	124	75
488	259	124	74
492	256	123	73
496	255	123	73
499	252	123	72
502	250	123	71
506	248	122	71
510	244	122	71
513	243	121	70
517	241	121	69
519	237	121	69
522	237	120	69
526	233	120	69
530	232	120	67
534	230	119	67
536	227	119	66
540	226	119	65
544	224	118	65
547	222	118	64
551	220	117	64
554	217	117	64
557	217	116	63
561	214	115	62
564	212	114	62
567	211	114	62
570	209	113	62
573	208	113	61
575	206	112	61
578	205	111	61
580	203	110	61
582	201	108	61
584	200	107	62
586	196	107	62
587	198	106	61
589	196	105	61
591	196	104	63
591	193	103	63
593	192	102	62
593	192	101	61
592	190	100	62
590	188	100	62
593	187	97	62
592	185	96	63
592	184	94	63
591	182	92	64
590	184	91	63
590	183	89	63
587	184	88	62
585	184	87	62
584	184	86	63
581	182	85	63
579	183	84	64
576	182	84	64
574	183	83	64
571	183	83	64
569	184	83	64
566	185	83	65
563	186	82	65
560	189	82	65
558	192	82	64
556	196	82	64
553	200	83	64
550	206	83	64
548	210	84	64
545	216	84	64
543	222	85	63
540	226	86	64
540	233	86	64
536	237	87	64
535	242	88	64
533	247	90	64
531	250	91	65
531	255	92	65
530	258	94	65
529	260	95	65
527	260	97	65
527	262	98	65
526	264	99	65
525	264	101	65
525	265	102	64
524	266	104	65
522	266	105	64
520	268	106	64
520	269	107	63
519	270	108	63
519	271	109	63
518	271	110	63
517	272	111	63
519	273	113	63
517	273	113	62
518	274	113	62
518	274	112	62
519	275	113	62
520	275	113	62
520	274	114	62
521	271	114	64
522	267	114	67
523	275	114	65
524	275	114	64
525	275	115	63
526	276	114	62
527	276	115	62
528	275	115	63
530	275	115	63
531	275	115	64
531	275	115	65
533	277	115	64
535	277	116	64
536	278	116	64
536	278	116	64
538	279	116	64
538	280	117	64
539	280	118	65
540	281	119	65
541	282	119	65
542	283	120	65
542	283	120	65
544	285	121	65
545	285	122	65
547	286	122	65
548	286	123	66
549	287	123	66
550	288	123	66
553	289	124	66
555	290	124	66
556	291	125	66
557	292	126	66
558	292	127	66
560	293	127	67
561	293	128	67
562	294	128	67
562	295	129	67
562	296	130	68
562	297	130	68
561	297	131	68
560	299	132	68
561	298	132	68
561	301	133	68
559	301	134	68
558	302	135	68
557	303	135	68
556	303	136	68
554	304	136	68
553	304	136	68
552	306	137	67
550	305	137	68
548	307	137	68
546	307	137	68
544	308	138	68
542	309	138	68
539	310	139	67
536	310	139	67
531	311	140	67
528	312	140	67
525	312	140	67
521	312	140	67
518	313	140	68
514	313	141	68
510	314	141	67
505	315	142	67
503	316	142	67
498	316	143	66
492	317	143	66
488	317	143	65
483	318	143	65
479	318	143	64
475	318	143	64
468	319	144	64
464	319	144	64
459	319	144	64
455	319	145	64
451	320	145	64
445	320	146	63
442	320	146	63
437	320	146	63
433	321	147	63
428	322	148	63
423	323	148	63
418	323	149	63
413	323	149	63
407	324	149	63
404	325	149	63
396	326	149	63
389	326	150	63
383	327	150	63
376	328	150	63
370	328	150	63
361	329	150	62
354	330	150	62
347	331	151	62
339	331	151	62
331	332	151	62
322	334	152	62
314	336	153	62
306	337	153	61
298	338	154	61
289	340	155	61
277	341	156	61
270	342	156	61
261	343	157	61
253	346	158	61
245	347	158	62
235	350	159	62
226	351	160	62
220	353	162	62
214	354	163	62
209	355	164	63
203	356	165	63
200	356	165	64
196	356	165	64
195	357	165	64
191	357	166	65
187	358	166	65
185	360	165	65
182	360	166	64
179	362	166	64
176	362	166	64
172	364	167	64
168	365	167	64
164	366	168	65
162	367	169	65
157	367	169	65
153	369	170	65
150	370	171	65
146	370	171	65
140	372	172	65
136	373	173	66
131	375	174	66
125	375	174	66
121	376	175	66
116	378	176	66
110	379	176	67
105	379	176	67
101	380	177	67
96	381	178	68
93	382	179	68
89	381	179	68
84	382	180	69
81	383	181	69
77	383	182	70
73	383	183	70
71	384	184	70
69	385	186	70
68	385	188	70
67	385	188	70
64	385	188	71
62	386	188	71
60	388	189	71
57	389	189	71
55	389	189	71
52	391	189	71
49	392	189	72
48	393	190	72
47	394	190	72
47	394	191	72
49	395	192	73
49	396	191	74
52	397	190	75
52	398	190	76
53	399	189	78
54	400	188	79
54	400	188	81
54	402	187	82
55	404	186	83
56	405	186	84
56	407	186	85
57	408	185	86
60	410	185	87
61	412	184	88
61	413	184	89
62	414	184	90
66	416	182	91
70	417	179	93
73	418	178	94
76	419	176	96
80	421	175	97
84	421	174	99
89	422	172	100
94	423	171	103
98	423	169	104
103	424	168	107
107	425	167	109
112	428	166	111
116	428	165	114
120	429	163	116
123	431	161	118
128	433	159	121
134	434	157	124
138	436	154	126
142	438	152	128
146	439	150	130
149	441	149	132
151	445	147	134
150	448	146	136
149	451	144	138
147	455	143	140
144	458	142	141
141	463	141	143
137	468	141	145
133	470	140	147
129	474	140	149
124	477	140	151
117	482	139	153
113	486	139	154
109	490	139	156
103	494	139	158
99	497	139	160
97	503	139	163
94	505	140	164
