328	261	39	77
335	260	38	74
341	260	39	71
346	260	39	69
351	261	40	66
356	261	41	63
361	261	41	61
366	262	42	60
369	262	41	59
373	264	40	59
375	263	39	59
379	263	37	60
383	263	36	61
388	263	35	60
390	263	34	60
395	264	33	61
399	266	32	62
404	265	32	62
405	267	31	63
410	266	33	63
415	265	35	62
411	269	34	65
412	270	33	67
417	271	31	72
419	271	30	77
422	269	30	80
426	270	30	83
429	269	30	85
430	266	31	86
433	264	32	87
435	269	32	89
437	267	34	91
441	271	33	94
443	275	33	98
444	275	35	100
447	278	35	101
447	280	37	101
451	282	39	100
454	282	41	100
457	285	42	102
460	286	41	104
463	287	40	106
464	284	39	104
469	287	37	104
472	285	37	103
473	284	38	100
476	286	37	98
481	287	37	96
484	291	36	99
486	293	37	100
488	295	39	100
489	295	42	101
490	295	43	100
492	299	45	101
492	301	45	104
494	302	46	108
495	302	45	112
496	302	45	116
499	301	44	119
502	300	44	123
504	300	44	125
503	298	44	126
504	300	43	128
507	301	42	128
510	300	42	126
514	300	43	125
516	302	43	126
520	305	44	126
519	306	46	125
519	310	48	123
522	313	51	120
525	314	53	117
526	318	54	114
526	317	54	114
526	319	54	111
526	322	53	111
529	323	51	113
529	323	49	113
530	326	47	116
532	329	45	119
533	328	43	121
534	328	42	121
538	331	42	122
539	334	42	122
540	332	44	121
535	330	48	116
536	338	49	118
534	339	54	117
532	338	58	116
532	338	60	117
533	343	61	119
532	343	60	121
535	343	59	122
536	344	60	121
538	344	59	121
538	345	58	122
539	343	56	123
541	344	53	125
538	346	51	129
540	342	49	131
540	335	49	126
539	337	50	123
537	339	50	118
535	344	52	115
534	343	55	112
531	345	59	109
531	343	62	103
527	347	65	99
527	346	65	97
527	347	65	94
527	348	62	92
528	348	58	92
529	346	53	91
531	347	48	92
532	348	43	93
533	344	40	92
533	345	39	89
534	345	39	88
533	345	39	87
532	344	40	85
530	343	39	84
527	343	39	82
525	342	39	81
523	343	37	83
523	342	36	86
524	339	34	87
525	338	33	88
527	335	32	89
531	332	36	88
529	331	36	87
529	329	36	87
528	332	34	90
530	329	33	92
531	325	33	92
532	324	34	93
532	323	36	93
531	319	38	90
532	320	41	88
530	319	43	88
531	319	45	89
533	317	48	91
532	316	49	92
534	314	50	93
535	311	49	93
537	309	47	91
539	307	45	91
540	304	42	89
540	303	39	89
540	303	36	90
541	301	35	90
542	299	35	89
542	298	36	88
543	297	37	88
543	296	38	88
542	295	38	87
544	294	40	87
540	293	40	88
540	290	40	89
542	288	40	89
543	287	41	89
543	286	41	89
545	282	41	88
545	280	41	87
543	279	38	88
542	277	36	88
544	276	34	87
544	278	35	86
545	277	36	87
544	276	38	88
543	275	41	87
543	275	43	87
542	275	46	87
543	275	48	88
543	274	50	88
543	273	51	89
542	272	51	88
543	271	50	87
544	269	48	87
544	267	45	86
544	266	42	85
544	266	39	85
545	265	37	86
547	264	36	86
548	264	37	85
549	263	39	85
549	263	41	85
545	263	43	85
546	261	44	85
545	260	45	85
545	259	44	86
543	258	43	87
546	255	40	88
550	255	40	88
554	251	41	87
555	251	41	87
557	249	39	87
556	248	36	86
558	248	33	86
560	248	32	87
561	247	33	88
560	246	35	88
561	244	37	87
561	244	39	86
561	245	42	86
561	245	43	87
564	243	44	88
564	242	44	88
564	240	43	89
565	239	42	89
566	237	40	90
565	237	38	91
564	235	37	92
560	233	37	92
558	231	40	92
553	224	45	85
554	230	47	85
548	227	52	83
551	229	53	87
547	228	56	89
546	227	58	91
546	225	60	92
548	223	59	95
550	221	59	97
553	219	56	99
556	218	54	101
560	216	52	103
563	214	49	103
568	211	47	103
573	209	44	102
578	208	42	101
583	207	40	100
587	206	38	98
593	205	36	97
598	205	34	97
603	205	33	97
609	205	32	98
613	204	31	98
616	203	30	98
622	203	31	99
626	202	31	99
629	202	32	100
633	200	33	100
637	199	34	101
641	197	35	102
646	194	36	102
650	192	37	102
656	190	38	101
663	187	38	101
669	188	38	100
675	185	39	99
681	186	39	96
688	188	38	93
695	185	38	93
699	190	37	92
705	187	37	91
708	189	37	89
713	191	37	89
716	186	36	86
718	189	36	84
721	187	35	82
724	186	35	82
725	185	35	82
727	186	35	82
729	186	35	82
731	185	35	82
732	185	35	83
733	183	35	85
733	181	35	87
733	180	35	89
733	181	35	90
733	180	35	92
733	181	36	93
734	180	36	94
734	180	37	95
733	179	37	96
734	178	38	97
734	177	38	98
735	177	38	99
736	176	38	100
737	174	37	100
739	173	37	99
739	172	36	99
740	171	36	98
741	171	35	97
743	170	34	95
744	171	34	94
744	172	33	94
744	173	33	93
745	173	33	93
747	174	33	94
746	174	33	93
747	173	33	93
748	173	34	93
748	173	34	92
749	171	34	90
750	171	34	90
750	170	34	90
751	171	34	89
751	170	34	89
751	170	34	89
752	169	35	89
752	170	36	89
751	171	37	91
751	172	37	92
750	172	38	93
750	173	39	95
749	171	39	96
750	172	39	98
749	171	39	100
749	170	38	101
749	169	39	102
748	168	39	103
747	168	39	103
747	166	39	102
747	165	39	101
746	163	39	99
746	163	39	97
747	163	39	95
745	164	39	94
745	166	39	94
745	167	40	94
744	168	40	94
743	167	41	92
743	167	41	90
742	166	42	85
741	171	42	86
741	171	42	86
741	172	42	88
741	171	41	89
741	172	41	91
742	171	41	92
742	170	41	93
742	169	40	94
741	169	40	93
742	169	39	93
742	170	38	93
742	170	38	93
742	171	37	94
742	173	37	95
740	174	36	95
739	174	36	96
739	175	36	97
738	176	35	98
738	176	35	99
738	176	34	99
738	176	34	99
737	176	34	98
736	176	34	98
735	176	35	97
733	175	36	96
732	175	36	95
731	175	37	93
730	176	38	92
729	177	38	92
729	178	39	92
727	179	40	92
727	180	40	92
727	182	40	93
727	183	41	94
726	183	41	96
726	182	41	97
726	182	41	98
725	181	41	99
726	180	40	99
727	180	40	98
727	180	39	97
727	179	39	95
728	180	38	94
729	182	37	93
730	183	36	93
730	184	35	93
730	185	35	93
731	186	34	93
730	187	34	94
730	188	33	93
730	190	32	93
728	190	32	93
728	189	32	92
728	192	32	90
728	192	32	90
727	194	32	91
726	195	32	93
726	194	32	94
725	194	33	94
724	193	34	94
722	192	35	93
721	194	37	93
720	195	38	93
717	197	40	93
716	198	42	94
715	197	43	94
714	201	45	95
714	200	45	95
713	202	46	97
713	202	46	99
712	202	46	102
712	202	46	103
712	202	46	103
714	200	45	103
715	199	44	101
717	198	43	100
717	199	42	99
719	199	40	99
720	200	39	98
722	202	38	98
723	204	37	98
723	206	36	97
723	208	36	97
723	210	37	97
723	212	37	98
723	212	36	100
724	213	36	101
725	213	36	102
724	214	36	102
723	212	36	102
723	212	37	102
722	213	38	102
722	211	38	101
722	211	38	101
723	212	38	99
723	215	38	98
723	215	38	98
723	218	38	98
724	218	38	99
725	220	38	100
724	223	38	101
724	223	39	102
725	223	38	102
723	228	39	102
723	225	39	103
723	224	39	103
723	226	40	103
723	226	41	102
724	224	42	100
724	222	42	99
724	226	41	96
726	225	40	97
727	226	39	97
728	229	38	96
727	231	38	96
728	230	38	98
727	231	38	99
726	232	39	101
727	237	38	101
728	234	38	103
728	235	37	105
727	236	37	105
728	237	37	104
728	237	38	101
728	239	38	96
730	239	38	93
729	246	37	90
732	244	37	88
729	250	37	86
732	252	37	85
730	256	38	84
734	257	39	84
730	258	39	84
732	258	39	84
730	261	39	84
733	260	39	84
734	261	38	84
734	263	37	85
733	265	38	86
734	264	37	86
734	263	37	87
735	263	38	87
736	261	39	86
734	258	39	85
734	259	40	85
735	257	40	85
734	260	41	85
737	259	41	86
735	262	42	86
738	252	41	91
737	255	42	93
737	251	42	96
737	257	42	98
740	252	42	100
741	255	42	100
742	257	42	98
743	257	42	97
744	258	42	94
744	260	44	90
746	265	46	85
743	266	45	82
744	268	45	80
746	271	44	80
745	273	44	80
748	274	42	80
751	276	40	81
750	277	40	81
752	279	39	81
752	279	39	82
753	281	40	82
754	280	40	83
756	281	40	83
757	281	39	84
757	281	39	85
758	280	39	85
756	279	39	84
759	280	40	83
758	281	39	83
761	276	38	85
762	276	37	87
763	274	37	90
764	272	35	95
765	282	35	93
768	280	35	94
770	276	33	96
771	276	32	98
771	274	31	99
771	277	30	100
771	278	30	101
770	277	32	100
768	277	33	100
769	278	34	101
768	277	34	99
770	277	33	98
769	281	35	97
769	280	36	96
770	284	35	97
770	287	35	98
772	286	36	97
771	286	37	97
774	287	36	98
776	288	34	99
775	291	35	99
779	291	33	100
780	291	32	100
783	293	31	101
782	293	31	101
782	293	32	100
781	295	32	100
781	297	33	100
779	298	34	99
779	297	35	99
779	301	37	98
779	300	37	97
778	304	39	96
778	306	39	96
779	309	39	97
779	309	39	97
779	310	40	98
779	312	40	98
779	314	41	98
779	316	40	97
782	318	40	98
783	319	40	99
783	320	38	99
782	321	38	99
782	321	37	96
782	320	36	93
779	322	35	90
778	325	35	88
777	327	35	87
776	329	36	86
779	332	35	85
779	334	34	86
779	335	34	86
779	337	35	87
777	340	36	87
775	342	37	87
776	342	38	89
773	341	38	90
769	341	41	92
763	341	44	94
764	339	44	96
757	337	46	96
758	338	45	97
759	340	44	98
762	339	41	98
761	337	40	95
760	342	39	94
758	341	40	93
756	342	40	92
755	344	40	92
752	344	39	91
752	346	38	92
749	347	38	92
748	349	38	92
747	350	38	92
747	351	40	92
744	352	41	92
743	352	42	91
742	353	42	91
742	353	42	91
742	354	40	91
741	353	37	90
740	353	35	89
735	353	34	87
730	354	34	85
725	355	35	84
722	356	36	83
721	358	37	83
721	359	37	83
720	360	37	83
721	360	37	84
719	361	38	85
712	361	40	84
707	361	42	83
704	362	44	84
699	362	45	84
695	362	46	84
692	362	44	85
694	362	41	86
693	361	38	87
690	361	36	87
688	363	34	86
686	363	33	86
684	364	33	85
681	366	35	85
676	367	38	84
673	369	40	82
669	368	43	81
665	371	46	81
660	373	49	80
658	375	51	80
654	374	52	81
652	376	51	81
651	376	49	80
650	377	46	80
647	378	41	81
643	379	38	82
639	379	34	82
635	380	32	82
634	382	32	82
629	382	34	81
623	382	37	81
617	384	40	81
609	388	44	80
609	389	47	81
603	386	49	81
599	389	52	82
590	389	54	81
590	389	53	82
586	396	55	80
585	395	55	78
571	411	59	72
535	439	76	57
510	447	92	46
490	451	103	40
478	455	112	36
473	457	118	34
462	458	117	33
462	463	117	32
533	414	99	48
539	408	85	61
542	406	78	68
542	405	73	73
540	404	70	76
538	404	67	79
538	403	65	80
540	403	61	81
539	404	58	80
507	425	66	73
460	452	85	57
447	458	100	46
437	462	112	38
432	463	119	34
431	462	122	33
487	422	99	51
498	415	83	64
497	411	75	73
500	409	69	78
500	408	66	82
495	406	63	84
498	405	63	86
492	405	60	87
493	403	60	87
491	405	62	86
482	409	65	82
473	411	68	80
473	408	68	80
481	402	63	81
488	401	56	84
492	398	51	86
493	398	48	86
493	397	47	87
492	396	46	87
492	396	46	86
493	395	48	86
491	396	49	85
493	395	52	85
494	395	54	85
494	395	55	84
497	394	55	83
498	393	54	82
497	391	53	82
498	390	51	81
497	388	49	81
499	387	46	82
500	386	43	84
502	384	42	85
503	383	42	85
502	383	44	86
503	382	45	86
502	381	47	87
501	379	48	87
498	376	49	86
500	375	49	87
499	373	49	87
500	372	48	87
501	372	49	88
503	370	49	88
495	371	53	85
489	371	56	83
483	374	59	79
459	387	68	72
426	405	84	58
488	375	72	65
497	365	63	73
500	361	60	78
501	359	59	81
500	356	60	82
503	356	61	83
503	354	62	84
502	353	63	84
504	351	62	84
506	349	60	84
503	350	60	82
494	355	64	78
439	383	82	60
435	388	96	48
432	390	104	41
429	391	109	36
428	392	111	33
428	391	112	31
437	383	110	33
490	355	92	49
496	348	79	59
499	345	72	65
509	342	65	71
505	342	64	72
511	338	60	74
517	335	55	78
520	332	51	79
523	330	48	81
527	329	43	83
528	327	39	85
529	326	37	85
530	324	38	84
531	324	39	83
536	325	39	84
534	324	41	84
534	323	44	82
537	324	45	82
533	324	49	81
538	326	50	80
533	326	53	81
535	327	54	83
536	327	54	84
537	326	53	84
539	328	50	83
542	328	47	82
544	328	43	82
543	328	39	81
547	328	36	81
549	327	35	82
551	327	34	82
552	326	34	82
551	326	35	82
549	326	37	82
547	326	39	81
546	326	41	80
548	327	42	81
550	326	43	81
548	325	42	81
549	325	41	81
552	324	42	81
551	322	41	81
551	323	41	80
549	324	40	79
549	322	39	79
549	322	38	80
548	321	36	81
549	322	34	82
551	321	34	82
549	322	34	84
549	322	36	84
548	319	40	82
545	320	44	80
543	321	47	79
543	321	49	78
541	323	52	78
542	324	51	80
544	322	52	81
543	323	52	81
545	322	50	81
547	323	46	81
549	321	43	81
549	321	40	80
549	323	37	80
550	322	35	81
551	321	34	82
553	321	35	82
553	320	35	82
553	320	37	82
552	320	38	82
554	320	40	82
554	320	41	82
554	320	44	82
554	320	45	83
554	319	44	83
556	319	43	83
556	318	41	83
556	318	40	83
556	318	40	83
556	317	39	84
555	317	37	83
556	318	36	84
557	318	36	85
558	318	35	86
558	318	35	87
558	318	36	86
555	320	38	86
555	319	41	85
552	319	44	84
554	321	46	84
554	321	48	83
555	320	49	82
552	322	49	82
552	322	48	82
551	321	46	83
551	321	45	83
552	321	42	83
551	322	40	83
551	321	38	83
550	322	36	83
550	321	34	84
550	321	34	84
550	321	34	84
550	320	35	84
548	321	37	84
542	322	40	82
543	321	43	82
543	321	45	83
543	321	46	82
541	321	46	82
542	321	46	83
541	320	45	83
542	319	43	84
542	319	43	84
541	319	43	84
541	319	42	84
540	319	42	85
542	320	40	87
542	320	39	87
543	320	39	87
543	321	38	89
545	322	39	90
546	322	39	90
547	322	39	90
547	322	39	90
548	324	40	90
548	324	40	90
549	324	40	90
551	325	40	90
551	327	39	91
551	327	39	92
552	328	39	92
553	328	38	92
552	328	37	92
552	329	37	91
552	329	36	91
551	330	35	91
551	330	35	91
550	331	34	90
550	331	34	90
549	332	34	90
549	332	34	90
548	332	34	89
548	332	35	89
547	332	35	89
546	333	35	89
546	333	35	89
545	333	36	89
545	332	36	89
544	332	37	89
544	332	37	90
543	332	38	90
543	332	38	90
543	332	38	91
