643	293	15	64
642	291	16	62
641	292	17	62
640	292	17	62
639	293	18	62
639	293	18	63
638	292	19	64
637	292	19	64
637	293	19	65
636	292	20	66
635	293	20	66
635	293	20	66
633	293	20	66
633	293	20	66
632	292	20	66
633	292	19	66
633	292	19	67
632	291	19	67
631	292	19	66
631	291	18	65
631	290	18	65
630	291	18	65
630	290	18	64
629	292	18	64
628	291	18	64
628	291	18	65
627	292	19	65
626	292	19	64
626	293	19	65
625	293	20	65
625	292	20	65
624	293	20	65
624	292	20	65
624	292	20	64
626	291	19	64
624	291	19	63
625	291	19	63
625	291	18	63
625	291	18	63
625	290	18	63
625	292	18	64
625	291	19	65
623	291	19	66
623	291	20	65
623	291	20	66
623	292	21	66
622	292	21	66
621	292	21	66
622	292	21	66
621	292	21	67
621	292	21	67
622	291	20	67
623	292	20	66
622	291	19	66
623	291	19	66
622	291	19	65
623	291	19	65
623	290	19	65
623	291	19	65
622	291	19	65
622	293	19	65
622	292	19	65
622	294	19	65
623	294	19	65
623	295	19	65
624	295	19	65
624	294	19	65
625	294	19	65
626	294	19	64
626	294	19	64
626	294	19	64
628	295	19	64
629	295	19	65
628	295	19	67
628	296	20	68
629	295	21	70
628	295	21	69
628	295	21	69
629	295	21	68
629	296	21	68
629	296	22	69
629	296	22	69
629	296	22	69
630	296	22	69
629	297	23	70
631	297	22	70
631	297	22	69
631	297	22	68
632	297	22	67
631	297	21	66
631	297	21	66
632	297	21	66
631	298	20	66
631	298	20	66
632	298	20	66
632	299	19	66
632	300	20	66
633	300	20	67
632	299	20	67
633	300	20	67
633	299	20	67
633	299	20	67
633	299	21	66
634	299	20	65
635	300	20	65
634	300	20	65
636	300	20	65
636	302	20	67
635	301	19	67
636	301	20	67
636	301	20	68
636	302	20	67
636	302	21	67
636	302	21	68
635	302	21	68
635	303	22	68
635	303	22	68
635	303	22	69
635	303	22	69
636	302	21	69
637	302	21	68
637	303	20	68
638	302	20	67
639	303	19	68
638	302	19	68
639	303	19	68
638	303	18	68
638	303	18	68
638	303	18	68
638	304	19	67
638	305	19	68
638	305	19	68
638	306	20	68
637	305	21	67
639	306	21	67
637	305	21	66
638	305	22	65
639	306	22	65
638	306	23	65
641	307	22	66
643	308	21	69
642	308	21	72
644	307	20	74
644	307	20	75
643	306	20	74
644	305	20	72
643	306	21	70
643	307	22	70
642	307	23	69
642	308	24	69
641	309	25	68
642	309	25	69
642	309	26	68
643	310	26	69
646	309	25	69
646	310	24	71
648	311	23	72
649	312	22	74
651	310	22	76
651	310	21	75
651	309	21	73
651	309	21	70
651	309	22	69
650	310	22	69
649	311	23	68
649	313	23	68
648	314	25	69
649	316	25	70
649	315	26	70
650	316	26	71
650	317	26	74
650	317	26	76
650	316	26	78
651	317	27	78
652	317	27	79
654	317	26	80
653	317	27	81
656	317	26	82
657	319	25	82
658	320	25	81
657	320	25	81
656	322	25	81
657	322	26	81
656	322	26	80
655	323	28	80
655	324	29	79
656	322	30	78
663	321	30	77
665	321	29	77
666	321	27	76
667	323	26	76
666	324	25	77
667	323	25	75
667	323	25	73
667	323	24	71
668	325	24	70
667	328	23	71
669	326	23	70
668	329	22	72
669	328	23	71
668	330	22	72
668	331	22	73
667	330	23	72
667	334	24	73
666	333	24	74
667	334	26	74
665	334	26	74
664	336	26	76
664	336	27	78
661	336	28	79
658	336	29	80
655	337	29	82
650	338	30	85
647	337	29	86
640	337	29	85
635	338	29	87
631	340	27	91
626	337	26	90
618	337	25	87
607	339	25	87
600	340	26	86
591	339	26	83
582	341	28	80
574	342	29	78
562	345	29	78
554	345	30	78
547	346	30	79
540	346	30	80
532	347	30	81
523	349	31	83
519	351	31	85
514	349	31	85
510	351	30	86
506	353	29	86
499	355	28	88
497	353	28	86
493	353	27	84
489	354	28	84
486	355	28	84
482	357	28	84
481	357	27	83
479	358	27	83
478	359	28	82
476	361	27	83
475	362	27	82
474	363	27	82
473	363	28	81
472	363	27	81
472	364	27	80
472	365	27	80
472	367	27	82
470	369	26	86
471	369	26	89
470	372	27	92
470	371	28	94
469	372	29	95
467	370	30	97
467	371	31	99
465	371	31	98
463	372	31	100
462	373	32	101
460	373	32	103
457	373	32	103
454	373	33	104
451	374	34	103
447	375	36	103
445	377	37	104
444	378	40	105
441	384	43	104
437	380	45	105
433	391	47	104
430	383	48	104
427	385	48	104
422	382	49	104
419	379	50	106
415	377	51	106
416	377	51	107
414	377	52	108
414	380	52	108
394	379	53	108
391	383	54	108
388	367	54	108
389	360	55	108
388	362	56	108
372	386	57	107
371	383	58	107
367	379	59	107
365	399	60	106
365	389	61	106
359	383	62	106
356	382	63	106
356	379	63	106
351	378	64	107
348	395	64	107
342	412	66	105
336	409	67	105
341	387	68	105
344	384	69	105
345	377	69	105
345	377	69	107
345	373	69	108
345	368	69	108
337	380	70	109
338	380	70	109
338	377	70	111
340	377	70	112
341	373	71	112
342	369	71	112
341	364	72	112
336	374	73	113
336	370	73	114
338	364	74	113
337	378	75	113
337	367	77	113
335	386	80	113
334	375	82	113
335	369	83	113
333	392	85	113
333	379	86	113
329	373	86	114
330	367	87	114
312	388	87	115
317	383	89	114
320	375	90	114
319	367	90	115
320	362	91	116
318	362	92	116
303	378	92	116
309	373	92	117
308	367	93	118
306	363	93	118
291	380	94	119
297	378	95	118
293	371	95	120
276	387	95	120
283	383	97	119
281	375	97	120
277	393	98	121
277	379	98	121
275	373	99	122
274	368	99	122
259	386	99	123
268	378	100	123
266	369	100	124
263	387	100	124
263	374	101	124
259	390	101	125
262	378	102	125
263	366	102	125
266	362	102	126
265	380	103	126
268	371	103	126
247	401	104	126
254	386	104	126
263	374	105	125
265	371	105	125
262	396	106	125
261	383	106	126
264	372	107	126
269	367	107	126
248	393	108	126
258	380	108	126
266	370	109	126
273	369	109	126
277	361	109	126
276	355	109	127
272	360	109	127
273	362	109	127
275	361	109	128
273	382	110	128
271	369	110	128
280	375	110	128
278	363	111	128
281	352	111	128
279	359	111	129
278	378	111	129
279	359	111	129
279	377	111	130
279	355	111	131
280	348	111	131
277	362	111	131
284	355	111	131
287	351	112	131
293	349	112	131
296	347	112	131
292	367	113	131
289	353	113	131
269	379	113	131
277	370	114	131
283	351	114	131
287	350	114	131
281	366	114	131
286	356	115	131
286	354	115	131
284	373	115	131
285	360	115	131
286	355	115	131
263	384	116	131
269	371	116	131
281	362	116	131
285	355	116	132
289	353	117	132
290	353	117	132
289	348	117	132
286	369	117	132
283	358	117	132
286	352	117	132
279	367	118	132
280	358	118	132
283	347	118	133
286	369	118	133
286	362	118	133
288	359	118	133
289	352	118	133
288	352	118	133
287	375	119	133
289	365	119	133
293	361	119	133
295	356	119	133
294	349	119	133
289	342	119	133
321	342	120	133
321	342	120	133
322	343	120	133
322	344	120	133
319	338	120	133
315	337	120	134
351	335	120	134
390	331	120	134
396	327	120	134
443	281	120	135
512	288	118	137
518	297	117	139
529	305	115	141
533	306	114	142
539	320	114	143
542	312	113	144
542	303	111	145
547	315	110	147
527	293	109	148
546	324	107	150
523	305	107	150
487	296	107	151
494	283	106	152
496	279	106	153
503	282	105	153
502	286	105	154
504	288	105	154
496	278	104	155
503	292	104	156
501	290	103	157
493	296	103	157
490	296	103	158
493	283	102	160
496	288	102	160
492	297	102	161
460	296	102	161
462	303	102	161
466	304	102	161
472	297	102	161
478	284	101	162
479	289	101	163
478	282	100	164
478	282	100	165
479	287	100	165
476	291	99	166
476	292	99	166
447	295	99	166
449	303	99	166
457	290	99	166
464	289	99	166
469	288	98	167
466	295	98	167
469	298	98	168
467	307	98	168
469	300	98	168
462	300	97	168
464	300	97	169
440	305	98	169
452	300	97	170
465	284	94	172
441	308	95	172
448	303	94	172
456	291	94	173
459	294	94	173
458	303	94	173
461	299	94	173
462	298	94	174
464	295	93	174
461	299	92	175
465	293	91	175
461	291	90	177
462	298	90	177
467	289	88	178
464	290	88	179
440	307	88	179
449	302	88	179
459	290	87	180
466	291	87	181
469	292	86	181
473	289	85	182
452	310	85	182
464	284	85	182
465	293	85	183
468	296	84	183
470	289	84	183
474	292	83	184
474	304	83	184
452	299	83	184
460	295	83	184
465	294	83	184
469	297	83	184
473	291	81	185
476	293	81	185
472	296	81	185
476	295	80	186
453	298	80	186
461	298	81	186
467	295	81	185
468	294	80	186
469	290	80	186
471	296	80	187
473	295	79	187
473	304	79	187
476	303	79	187
476	304	78	187
477	304	78	187
475	307	78	187
470	298	77	188
469	309	77	187
473	304	77	188
451	303	77	188
458	303	77	188
456	314	77	187
461	312	78	187
463	308	78	187
461	306	77	187
461	308	77	187
460	306	77	188
461	305	77	188
462	309	77	188
460	308	77	189
458	307	77	189
460	310	77	189
459	310	77	189
458	313	77	189
457	312	77	189
459	319	77	188
462	316	77	188
461	313	77	189
458	313	77	189
460	319	77	189
463	314	77	189
468	324	77	189
461	326	77	189
458	328	77	189
458	325	77	189
458	325	77	189
460	327	77	189
455	333	77	189
458	334	77	189
461	332	77	189
462	333	77	189
466	332	77	189
463	336	76	190
461	339	76	190
464	340	76	190
465	348	76	190
445	347	76	190
475	333	76	191
467	340	76	191
460	350	76	190
464	349	76	190
440	361	76	190
466	351	76	190
443	358	76	190
450	361	76	189
450	363	77	189
447	364	77	188
445	368	77	188
450	373	78	188
455	367	78	187
455	365	78	187
456	367	78	187
458	372	78	187
453	370	78	187
458	376	78	187
457	376	78	187
453	376	78	187
453	377	78	187
449	385	78	187
444	381	78	187
442	389	79	187
446	397	79	186
448	391	79	186
447	392	79	186
441	388	79	186
440	394	80	185
442	397	80	185
441	400	80	185
447	405	81	184
443	397	81	184
443	405	81	184
446	404	81	184
449	401	81	184
445	403	81	184
445	402	81	184
471	408	81	183
437	411	82	183
440	418	82	183
447	423	82	182
423	425	83	182
424	442	83	181
437	441	84	181
435	434	84	180
440	440	84	180
441	430	85	180
439	430	85	180
439	445	85	179
433	435	85	179
431	442	85	179
428	439	86	179
431	450	86	179
434	455	86	179
434	460	87	178
438	467	87	178
442	454	87	178
412	466	88	177
416	471	88	177
427	470	88	177
429	470	88	177
398	476	88	177
413	475	89	177
416	482	89	176
432	476	89	176
466	461	89	176
469	453	89	177
436	465	89	177
433	469	89	177
430	476	89	177
402	505	90	176
438	485	91	176
438	488	91	176
434	487	91	176
467	469	91	178
463	475	91	178
465	478	90	178
461	478	90	179
427	497	91	178
459	493	91	178
470	467	91	179
438	488	91	179
469	465	91	180
469	467	91	180
438	484	91	180
472	465	91	180
469	476	91	180
453	491	92	180
457	493	91	181
460	494	91	181
430	506	91	181
468	484	90	184
463	497	90	185
465	494	90	186
467	493	90	187
465	495	90	189
461	502	90	189
466	481	91	191
470	480	90	193
468	483	90	194
466	490	90	194
472	490	90	195
473	482	90	196
471	475	90	196
474	483	89	198
476	465	88	199
477	465	88	200
480	437	88	201
481	446	88	201
483	450	88	201
484	459	88	201
488	450	87	201
459	490	88	201
466	481	89	201
471	487	89	202
478	445	89	202
485	440	88	202
455	494	88	202
488	454	88	203
487	436	88	204
490	449	88	204
489	431	88	204
490	428	87	205
486	429	87	205
484	437	87	206
488	437	87	206
491	427	87	206
494	431	87	206
500	440	87	206
466	434	87	206
475	448	87	206
477	459	87	206
481	472	87	206
482	481	87	206
484	450	87	207
485	447	87	207
488	459	87	207
488	459	87	207
490	452	87	207
490	466	87	207
488	472	87	207
488	480	87	207
500	450	87	207
474	458	87	207
485	472	87	207
485	462	87	207
484	470	87	208
489	473	87	208
490	441	87	208
493	447	87	208
485	457	87	208
487	467	87	208
456	478	87	208
465	479	87	208
471	492	87	208
474	489	87	208
477	492	87	208
477	490	87	208
479	479	87	208
471	474	87	208
473	476	87	208
473	473	87	208
476	480	87	208
477	473	87	208
476	483	87	208
475	482	87	208
472	485	87	209
469	485	87	209
472	467	87	209
467	488	87	209
464	493	87	209
462	483	87	209
461	493	87	209
462	489	87	209
459	501	87	209
459	476	87	209
461	496	87	209
458	503	87	209
457	486	87	209
457	500	87	209
455	501	87	208
455	507	87	208
449	509	87	208
449	509	87	208
448	508	87	208
447	509	87	207
448	507	87	207
450	512	87	207
451	518	87	206
447	515	87	206
447	522	88	205
446	516	88	204
443	518	88	204
448	520	88	203
440	520	89	202
438	518	89	202
445	509	89	202
439	507	90	201
437	512	91	200
438	514	91	200
442	509	91	200
436	523	91	199
434	512	92	199
437	520	92	199
432	514	92	198
427	510	93	198
429	506	93	198
431	517	93	197
431	503	93	197
520	428	93	197
547	405	93	198
564	392	93	198
539	392	93	198
509	357	93	198
518	354	93	198
537	351	93	198
543	339	93	199
549	320	93	200
516	311	93	201
524	288	93	201
483	299	93	202
531	281	94	202
492	305	94	202
537	343	93	206
505	319	93	207
516	279	93	207
470	250	93	207
473	266	94	206
469	270	95	206
467	279	95	206
509	279	95	206
506	268	95	206
510	286	95	206
512	275	95	207
513	267	96	207
510	275	96	206
517	288	96	207
478	291	96	206
468	263	97	206
466	274	97	206
505	282	97	206
509	273	97	206
523	278	98	206
519	299	97	206
483	301	98	206
481	279	97	206
476	280	98	206
479	285	98	206
520	290	99	206
485	296	98	206
487	299	98	206
490	294	98	207
525	298	96	207
492	298	96	208
536	294	96	207
531	297	96	207
527	296	94	207
525	296	94	206
489	295	94	206
530	296	94	205
525	299	94	205
525	298	94	204
521	292	95	203
482	292	95	203
479	290	96	202
474	290	97	202
473	285	97	202
536	273	98	201
536	294	98	200
540	298	98	200
545	298	98	199
547	283	99	199
548	297	99	199
527	300	99	198
536	309	99	198
547	299	99	198
521	303	100	198
490	304	100	198
498	313	100	198
512	315	100	198
525	315	100	197
527	318	100	197
499	315	100	197
510	319	101	197
512	321	101	198
512	304	102	197
509	325	102	197
508	301	102	197
505	312	102	197
509	296	103	197
511	318	103	197
518	307	104	196
519	324	104	195
521	311	104	195
526	310	105	195
501	322	105	195
520	308	105	194
514	304	105	194
479	331	105	195
447	334	105	195
500	317	105	195
502	336	105	195
465	350	105	195
466	336	105	195
467	349	104	196
466	330	104	196
467	339	104	197
469	353	104	197
473	359	103	198
472	341	103	198
472	346	103	198
475	355	103	199
477	355	102	199
476	344	102	200
478	351	102	200
478	353	101	201
477	365	101	201
477	352	101	202
477	359	100	203
476	367	99	204
474	352	99	204
470	363	99	205
469	368	98	206
471	372	98	206
476	360	98	207
444	374	98	207
483	375	98	208
480	365	97	209
478	370	97	210
476	373	96	211
479	368	96	213
478	374	95	215
474	363	95	215
472	356	95	215
475	351	95	215
476	371	95	217
476	369	94	218
479	373	94	219
477	360	94	219
478	372	94	220
479	383	94	221
476	365	94	222
475	378	94	222
478	383	94	224
475	374	94	224
476	384	94	225
475	369	94	225
472	356	95	224
474	374	95	225
476	379	95	225
476	389	95	226
471	380	96	226
473	388	96	227
469	376	97	227
469	377	99	226
469	381	100	226
468	389	100	226
467	392	101	227
464	373	102	226
469	386	103	227
469	394	103	227
468	396	103	228
467	379	104	227
471	392	104	228
462	379	105	227
465	399	106	228
464	384	106	227
465	392	107	228
470	403	108	229
464	387	109	228
471	395	109	229
464	412	109	229
471	396	110	229
466	409	110	230
462	396	111	230
465	407	111	231
469	417	111	232
471	408	110	233
467	427	110	234
473	438	110	236
468	416	109	240
466	422	109	242
469	420	109	242
467	409	109	242
461	429	109	243
461	437	109	244
457	426	108	246
457	434	108	248
458	427	108	248
453	426	108	249
447	440	107	251
440	426	107	252
437	438	107	253
435	423	108	253
432	439	108	253
428	433	107	255
428	427	108	255
399	441	109	255
404	428	109	256
405	418	109	255
402	431	110	255
399	421	110	255
401	438	110	255
398	446	110	255
395	435	111	255
393	439	111	255
395	429	111	255
392	445	111	255
386	441	111	255
386	432	111	255
381	429	112	255
378	453	112	255
374	431	113	254
379	430	113	254
369	424	113	254
373	420	114	253
471	231	116	253
483	192	117	253
483	186	119	252
479	211	120	252
483	207	121	253
484	208	121	255
479	201	122	255
478	195	123	254
487	182	125	255
489	207	125	257
479	207	125	258
474	206	127	257
476	203	128	258
486	197	129	260
451	203	133	259
470	192	138	257
473	229	139	258
478	216	138	262
482	204	137	268
481	206	137	270
477	206	137	274
481	206	136	278
475	209	137	279
475	216	137	284
476	217	137	286
480	210	136	288
488	197	134	292
487	196	135	293
485	205	135	293
479	206	137	292
478	214	139	294
479	221	140	293
482	211	141	295
475	208	142	295
471	218	145	293
474	218	145	295
477	216	144	296
472	216	145	297
477	204	142	304
471	209	144	302
470	212	145	305
460	204	147	305
463	210	147	306
465	207	146	309
460	214	147	310
458	206	148	308
461	200	145	310
456	215	145	312
455	206	146	313
452	209	149	309
448	219	149	309
446	216	150	310
440	211	151	310
446	207	148	314
440	215	149	312
438	219	149	311
443	211	147	315
440	209	147	318
436	206	148	316
438	214	147	315
437	212	147	319
440	200	146	322
426	220	148	320
437	206	144	324
430	209	146	319
426	225	147	322
431	213	146	323
434	212	145	325
430	206	146	324
423	221	148	322
424	206	147	327
422	213	149	323
417	225	150	323
417	222	151	325
420	218	150	330
410	226	153	328
413	224	151	331
418	223	150	334
414	227	150	336
412	224	151	337
409	223	151	340
415	219	150	342
411	223	150	341
411	216	151	342
407	225	153	348
414	211	150	353
400	234	155	347
408	223	154	351
403	223	155	352
411	219	152	356
405	220	152	359
405	212	154	356
395	233	158	354
400	222	157	356
396	228	157	358
404	209	156	362
396	236	159	361
401	226	154	367
400	225	155	368
399	223	156	372
392	228	158	374
392	224	159	365
397	224	157	364
388	218	159	361
397	236	157	364
387	226	160	359
390	244	159	364
387	240	157	369
385	241	158	369
379	239	159	367
390	230	156	368
387	230	158	364
387	232	157	365
385	238	159	366
388	227	156	369
379	224	159	362
372	237	162	358
388	237	158	360
379	239	158	364
379	234	159	369
375	242	161	376
378	233	160	376
377	247	161	382
372	246	163	382
373	238	163	379
366	243	168	368
370	244	165	372
369	241	166	376
358	240	170	376
368	255	168	377
361	260	170	374
365	248	167	381
361	241	171	376
356	261	171	380
362	244	170	378
354	248	174	373
356	260	172	373
351	259	174	366
358	249	170	367
350	260	172	362
357	243	168	365
352	255	171	360
365	257	164	361
355	250	168	356
354	266	167	356
354	265	167	355
362	255	161	359
359	251	159	363
363	257	157	362
356	263	160	360
363	275	155	362
366	256	151	365
359	261	154	363
363	268	153	361
364	271	152	359
365	273	150	356
360	270	152	358
363	278	149	358
361	283	150	354
357	287	152	352
361	283	151	351
362	285	149	355
365	295	148	351
357	292	150	349
360	299	148	350
358	290	147	355
349	296	152	347
360	316	147	345
364	283	143	358
360	281	143	367
358	296	145	359
363	302	143	353
358	291	144	355
357	307	145	352
365	318	141	345
358	293	142	347
355	308	143	353
346	315	147	343
338	305	152	340
341	316	152	340
337	325	155	335
336	334	156	334
339	343	155	333
341	325	150	342
330	330	153	336
327	328	157	334
327	325	156	336
325	340	157	334
322	335	154	340
321	350	154	334
322	355	152	334
320	363	151	332
322	324	147	339
315	352	149	337
314	357	145	338
305	363	147	334
304	352	147	337
302	381	147	326
296	352	149	327
298	368	148	323
298	387	145	319
294	364	145	317
295	383	143	315
295	374	142	314
285	395	145	304
283	381	147	300
281	399	146	295
266	370	154	289
275	389	152	291
282	401	148	289
270	374	154	282
279	411	150	283
261	392	156	278
269	404	155	278
258	411	156	274
258	412	157	273
269	418	152	275
252	414	156	272
259	414	154	273
265	421	151	274
248	404	156	271
260	429	152	272
259	419	152	271
263	425	149	271
259	432	146	270
267	427	145	270
263	429	145	269
261	443	142	268
256	432	144	265
270	447	140	264
209	388	150	261
205	391	158	260
208	428	162	261
230	432	161	262
230	425	161	264
231	427	161	267
239	440	160	266
239	432	161	266
232	437	162	266
232	437	163	265
229	430	164	266
223	431	164	267
233	441	162	268
229	452	163	267
204	421	168	267
186	417	176	265
187	453	180	262
202	450	180	262
178	439	185	260
172	413	186	262
171	455	190	260
166	424	191	261
166	456	197	257
130	426	203	258
142	452	208	255
121	427	208	258
127	467	212	254
110	441	220	247
102	456	223	246
105	466	233	240
94	446	243	232
98	475	244	233
96	470	243	235
76	459	252	233
68	470	255	233
59	465	265	228
68	489	266	230
62	473	270	232
50	477	273	233
48	478	275	234
42	473	278	235
35	483	286	231
45	468	290	232
35	478	291	232
30	487	294	231
