343	112	43	21
343	111	43	21
340	110	43	21
339	109	43	21
337	108	43	21
336	107	43	21
334	105	43	21
333	104	43	21
331	103	44	22
328	101	44	22
327	100	44	22
325	99	44	22
324	99	44	22
322	97	45	22
321	96	45	22
319	95	45	22
317	95	45	22
315	95	45	22
314	95	46	22
312	95	45	22
311	96	45	22
310	96	45	23
308	97	45	23
307	97	45	23
305	98	45	23
304	98	45	23
302	98	44	23
300	99	45	23
300	99	45	23
297	99	45	23
296	100	45	23
295	100	46	23
293	101	45	23
291	101	45	23
289	101	45	23
288	102	45	23
287	102	44	23
285	102	44	23
284	103	44	23
282	104	45	23
280	104	44	23
279	105	45	23
277	105	45	23
276	106	45	23
273	107	45	23
272	107	45	23
271	107	46	23
269	108	46	23
267	108	46	23
265	109	46	23
265	110	46	24
262	110	46	24
262	111	46	24
260	111	45	24
258	111	46	24
256	112	45	24
256	112	45	24
253	112	45	24
252	112	45	25
250	113	46	25
249	113	45	25
247	114	45	25
246	114	45	25
244	116	45	25
243	116	46	25
241	115	46	25
239	115	46	25
239	115	46	25
237	115	46	25
234	113	47	25
233	112	47	25
232	112	47	25
230	110	47	25
227	109	48	25
226	108	48	26
224	106	48	26
222	105	49	26
221	104	48	26
219	103	48	27
217	103	48	27
217	101	48	27
214	102	48	27
212	101	47	27
211	101	48	27
209	100	48	27
209	100	48	27
207	100	48	27
205	100	47	27
204	100	47	27
202	100	47	27
201	100	47	27
199	101	46	28
199	101	46	28
197	102	46	28
195	103	46	28
194	102	47	28
192	104	47	28
192	103	47	28
189	104	47	28
187	106	47	28
186	106	47	28
185	107	48	29
183	107	48	29
182	108	48	29
180	109	48	29
179	110	48	29
177	111	48	29
177	112	48	29
175	112	48	29
173	112	48	29
172	114	48	29
170	114	48	29
169	114	48	29
168	114	48	30
166	116	48	30
165	115	48	30
163	116	48	30
162	117	48	30
160	118	48	31
159	118	48	31
158	119	47	32
156	120	48	33
155	121	48	33
154	121	48	33
151	121	49	34
150	122	49	34
149	122	49	34
148	123	49	34
147	124	49	34
145	125	49	34
144	126	49	33
143	127	50	33
141	128	50	33
139	129	50	32
137	130	50	32
136	130	50	33
134	131	49	33
133	132	49	33
132	132	49	33
130	134	49	33
128	134	49	33
128	134	48	33
126	136	48	33
125	137	49	33
123	138	49	33
121	138	49	33
120	139	49	33
120	140	49	33
118	142	49	33
115	142	49	33
115	143	49	33
113	144	49	34
111	145	49	34
111	146	49	34
108	148	49	34
107	148	49	34
106	149	49	34
105	149	49	34
103	150	49	34
101	152	49	34
101	153	49	34
99	153	49	34
98	154	49	34
97	154	49	34
95	155	49	34
94	156	48	35
93	157	49	35
92	158	49	35
90	159	49	35
89	160	48	35
87	161	48	35
87	162	48	35
85	163	48	36
83	164	48	36
81	166	49	36
81	166	48	36
80	167	49	37
79	168	49	37
78	169	49	37
76	170	49	37
74	171	49	37
73	173	49	37
73	175	48	36
72	175	48	37
69	176	49	37
69	178	49	37
68	178	49	37
66	180	50	37
65	182	50	37
64	184	51	37
62	185	51	37
61	185	51	38
60	188	51	37
58	190	50	37
58	191	50	37
58	192	49	37
57	194	49	38
55	195	49	38
54	197	49	38
53	198	48	38
52	200	48	38
50	202	48	38
50	203	48	38
48	205	48	38
48	207	49	38
47	208	49	38
45	210	49	38
44	211	49	39
43	212	49	39
41	214	49	39
41	216	49	39
39	217	49	40
38	218	49	40
37	220	49	40
35	222	49	40
35	223	49	40
33	225	49	40
33	227	49	40
32	229	49	40
31	230	49	41
30	233	49	40
29	233	49	41
27	236	49	41
27	237	49	41
25	239	50	42
24	241	50	42
22	242	50	42
21	244	50	43
20	246	50	44
19	248	50	44
17	249	51	44
17	250	50	44
16	252	51	44
15	253	51	44
14	256	51	44
13	257	51	44
12	259	51	44
11	261	51	44
10	262	51	44
9	265	51	44
9	266	51	44
8	268	51	45
7	269	51	45
6	270	50	45
4	273	50	45
5	274	50	45
3	276	49	45
3	278	49	45
2	279	48	45
2	282	47	46
1	282	47	46
1	284	46	47
1	285	45	46
0	287	45	47
1	289	45	47
0	292	44	47
0	293	43	46
1	296	43	46
0	297	42	46
0	299	41	47
0	300	40	47
0	302	40	47
0	303	39	47
0	305	39	47
0	308	38	47
0	309	37	47
0	311	37	47
0	312	36	47
0	314	35	47
0	316	35	47
0	318	34	47
0	319	33	47
0	322	33	46
0	322	32	47
0	324	31	47
0	326	31	47
0	327	30	47
0	327	30	47
0	329	29	48
0	330	28	48
0	331	27	48
0	331	27	49
0	332	26	50
0	333	26	50
0	334	25	51
1	334	25	51
0	334	25	50
0	335	25	50
0	336	24	49
0	337	24	49
0	338	24	49
0	338	23	49
0	340	23	49
0	341	22	49
0	342	22	49
1	343	22	49
0	343	21	50
1	344	21	50
0	345	21	50
0	346	21	50
1	347	21	51
0	348	21	51
0	347	21	52
0	350	20	53
0	352	19	53
0	353	19	53
0	354	18	53
0	355	18	53
0	357	17	54
0	359	17	53
1	361	16	54
1	362	16	54
0	364	16	53
0	366	15	53
1	366	15	54
0	369	15	54
1	370	15	54
0	372	15	53
1	374	15	54
1	376	14	54
1	377	14	53
0	378	15	53
2	379	15	53
1	381	15	53
1	382	15	53
1	383	15	53
2	384	15	53
1	385	15	53
1	385	15	54
1	386	15	54
2	386	16	54
1	387	16	54
1	388	16	54
1	389	16	54
2	390	17	54
2	390	18	54
2	391	18	54
2	392	19	54
1	393	19	54
2	394	19	54
2	395	20	54
2	396	21	55
2	397	21	55
2	398	22	55
2	401	22	55
2	404	23	55
1	406	24	55
1	408	24	55
2	411	25	55
2	413	26	55
1	416	26	55
1	417	27	55
1	420	28	55
1	421	28	56
2	424	29	56
1	427	30	56
2	428	31	57
2	431	31	57
2	433	32	57
2	434	33	56
3	435	33	57
3	435	34	57
4	436	34	57
5	436	35	57
6	436	35	57
6	436	35	57
7	436	35	58
8	435	35	58
9	435	35	58
11	433	35	58
11	430	36	59
12	429	36	59
12	429	36	58
13	426	36	58
15	423	37	58
16	422	37	58
16	420	38	58
17	418	38	58
17	417	38	58
19	415	39	58
19	413	39	58
21	411	40	58
22	410	40	58
23	410	40	58
25	407	41	59
25	407	41	58
26	408	41	59
27	410	41	59
28	412	42	59
29	414	43	60
30	416	43	60
30	417	44	60
31	419	44	59
31	422	44	59
32	425	45	59
33	427	45	59
34	428	46	59
34	430	46	59
37	432	46	60
39	435	45	60
39	436	46	59
42	438	45	59
43	440	44	59
44	442	44	59
46	444	44	59
47	447	45	59
48	449	45	59
49	451	45	58
51	453	46	58
51	455	46	58
53	458	46	59
53	460	46	59
55	462	47	59
55	463	47	59
57	467	48	59
58	467	48	59
59	471	48	59
60	472	48	59
62	474	48	59
63	477	48	59
64	478	48	59
66	480	49	60
67	482	49	60
68	483	50	60
70	486	50	60
71	488	50	60
73	490	50	60
73	491	51	60
75	493	52	60
76	496	52	60
77	498	52	60
78	500	53	60
80	501	53	60
81	503	53	60
83	505	53	60
84	508	53	60
86	509	53	60
87	511	53	60
89	513	53	60
90	515	53	60
92	517	53	60
92	519	54	59
95	521	54	59
95	523	54	59
98	526	54	59
100	527	54	58
101	529	54	58
102	531	54	58
105	534	54	58
107	534	54	58
109	537	54	58
109	539	54	58
110	540	54	58
112	542	55	57
113	544	55	57
115	546	55	57
116	547	56	57
117	548	56	57
119	551	57	57
122	553	57	56
123	555	57	56
124	555	57	57
126	558	57	57
127	560	57	56
129	561	57	56
130	563	58	56
132	564	58	56
134	566	58	56
135	568	58	57
136	570	59	57
138	571	59	57
139	573	59	57
141	574	59	57
143	576	59	57
146	577	60	57
148	579	60	57
149	580	60	57
150	582	60	57
153	583	60	57
155	585	60	57
157	587	60	57
159	588	60	57
160	590	60	57
162	591	60	57
163	593	61	57
165	593	61	57
167	595	61	57
169	597	61	57
170	599	61	57
172	600	61	56
174	602	61	56
176	602	61	56
177	604	62	56
179	605	62	56
181	607	62	56
184	609	62	55
185	610	62	56
187	611	62	56
189	613	62	56
192	614	63	56
193	615	63	56
195	617	63	56
196	618	64	56
199	619	64	56
202	621	64	55
202	622	65	55
203	623	65	55
205	625	66	55
206	627	66	55
209	628	67	55
210	630	67	55
213	630	68	55
213	631	68	55
216	633	68	55
220	634	68	55
222	636	68	55
224	637	68	55
226	639	68	55
228	640	68	55
231	641	68	55
232	642	68	55
234	643	69	55
237	644	69	55
239	646	69	54
241	646	69	54
244	647	69	55
247	648	69	55
249	650	69	54
250	651	69	54
253	653	69	54
254	654	70	54
256	655	70	54
258	657	70	54
260	658	70	54
264	660	71	54
266	661	71	54
268	662	71	54
270	664	71	54
272	665	71	54
276	667	71	53
278	669	71	52
279	669	71	51
282	670	71	51
284	671	71	50
287	673	71	49
289	674	72	48
291	676	71	47
294	677	71	45
296	678	71	44
299	680	71	42
301	681	71	41
303	683	72	39
306	684	71	38
307	685	71	36
311	688	71	35
313	688	71	33
315	689	72	32
317	690	71	31
319	692	71	29
322	693	71	28
325	694	71	27
326	696	70	25
329	697	70	24
332	698	71	23
334	701	71	21
338	700	71	20
341	701	71	19
343	702	71	19
345	702	72	18
349	703	72	17
351	704	72	17
354	704	72	17
356	704	73	16
360	705	73	16
361	705	73	16
363	705	74	16
365	696	73	18
366	695	73	18
369	696	73	19
374	696	73	19
374	695	73	19
377	695	73	20
383	693	72	21
387	692	69	23
390	691	67	25
393	691	66	26
396	690	65	28
399	692	64	28
401	690	64	29
403	691	63	29
406	691	63	29
408	691	63	28
412	693	63	28
412	693	63	28
415	693	63	27
418	694	63	27
419	694	63	26
422	694	63	27
424	693	63	27
427	695	62	26
429	693	61	26
432	694	60	26
435	695	60	26
438	696	60	25
440	696	60	25
442	697	61	24
443	697	61	24
445	698	61	23
446	698	62	23
451	698	63	23
452	699	64	23
455	695	64	23
456	699	64	23
458	695	64	23
459	690	64	24
461	695	64	24
463	697	65	24
467	697	66	24
471	692	66	25
476	695	67	25
478	695	67	25
480	697	68	24
486	691	68	25
493	693	69	25
494	695	70	25
499	689	70	26
501	691	70	26
505	692	70	26
499	694	70	26
504	686	70	27
508	689	70	27
506	691	71	28
506	691	71	28
508	692	72	28
509	683	72	28
511	686	72	29
509	687	72	29
509	689	73	29
508	692	74	29
509	681	74	29
510	684	75	30
512	686	75	30
509	690	76	29
510	692	77	29
509	693	79	28
511	682	79	29
502	683	79	29
504	684	79	30
506	670	79	30
511	669	79	31
518	668	80	31
506	666	80	32
496	640	80	32
502	643	81	32
507	647	81	32
516	650	81	33
524	640	82	33
519	641	83	33
530	642	83	33
523	643	84	33
530	645	85	33
525	648	85	33
530	651	85	34
523	654	86	34
529	654	86	34
522	642	87	34
515	645	88	34
506	646	88	34
515	648	89	34
523	652	89	35
529	654	90	35
533	657	90	35
524	642	91	35
529	658	91	36
519	659	92	36
524	658	92	36
528	657	92	36
523	644	93	36
528	659	93	37
521	647	94	37
513	650	95	37
523	655	95	37
529	658	96	38
520	660	96	38
526	660	97	38
517	649	97	38
526	653	98	39
531	659	98	39
521	661	98	39
526	664	99	39
518	652	99	39
523	655	100	40
526	660	100	40
515	647	101	40
522	653	102	40
527	657	102	41
517	661	103	41
505	650	104	41
514	657	105	41
519	660	105	42
523	650	106	42
514	656	107	42
518	661	107	42
503	649	109	42
511	658	109	43
514	646	111	43
498	654	111	43
506	661	112	43
511	651	113	43
499	658	114	44
504	643	115	44
489	653	115	44
501	630	117	44
510	630	118	44
514	660	118	44
516	646	119	45
503	655	120	45
509	663	120	45
511	649	122	45
501	659	122	46
509	644	123	46
513	652	124	46
501	662	125	46
507	646	126	46
511	653	128	47
500	662	128	47
506	643	129	47
512	649	130	47
520	657	131	47
506	632	132	47
518	663	133	47
518	643	134	47
521	649	134	47
506	626	135	47
497	624	136	47
508	655	137	47
511	634	138	47
500	634	139	47
508	636	140	47
511	639	140	47
511	640	141	47
512	641	142	47
513	642	143	47
512	646	143	47
514	651	144	47
497	632	145	47
506	638	145	47
506	641	146	47
508	644	147	47
508	648	148	47
491	626	149	47
498	632	150	47
491	635	150	47
499	640	151	47
504	645	152	47
506	648	153	47
485	622	154	47
489	623	155	47
494	627	155	47
497	630	156	47
485	627	157	47
491	627	158	47
477	623	159	47
486	621	160	48
491	624	160	49
475	620	161	49
485	619	161	49
491	623	162	50
476	620	162	50
488	622	162	50
492	625	163	51
474	622	164	51
485	622	164	51
489	626	165	51
472	622	167	51
480	622	168	52
484	625	169	52
485	626	170	52
466	623	171	52
478	621	172	52
486	624	172	52
488	625	173	52
469	622	174	52
478	621	175	53
486	621	175	53
465	617	176	53
478	617	176	54
486	618	177	54
470	616	177	54
480	617	178	55
467	614	178	55
475	613	179	56
465	611	179	56
471	610	180	57
475	610	180	58
480	610	181	58
465	606	181	59
461	603	181	60
466	601	181	61
470	601	182	61
469	621	183	61
460	616	185	61
451	610	185	62
464	606	186	62
461	603	186	63
463	600	186	64
458	623	187	64
470	612	189	64
460	609	189	64
457	607	190	65
453	605	190	65
467	603	191	66
459	601	191	66
468	598	191	66
448	596	191	67
466	617	192	67
449	608	193	67
466	605	193	67
451	602	194	68
466	601	194	68
453	599	194	68
458	595	195	69
463	594	195	69
466	594	195	69
457	615	195	69
447	611	196	69
461	606	197	70
457	604	197	70
469	604	198	70
459	604	199	70
465	601	200	70
450	599	200	71
456	597	200	71
461	595	200	71
466	596	201	71
469	597	201	72
470	597	201	72
450	597	202	72
455	596	202	72
461	596	202	72
463	596	203	73
469	596	203	73
472	599	204	73
475	600	204	73
455	600	205	73
462	599	205	73
473	575	205	74
484	545	205	75
501	470	205	75
483	462	205	76
496	459	204	77
505	456	204	79
512	454	203	80
513	453	203	81
512	451	202	82
493	448	202	83
499	448	202	84
506	448	202	85
507	448	202	86
505	447	202	86
506	445	201	87
509	443	201	88
510	444	201	89
509	443	201	89
510	443	201	90
509	442	201	91
512	443	200	92
512	442	200	92
510	442	200	93
511	440	200	94
509	442	200	94
509	439	200	95
510	438	200	96
510	440	200	97
512	439	200	97
511	440	200	98
512	440	200	98
513	441	200	99
492	475	200	100
503	473	200	100
510	472	200	101
492	470	200	101
501	470	201	102
510	473	201	102
493	472	201	103
499	471	202	103
506	475	202	104
489	473	202	104
498	471	203	105
502	475	203	105
485	478	204	105
497	474	204	106
479	475	205	106
490	473	205	107
498	472	205	107
479	475	206	108
491	474	206	108
499	475	207	108
484	479	208	108
492	477	208	109
496	479	209	109
480	481	209	109
489	478	210	110
494	480	210	110
481	481	211	110
487	479	211	111
493	482	212	111
479	482	212	111
485	479	213	112
491	480	213	112
476	483	214	113
485	480	215	113
491	480	215	113
494	482	216	114
478	482	217	114
485	483	217	114
492	483	218	115
495	479	219	115
475	481	219	115
484	483	220	115
489	484	221	115
490	482	221	116
490	481	222	116
490	482	223	116
474	482	223	116
482	522	224	116
482	523	225	116
483	524	226	116
481	528	227	116
481	529	229	116
480	528	230	116
479	527	232	116
477	530	233	116
478	529	234	116
477	528	236	116
475	529	237	115
474	529	238	115
474	528	239	115
475	528	240	116
476	528	240	116
474	532	241	116
476	531	242	116
474	533	243	116
474	533	244	116
472	535	245	117
473	533	246	117
472	535	247	117
471	534	247	117
470	535	248	117
470	537	249	118
471	538	250	118
469	541	250	118
468	544	251	118
469	547	252	119
470	511	252	120
473	512	252	120
471	514	252	121
472	516	252	122
474	517	252	122
475	518	252	123
473	519	253	124
473	522	253	125
473	530	253	125
469	534	254	126
468	539	255	126
468	546	257	126
471	555	258	126
467	511	259	127
468	513	259	127
468	515	259	128
468	521	259	129
468	528	260	129
467	534	260	129
466	541	261	130
469	553	262	130
476	561	265	131
460	518	265	131
466	519	265	132
464	527	266	133
467	534	266	133
468	544	267	134
476	557	269	134
459	515	269	135
462	519	269	135
462	527	269	136
465	531	270	136
463	539	271	137
466	502	270	138
465	519	270	138
464	530	271	138
464	540	272	139
467	503	271	140
467	517	271	141
464	529	272	141
466	544	273	141
467	507	272	142
465	516	272	143
464	527	273	143
463	536	274	143
471	551	276	143
467	510	275	144
465	525	276	144
468	534	277	145
