246	278	131	59
244	279	132	58
244	279	132	57
243	279	133	57
241	279	133	57
241	279	133	56
240	279	133	56
238	279	133	56
237	279	133	56
236	280	133	56
234	280	133	56
234	280	133	56
233	281	133	56
231	281	133	56
230	281	133	56
229	281	133	56
228	281	133	56
228	281	133	56
228	282	133	56
229	282	133	57
230	283	133	57
229	282	133	57
230	283	133	57
231	284	133	57
233	284	133	57
234	284	133	57
235	285	133	57
236	285	133	57
239	285	134	57
240	286	134	57
242	287	134	57
245	288	134	57
247	288	135	57
249	289	134	57
250	289	134	57
254	289	134	58
256	290	134	58
259	291	134	58
261	292	134	58
263	293	134	59
266	294	135	59
267	295	134	59
269	296	134	60
271	298	134	60
273	298	134	61
274	300	134	62
276	300	135	63
278	301	135	64
280	303	135	65
282	306	135	65
285	305	135	66
288	308	135	67
290	309	135	68
293	311	134	69
295	313	135	69
298	316	135	70
301	318	136	70
303	320	136	71
305	322	137	72
307	325	137	73
309	329	138	73
311	331	138	74
314	333	138	75
316	334	139	76
317	336	139	77
319	336	141	79
319	338	142	81
319	339	144	83
319	340	146	85
319	342	148	87
321	344	150	89
322	346	152	91
323	348	154	93
324	350	156	95
324	352	159	96
327	354	163	99
327	354	166	101
330	354	169	103
332	354	173	106
334	355	177	109
338	355	180	112
341	356	184	115
344	355	188	118
347	357	193	122
350	356	197	125
354	359	202	129
357	357	207	134
360	360	213	137
364	358	218	142
367	358	224	146
373	360	231	150
376	360	238	155
379	360	245	159
380	361	254	164
381	362	262	168
385	366	271	173
386	367	280	178
387	372	289	182
389	376	298	185
392	382	306	188
400	391	317	191
403	397	327	193
405	406	338	195
408	413	349	196
413	422	358	197
420	432	368	197
424	441	377	197
431	447	385	197
438	454	393	195
449	461	399	193
465	467	405	189
476	470	410	186
490	471	413	183
502	468	415	182
515	463	415	182
536	456	412	185
547	445	409	189
561	435	404	194
574	419	397	198
584	402	390	204
594	377	378	210
602	358	367	213
606	338	356	214
609	314	342	218
610	288	329	222
607	271	316	222
602	260	304	216
597	251	292	210
593	240	281	204
591	229	269	199
589	216	257	193
591	207	245	187
597	200	233	181
603	194	222	176
603	189	213	171
605	181	207	163
622	178	192	160
631	175	182	155
640	174	173	150
648	173	165	146
657	174	158	140
665	176	150	135
672	179	143	131
679	185	136	128
684	191	131	124
690	199	125	120
694	207	119	117
696	215	114	114
698	221	110	111
700	228	106	108
698	235	103	105
697	237	100	102
696	239	97	99
694	242	94	96
691	242	92	94
687	242	90	91
683	240	88	88
679	241	86	86
674	240	85	84
670	239	83	83
664	239	82	80
659	239	81	78
654	237	80	77
649	236	79	75
643	234	78	74
635	231	77	72
630	229	76	71
624	227	75	70
619	225	74	69
613	224	73	67
604	221	73	66
599	220	72	65
594	218	71	63
588	217	70	62
583	216	69	61
575	214	68	61
570	213	68	60
563	213	67	59
558	212	67	59
552	211	66	58
544	210	65	58
539	209	65	57
534	208	64	57
529	207	64	56
526	206	64	56
520	205	64	55
516	204	65	54
513	203	66	54
509	201	66	53
508	200	67	53
505	200	69	52
503	199	71	52
500	199	73	51
500	198	75	51
498	198	77	51
497	197	79	50
496	197	80	50
497	197	83	50
497	197	87	50
495	196	88	50
495	196	89	49
495	195	90	48
497	195	90	48
497	193	92	48
498	193	93	48
498	192	94	47
499	191	95	46
500	189	97	45
502	189	98	45
503	188	98	45
505	186	100	45
506	186	100	45
507	185	101	45
509	183	102	45
510	182	103	45
513	181	104	45
515	180	106	45
516	180	106	45
519	178	107	44
521	177	108	44
524	176	109	44
527	175	109	44
528	174	110	44
532	174	111	43
535	172	112	44
539	172	113	43
543	171	113	43
546	170	114	43
551	170	115	43
555	171	116	43
561	171	117	43
566	171	118	43
572	170	119	43
577	171	119	43
582	171	120	43
590	173	121	43
595	173	123	43
600	174	124	44
605	175	124	44
611	175	125	44
618	178	125	45
624	179	125	45
628	179	126	45
632	182	126	46
637	183	126	46
644	186	127	46
648	186	127	46
652	189	128	47
658	191	128	47
663	193	128	47
668	195	128	48
673	197	129	48
678	198	129	48
684	200	128	49
690	202	127	49
697	204	127	50
704	204	128	50
707	207	128	50
711	208	127	51
718	210	125	51
726	213	124	51
732	215	122	51
736	216	121	51
741	218	119	52
747	220	118	52
753	222	116	52
758	223	114	52
762	225	112	52
767	226	109	52
771	227	107	53
776	230	105	53
780	231	104	53
780	231	104	53
785	233	102	54
789	234	99	54
792	236	96	54
794	236	94	54
796	238	92	54
798	238	90	55
800	240	88	55
801	242	85	55
802	242	84	55
802	243	82	55
803	245	79	55
804	245	78	55
803	246	76	55
802	247	74	55
802	247	72	55
801	248	71	55
800	249	69	55
798	249	68	55
797	250	67	55
796	251	66	55
793	250	66	55
791	251	65	55
787	252	64	55
783	251	64	55
778	252	63	55
775	252	63	54
770	252	63	54
764	251	63	54
758	252	63	54
754	252	62	54
749	253	62	53
746	252	62	53
740	251	62	54
736	251	62	54
731	251	62	54
725	251	62	53
722	252	62	53
716	252	62	53
711	253	62	52
707	254	61	51
702	254	61	51
696	256	61	51
690	256	61	51
684	257	61	50
679	258	60	50
673	258	61	50
667	260	61	50
659	261	61	50
655	262	61	50
648	263	61	49
643	263	61	49
637	264	61	49
630	266	61	48
625	267	62	48
619	269	62	48
613	269	63	48
608	270	63	47
601	272	65	47
595	274	66	47
590	274	68	47
585	276	69	47
580	277	71	47
574	278	73	46
571	281	75	46
567	282	77	46
564	284	78	46
561	285	80	46
558	288	83	47
557	289	86	46
554	291	88	46
552	292	89	46
551	293	90	46
550	296	92	46
549	296	93	46
548	298	94	46
548	299	96	46
548	300	97	46
550	301	98	45
551	302	99	45
552	303	101	44
554	303	102	44
556	304	103	45
559	304	105	45
563	304	106	45
566	304	106	45
570	304	107	45
572	304	108	45
578	305	108	46
582	306	109	46
586	307	110	46
590	307	111	46
593	308	112	46
599	309	113	46
603	309	113	46
607	309	114	45
611	309	114	45
617	310	115	45
623	309	115	45
626	309	116	46
631	308	116	46
635	309	116	46
639	306	115	46
646	306	114	47
650	306	114	47
654	304	113	47
660	304	113	47
662	302	113	47
668	301	112	47
672	298	112	47
676	298	111	47
680	297	111	47
683	294	110	48
687	292	109	48
691	290	108	49
693	288	107	49
695	287	106	49
697	284	106	49
701	284	105	49
701	282	105	49
703	280	104	50
704	278	104	50
705	276	104	50
706	274	103	50
706	273	103	50
706	272	102	50
706	270	102	49
706	269	102	49
705	267	101	50
705	266	101	50
704	265	100	50
704	264	100	50
704	262	99	50
704	262	99	50
703	261	98	50
703	261	98	50
702	260	97	51
702	259	97	51
701	258	96	52
701	258	95	52
698	258	94	53
699	257	93	53
697	257	92	53
695	258	91	53
695	259	90	54
695	260	89	54
693	260	88	54
690	260	87	55
684	262	89	54
686	262	88	54
684	262	85	54
682	262	84	55
680	262	83	55
677	263	82	55
673	263	81	55
670	263	80	55
667	262	79	56
663	263	79	55
658	264	79	56
654	263	79	55
650	264	79	55
645	263	79	55
641	263	79	55
635	263	80	55
630	262	80	55
627	262	80	55
622	261	81	55
619	261	82	55
612	260	83	55
609	259	84	54
606	259	85	54
601	258	86	54
598	257	88	54
594	257	89	53
590	257	91	53
586	257	92	53
584	257	93	53
581	258	94	53
580	258	98	53
574	259	99	53
573	260	99	52
572	261	100	52
570	261	102	52
569	262	103	53
567	263	104	53
566	264	105	52
566	265	106	51
565	266	107	50
564	268	108	50
565	270	109	50
564	270	111	50
564	272	112	50
564	273	113	50
565	275	114	50
566	276	115	50
565	277	115	50
566	279	116	50
567	280	117	50
568	282	118	51
569	284	118	51
568	285	119	51
569	287	119	52
570	288	120	52
570	291	120	53
571	293	120	54
571	294	120	54
571	296	120	55
571	299	121	55
570	300	121	56
570	302	120	56
570	304	120	57
569	304	120	58
569	304	120	60
568	306	119	61
568	309	119	62
567	310	118	62
567	311	117	63
566	312	117	64
565	312	116	64
566	313	116	65
564	313	115	65
564	313	115	66
557	314	117	66
561	314	115	66
562	314	112	66
562	314	110	66
562	314	109	67
562	313	108	67
560	312	107	67
559	312	106	67
557	312	106	67
557	311	105	67
554	311	105	67
552	311	105	67
551	310	105	67
549	309	105	67
546	308	106	67
545	308	107	66
542	307	108	66
540	305	109	65
538	305	110	65
536	304	111	65
534	304	113	65
532	302	114	64
532	302	115	63
529	302	116	63
530	301	116	62
529	300	117	61
528	300	118	61
528	299	119	60
527	299	120	60
528	299	123	59
527	300	123	59
527	299	124	59
528	299	125	58
528	300	126	58
527	300	127	58
528	300	127	56
530	301	128	56
531	301	129	56
531	303	130	56
533	302	131	56
534	304	132	55
536	306	133	55
537	306	133	56
539	307	134	56
540	308	134	56
541	309	135	57
543	311	135	57
545	313	136	57
546	314	137	58
547	316	137	58
549	318	138	58
551	320	138	59
553	321	138	59
553	323	138	59
555	325	138	59
557	326	139	60
558	328	139	60
559	330	139	61
559	332	139	61
560	333	139	61
561	334	139	61
563	336	139	62
564	336	139	63
565	338	139	63
566	339	138	64
567	338	138	64
571	341	136	63
573	340	137	64
573	340	137	65
575	340	136	66
576	341	136	66
578	342	135	65
578	342	135	65
579	342	134	66
581	341	133	66
582	341	132	66
583	341	131	66
581	340	131	66
582	339	131	66
585	339	129	67
584	338	128	66
585	336	126	66
585	336	126	66
584	334	125	67
583	333	124	67
582	331	123	67
582	330	122	68
581	327	121	68
579	326	121	68
578	324	120	68
577	323	120	67
574	321	120	67
573	320	120	66
570	319	120	66
569	317	121	65
567	317	121	64
565	315	121	64
563	313	122	63
563	312	123	62
561	311	125	61
560	310	125	60
561	309	128	60
558	308	128	59
558	307	129	58
558	306	130	58
558	305	131	57
558	305	132	56
557	305	133	55
556	303	134	54
555	304	136	54
555	302	135	53
555	303	136	53
554	302	138	53
553	302	139	54
554	302	139	53
554	302	139	53
553	303	139	53
552	303	141	53
554	304	141	53
553	304	142	54
553	304	143	54
554	306	144	54
553	307	145	54
553	309	145	54
553	310	146	54
553	311	147	55
552	312	147	56
551	313	149	56
550	315	149	57
551	317	149	58
550	319	150	59
549	322	150	60
550	323	151	60
551	324	153	61
547	324	153	62
547	326	152	63
546	328	152	64
545	329	152	64
544	330	152	65
543	331	151	65
541	331	151	66
541	333	150	67
539	332	149	68
533	333	151	68
536	333	149	69
535	333	147	69
532	333	146	70
530	334	145	71
527	334	144	72
525	333	144	72
522	333	143	73
519	333	142	73
515	332	141	73
513	331	140	74
509	331	140	74
506	331	139	74
503	330	138	74
500	328	137	74
497	328	136	74
494	327	135	74
490	326	135	74
487	325	134	75
483	323	134	75
478	321	133	75
476	321	132	75
472	320	132	75
466	320	132	74
462	319	132	74
459	319	132	74
455	318	131	73
451	318	132	73
446	318	132	72
443	318	132	71
438	318	132	70
434	318	132	70
432	318	132	68
427	318	132	67
425	318	133	66
421	318	133	66
419	318	133	65
416	318	133	64
413	317	134	64
411	316	134	63
409	315	134	63
407	315	134	62
405	314	134	61
403	314	134	60
401	313	135	59
399	313	136	59
398	313	137	58
396	313	138	57
396	314	140	56
393	313	140	56
392	312	140	56
390	311	141	55
390	312	141	55
389	311	141	54
385	311	143	52
388	312	143	51
388	313	143	51
388	314	143	51
388	314	143	52
388	314	145	52
388	314	145	53
388	314	146	53
387	314	145	53
387	315	146	53
388	316	146	53
386	316	147	53
387	317	147	53
387	319	147	53
386	320	148	52
386	322	148	52
387	323	148	52
386	325	149	52
385	326	149	53
384	328	150	53
384	329	151	53
383	331	152	54
384	333	153	54
383	336	153	54
382	340	154	55
381	342	154	55
381	344	155	56
380	347	157	56
380	350	158	57
380	354	159	57
379	357	161	58
378	360	162	59
378	363	163	60
378	365	163	61
379	370	164	61
378	372	166	62
378	375	167	63
377	379	168	64
377	380	170	65
378	385	171	65
377	386	172	66
378	389	173	67
378	391	173	68
379	393	174	68
380	394	175	69
381	396	175	70
383	396	176	72
385	398	177	72
389	398	181	74
386	402	180	74
388	403	180	75
389	403	179	76
391	404	179	77
392	404	178	78
394	404	178	78
395	405	177	79
395	405	177	80
397	405	176	81
398	404	175	82
398	404	174	82
399	404	173	83
398	403	173	83
399	403	173	84
398	402	172	84
398	402	172	84
399	401	171	84
398	400	171	85
397	398	171	85
396	397	170	85
395	395	170	85
394	393	169	85
393	391	169	85
394	390	168	85
392	388	167	86
391	386	166	85
392	383	165	85
391	381	164	85
393	379	162	85
392	377	161	84
394	373	159	83
393	372	158	82
392	368	157	82
393	366	156	81
393	364	155	80
393	359	153	79
392	358	152	79
392	354	151	77
392	352	151	76
390	349	149	75
391	346	148	74
389	343	148	73
389	339	147	72
388	337	146	71
388	333	145	70
387	330	145	69
386	327	144	68
385	324	144	68
385	321	143	66
383	319	143	65
383	315	142	64
382	312	142	63
381	309	141	62
380	308	141	61
380	306	141	60
379	302	141	60
379	299	141	59
379	298	140	58
379	296	140	58
379	294	140	57
379	292	140	56
380	289	140	56
380	288	139	56
381	287	140	55
381	286	139	54
378	285	140	53
378	282	141	53
376	279	141	54
374	280	142	53
371	281	142	52
370	282	142	51
369	281	141	51
368	280	141	50
366	279	141	49
365	278	141	49
362	279	143	48
362	279	142	47
362	279	141	48
360	279	141	48
361	279	140	48
359	278	140	48
357	278	140	48
357	279	141	49
356	280	141	48
355	280	141	48
355	280	141	48
354	280	141	48
353	280	142	48
352	280	142	48
351	280	142	48
351	281	143	48
350	281	143	48
350	280	143	48
349	281	144	49
349	281	144	49
348	281	144	49
347	281	145	50
347	281	146	50
350	281	145	50
350	281	145	50
350	282	146	51
351	282	146	51
351	283	147	51
352	283	147	52
353	284	147	51
354	283	148	51
354	284	148	51
354	284	149	52
354	284	149	52
354	284	150	52
353	285	150	53
353	285	151	53
353	286	150	52
351	287	150	53
352	288	151	53
350	289	150	52
349	289	150	52
347	290	150	52
346	291	150	52
344	293	151	52
342	294	151	53
341	296	151	53
342	297	154	53
338	300	153	53
336	302	153	52
333	304	153	53
331	305	153	53
328	307	152	53
327	310	152	52
325	312	152	51
322	315	152	51
315	318	155	51
316	319	154	51
313	322	153	52
310	324	153	52
306	325	154	52
303	325	153	52
299	325	154	52
295	326	154	52
291	324	154	53
286	325	155	53
281	325	156	53
278	325	156	53
275	325	156	53
270	325	156	53
265	324	157	53
263	324	157	54
261	324	157	54
259	324	157	53
257	324	158	54
255	324	158	54
254	325	158	53
253	324	158	53
252	325	159	53
252	324	159	53
251	324	159	53
251	325	159	53
251	325	160	53
251	324	160	53
251	325	160	53
253	326	160	53
254	325	160	53
254	325	160	53
256	326	160	53
256	325	160	53
256	326	159	53
257	326	159	53
257	327	159	52
258	327	159	52
258	326	159	53
258	327	159	52
258	327	159	52
258	328	158	52
258	329	158	51
256	329	158	51
256	328	158	51
257	329	157	51
255	329	157	51
255	329	157	51
255	329	157	51
255	330	156	51
257	329	155	51
261	330	155	51
264	330	155	51
268	330	156	50
273	330	155	50
278	330	154	49
283	330	154	49
287	331	153	49
292	330	153	49
303	331	152	49
310	330	151	48
317	330	151	48
325	331	150	48
336	330	149	48
350	330	147	48
357	331	147	48
368	330	146	48
377	330	145	48
386	330	144	48
400	331	142	48
408	330	142	47
418	330	141	48
428	331	139	47
436	331	139	47
448	331	138	47
458	330	137	48
466	330	136	47
475	331	136	47
480	331	135	47
487	331	134	47
492	332	134	47
497	331	133	46
501	331	133	46
506	331	132	46
509	332	131	46
509	332	131	45
508	333	130	45
506	333	130	45
505	333	130	45
502	333	129	45
500	333	129	45
499	333	129	45
498	332	129	45
496	333	128	44
493	334	128	44
492	333	127	44
490	334	127	44
489	334	126	44
487	334	125	44
485	334	125	44
484	334	125	44
484	334	124	44
484	334	123	44
485	335	123	44
484	334	122	44
486	335	121	44
487	334	120	44
489	334	120	44
490	334	120	44
493	334	119	44
495	333	118	45
498	334	118	45
500	333	117	45
501	334	116	44
504	334	116	44
506	334	115	44
508	334	115	44
510	333	114	44
512	335	113	43
514	333	113	43
516	334	113	43
518	334	112	43
519	334	112	43
520	333	111	43
520	333	110	43
519	333	109	43
519	333	109	43
519	333	108	43
517	333	108	43
515	333	108	42
514	334	107	42
511	334	107	42
509	334	106	42
508	334	106	42
504	335	105	42
502	335	104	41
499	335	104	41
497	335	103	41
497	335	102	41
497	335	102	41
499	335	102	41
500	335	101	41
502	336	101	40
504	335	101	40
508	336	100	40
512	336	100	40
515	337	99	40
519	337	99	40
523	338	98	40
528	338	98	40
532	338	97	40
535	339	97	40
540	339	96	41
544	339	96	41
549	340	95	41
553	341	95	40
557	341	95	40
562	341	94	40
566	341	94	40
572	343	94	40
575	343	93	40
580	344	93	40
583	345	92	40
587	345	92	40
594	347	91	40
597	347	91	40
600	348	91	39
604	348	90	40
608	349	90	39
613	350	90	39
617	351	90	39
621	352	89	39
625	353	89	39
628	353	88	39
633	355	88	39
638	356	88	39
641	356	88	39
644	358	88	39
647	358	88	39
651	360	88	39
653	360	88	39
655	361	88	39
658	361	88	39
659	363	88	40
662	363	87	40
664	365	87	40
665	366	87	40
666	365	87	40
667	366	87	40
669	367	86	40
669	367	86	41
670	368	86	41
671	369	86	41
671	370	86	41
672	370	86	41
674	370	86	41
674	370	86	41
675	371	86	41
675	372	86	42
676	372	86	41
677	372	86	41
678	373	86	41
677	373	86	42
677	374	86	41
677	373	86	42
676	374	86	42
676	374	85	42
675	374	85	42
675	374	85	42
673	376	85	42
673	375	85	42
673	376	86	43
672	376	86	43
672	377	86	43
671	378	85	43
670	378	86	42
671	380	85	42
670	380	85	42
670	380	85	42
670	381	85	42
668	382	85	43
669	383	85	43
668	383	86	43
668	384	86	43
669	385	86	43
669	386	86	44
669	387	86	44
670	387	86	45
671	388	86	45
671	388	87	45
672	389	86	46
672	390	87	46
672	391	87	46
672	392	87	46
673	393	87	46
673	393	87	46
673	393	88	46
674	394	88	46
674	394	88	46
674	395	88	47
673	395	89	47
675	395	89	47
674	395	89	48
675	396	89	48
675	397	89	48
676	397	90	48
675	397	90	49
676	398	90	49
677	399	91	49
677	400	91	49
678	400	90	49
678	401	91	49
678	401	91	50
679	402	91	50
680	402	92	50
681	403	92	50
682	404	92	51
682	404	93	51
683	405	93	51
684	406	93	51
685	408	93	52
686	409	94	52
686	411	94	52
687	412	94	52
689	413	95	53
691	414	95	53
692	415	96	54
693	416	96	54
695	417	96	55
697	419	97	56
699	419	97	56
701	420	98	57
703	421	98	57
705	421	99	58
707	423	100	58
709	423	101	59
711	424	101	59
714	425	101	59
716	426	102	59
720	427	102	59
722	427	103	60
725	428	104	60
728	428	104	61
731	429	105	62
735	430	106	62
738	431	106	63
741	432	107	64
743	433	108	64
747	434	109	65
752	434	110	66
755	436	110	66
758	437	111	66
762	439	112	67
766	440	113	67
771	443	114	67
775	445	115	68
779	446	116	68
783	448	117	68
788	449	118	69
793	454	119	69
798	454	120	70
803	455	121	70
807	458	122	71
811	460	123	71
818	463	124	72
823	464	126	74
828	466	127	75
833	469	128	75
837	470	129	76
843	472	131	77
847	475	132	78
850	476	134	79
855	478	135	80
858	479	137	81
861	482	138	82
863	484	139	82
865	486	140	83
866	486	141	84
866	488	142	85
866	491	144	86
865	492	145	86
863	493	146	87
862	494	147	88
860	495	148	89
857	497	149	90
856	498	151	90
855	499	152	90
853	501	152	91
852	503	153	92
850	504	155	92
847	505	156	93
846	506	158	93
844	507	159	94
843	510	160	94
843	511	162	95
841	512	163	95
