562	151	41	123
559	152	42	122
559	151	43	122
558	152	43	121
558	151	44	121
557	151	45	121
556	150	45	120
555	150	45	120
554	150	45	119
553	150	45	118
552	150	44	119
551	150	43	118
550	149	43	117
550	149	43	118
549	150	43	118
548	151	43	121
548	151	43	123
547	151	43	125
546	151	42	126
546	150	42	127
546	150	42	128
546	150	42	128
546	150	41	128
545	151	41	128
545	151	41	128
545	152	41	127
544	152	41	127
544	151	41	126
543	151	41	126
542	151	41	125
541	151	41	125
541	151	41	124
540	151	41	124
540	151	42	123
539	151	41	122
539	151	41	122
538	151	42	121
539	151	42	120
538	152	42	120
538	152	42	120
538	153	43	121
537	154	44	122
536	155	44	123
535	154	45	124
535	153	46	124
535	155	46	124
535	155	46	124
536	155	47	125
537	155	47	124
537	155	47	125
536	155	48	125
537	155	49	124
536	155	49	124
536	154	49	123
536	154	49	123
535	154	49	123
535	154	49	122
535	154	48	122
535	154	48	121
535	154	47	121
535	153	47	121
535	154	46	121
535	154	46	123
536	153	46	125
538	154	46	128
539	154	45	130
541	154	44	132
542	153	44	132
543	153	44	132
544	152	44	132
546	153	43	132
547	153	43	132
548	153	43	131
548	153	43	131
549	153	43	130
550	152	43	130
550	152	44	129
551	151	44	129
552	150	44	128
553	150	44	128
554	150	44	127
555	149	45	127
556	148	44	126
557	148	45	125
558	147	45	124
559	147	45	123
561	147	45	123
561	147	46	124
562	147	46	126
562	147	46	127
562	147	47	128
563	146	47	129
563	146	47	129
564	145	46	129
565	146	46	129
566	145	46	129
566	145	45	129
568	144	45	129
568	143	45	129
569	142	45	129
570	141	45	129
570	141	45	128
570	140	45	128
570	138	45	127
571	137	45	126
571	137	45	125
572	137	45	125
571	136	45	124
571	135	44	123
571	136	44	124
572	135	44	126
572	135	44	128
572	135	44	130
572	135	44	132
572	134	44	133
571	133	45	134
571	133	45	134
571	132	45	133
570	132	45	133
570	132	45	133
570	132	45	133
570	132	45	133
568	131	45	133
567	130	46	132
566	130	46	131
565	129	46	131
563	129	47	130
562	127	47	129
563	127	47	129
562	127	47	128
563	126	46	127
564	126	46	126
565	125	46	126
567	124	46	124
569	124	46	124
570	125	46	124
573	124	46	125
574	125	46	127
577	125	46	129
579	124	46	130
582	123	46	130
585	122	46	130
588	122	47	131
592	122	46	131
597	121	46	131
601	121	46	131
607	121	46	130
611	121	46	129
618	120	45	129
624	120	45	128
630	119	45	128
636	118	45	127
639	119	45	126
644	119	45	125
648	119	45	125
650	119	45	124
652	118	45	124
653	118	45	123
653	117	45	123
653	118	45	123
653	119	45	124
651	119	45	126
649	119	45	128
647	120	45	131
645	120	45	133
643	119	45	133
641	118	45	134
639	118	45	134
637	118	44	133
634	118	45	133
632	118	44	133
629	119	44	132
627	119	44	132
624	118	45	132
621	119	45	131
618	118	45	130
616	118	45	130
613	118	45	129
610	118	45	129
608	118	45	128
605	118	45	127
602	118	45	126
599	118	45	125
596	117	45	124
594	118	45	123
590	119	46	124
586	119	46	125
582	120	47	127
580	121	48	129
578	120	48	130
578	120	49	131
579	120	48	132
579	119	48	132
581	120	48	132
582	120	47	132
584	120	47	132
586	120	46	132
588	119	46	131
590	119	46	131
593	119	46	131
595	118	46	130
597	117	46	129
599	117	47	128
602	118	47	127
604	117	47	126
607	117	47	125
610	117	46	124
612	116	47	124
615	117	46	124
619	117	46	126
622	117	47	128
625	118	46	130
629	118	47	133
632	118	46	135
636	117	46	136
640	117	46	136
643	117	45	136
647	117	45	136
650	118	45	136
652	118	45	136
656	118	45	136
659	119	45	135
662	119	45	135
665	120	45	134
667	120	44	133
670	121	45	132
672	121	45	132
675	121	46	131
677	120	46	131
679	120	46	130
683	121	46	129
685	121	46	127
686	122	47	127
688	122	48	125
690	123	49	124
690	125	50	125
689	126	51	125
688	126	52	126
688	126	54	127
688	127	55	128
686	127	56	129
687	128	56	129
686	129	56	130
688	128	56	130
689	129	55	130
689	129	54	130
689	129	54	130
690	128	52	130
690	129	51	130
690	129	51	129
690	128	49	129
689	129	49	128
689	129	48	128
688	129	47	127
687	129	46	127
686	129	46	126
684	130	46	125
682	129	46	126
680	131	46	127
678	132	47	130
676	132	47	131
674	133	47	133
673	132	47	135
669	132	48	135
667	132	49	136
666	133	49	136
666	134	48	135
666	134	48	135
665	136	48	135
666	135	47	134
666	136	47	134
666	136	46	133
667	137	45	132
668	138	45	132
669	138	45	131
670	138	45	131
669	138	46	130
670	139	47	130
671	138	47	129
672	139	48	129
672	139	47	128
673	139	47	127
673	140	48	126
672	141	49	125
671	142	51	125
670	142	52	125
668	143	54	125
667	143	55	125
666	144	57	126
664	145	58	126
663	145	59	126
664	146	60	127
664	147	60	127
663	148	60	127
664	147	59	127
666	147	58	127
667	148	57	126
668	147	56	126
667	148	56	125
667	147	55	125
667	148	54	124
666	148	53	124
666	148	51	123
665	148	50	123
664	148	48	123
664	148	46	123
663	149	46	123
662	150	46	125
661	151	46	129
660	152	45	131
658	152	45	134
658	152	45	136
657	153	45	137
655	152	45	137
654	152	45	137
653	153	46	137
653	154	46	137
654	154	46	136
653	155	46	135
654	156	45	135
653	156	45	134
655	157	45	133
655	157	45	132
657	157	45	132
657	157	44	131
660	157	44	130
662	157	43	129
664	158	43	129
666	158	42	128
669	159	42	127
671	160	42	127
675	159	42	126
677	160	43	125
677	160	45	124
678	160	48	124
679	161	50	123
679	162	53	123
679	162	56	122
678	164	59	122
677	164	63	122
679	164	65	123
679	165	67	122
683	166	68	123
686	166	69	123
689	166	69	123
692	166	69	123
696	166	69	123
700	165	68	122
703	166	67	122
705	166	64	121
708	167	61	121
710	167	59	121
711	167	56	121
713	167	54	120
713	167	51	121
712	167	48	121
712	168	47	122
712	168	45	123
710	169	44	126
707	169	44	127
703	168	45	129
699	169	45	130
695	169	46	130
691	168	48	130
686	168	50	130
683	168	52	130
681	169	53	130
680	171	53	129
681	170	53	129
680	170	52	129
680	171	53	129
680	171	54	128
679	172	54	128
679	173	55	127
678	172	55	127
680	173	54	126
679	173	53	125
679	174	52	125
679	173	50	124
679	173	48	124
680	173	45	124
680	173	43	123
681	173	41	123
681	173	40	122
681	172	40	122
678	172	41	122
676	172	43	121
674	173	46	120
673	173	49	119
671	173	51	119
668	172	55	119
665	172	59	119
663	172	62	119
664	172	64	119
665	172	65	119
665	172	66	119
668	171	65	119
668	171	66	120
670	170	65	120
672	169	64	120
673	168	63	120
673	167	61	120
674	167	59	119
673	168	57	119
673	167	55	119
672	168	53	119
670	167	50	119
668	167	47	119
666	166	44	120
664	167	42	121
663	167	40	122
662	166	39	123
660	166	40	125
656	165	42	126
653	163	43	125
650	164	46	125
646	163	49	125
643	163	52	124
640	163	56	124
640	163	58	123
639	164	59	123
639	163	60	123
640	163	61	122
640	163	61	122
641	163	61	121
642	162	59	121
642	162	57	120
643	162	56	120
644	162	54	120
645	161	52	120
645	162	49	120
647	161	48	119
647	161	45	119
646	160	43	119
647	160	40	119
649	160	37	119
649	159	36	119
649	159	37	119
647	158	39	118
645	158	43	118
643	158	47	118
641	157	52	118
638	158	57	117
638	158	61	117
640	157	64	117
643	156	65	117
647	156	65	117
650	155	65	117
655	154	65	117
660	153	64	118
663	151	63	119
668	151	61	119
672	150	59	119
677	149	57	118
680	149	54	117
683	149	52	117
685	149	50	116
687	149	47	116
689	148	44	117
690	147	42	117
693	147	40	117
698	147	38	117
697	147	38	118
696	146	41	117
693	146	45	116
692	145	49	115
690	145	53	115
688	145	57	114
687	145	60	114
687	145	62	113
689	146	64	113
691	146	64	113
693	145	64	113
693	146	64	113
694	144	64	114
694	145	63	114
695	144	62	114
696	144	61	114
696	143	59	114
696	143	57	114
696	142	54	114
696	142	51	114
697	142	47	115
696	142	44	115
696	141	41	115
695	141	39	115
695	141	37	114
695	140	37	114
695	140	38	114
693	139	40	114
691	140	43	114
689	140	46	114
687	140	51	113
686	141	54	113
687	141	57	113
689	140	59	113
692	140	60	114
693	140	62	114
697	139	62	114
700	138	62	115
704	138	62	115
707	138	61	116
712	137	59	115
715	137	57	116
719	136	54	115
723	136	51	115
727	136	48	115
729	137	45	116
732	136	42	116
734	136	40	115
737	136	39	115
740	136	39	114
741	136	39	114
740	136	42	113
738	137	46	113
737	137	49	112
736	137	53	112
737	137	55	112
740	137	57	112
742	138	58	112
746	138	59	112
748	138	59	112
753	138	59	112
756	138	59	112
759	137	59	112
763	137	58	112
767	137	57	112
770	136	55	112
772	137	54	112
775	136	51	112
777	136	49	112
780	135	46	112
782	136	42	113
784	135	39	113
786	136	38	113
788	135	36	113
788	135	36	112
787	135	37	113
784	135	40	113
782	134	44	113
781	134	47	113
780	134	49	113
780	134	51	113
780	133	52	114
782	133	53	115
783	133	54	115
784	133	54	115
785	132	54	115
786	131	55	116
788	130	54	116
789	129	54	117
790	128	53	117
792	128	51	117
792	126	48	116
791	125	45	116
792	125	42	115
792	125	40	115
791	124	39	114
790	123	37	113
789	123	37	112
784	122	39	111
780	122	41	110
775	122	44	110
770	122	47	109
767	121	50	110
763	121	52	110
761	121	53	110
758	120	54	110
757	120	54	110
756	119	54	110
755	119	53	111
753	118	53	111
751	116	53	111
750	116	53	111
749	115	53	111
747	114	52	111
745	113	50	110
744	113	48	110
742	112	46	109
740	112	43	109
739	112	41	109
737	111	39	109
735	111	37	109
734	110	35	109
732	110	35	110
729	110	35	110
726	108	36	111
721	108	39	111
718	107	41	112
716	107	43	112
715	108	45	112
715	108	46	112
716	107	46	112
718	107	46	112
719	106	46	113
720	106	46	113
722	106	46	113
724	106	47	114
727	106	46	114
729	105	46	114
732	105	45	115
735	106	43	114
737	105	41	114
739	106	39	114
742	106	37	113
745	106	36	112
747	105	35	111
750	106	35	110
750	107	36	110
750	107	38	109
750	108	41	109
750	109	43	109
750	110	46	109
750	111	48	110
752	112	50	110
752	113	51	110
756	114	51	111
758	115	51	111
759	116	51	111
760	117	51	111
761	117	51	111
762	118	50	111
762	118	50	111
761	119	49	110
761	120	47	110
760	121	44	109
758	122	42	108
757	123	40	108
756	124	38	108
753	125	37	107
751	127	36	107
749	129	34	108
745	129	33	108
739	130	34	108
733	131	36	109
728	131	38	110
722	132	40	110
718	134	42	111
713	135	45	111
711	136	45	112
709	137	46	112
707	139	46	113
705	140	46	113
704	141	46	113
705	141	46	113
705	142	45	113
706	143	44	114
706	144	43	114
708	146	42	114
710	147	40	114
713	148	38	113
718	149	35	112
721	150	33	111
727	152	32	110
732	154	32	108
736	156	33	108
738	158	35	107
740	160	38	106
744	162	41	106
748	165	44	107
752	167	47	108
757	170	49	109
763	172	51	110
768	174	52	110
774	176	53	111
779	178	53	112
784	181	53	112
789	182	53	112
793	183	52	113
796	184	51	112
798	185	50	112
799	187	49	111
800	188	48	110
799	190	46	109
799	191	44	108
797	192	41	107
794	194	40	107
792	195	39	107
789	197	37	107
786	199	36	107
782	201	35	107
776	202	36	108
770	202	38	109
763	204	40	110
758	204	42	111
755	205	43	112
751	206	44	113
747	207	44	114
745	210	44	114
741	211	44	115
739	212	44	116
737	212	44	116
734	213	43	117
731	214	44	117
729	215	43	117
727	216	41	117
724	217	40	116
722	219	38	115
721	219	37	114
721	221	36	112
721	222	35	110
720	223	35	109
722	224	35	108
721	227	36	108
721	228	38	108
719	230	40	108
719	231	42	108
718	233	44	108
718	236	46	109
719	237	48	109
721	239	49	110
723	240	49	111
726	242	49	112
728	242	49	112
731	244	49	113
734	245	48	113
737	247	47	112
740	248	46	111
743	249	44	110
746	250	43	109
748	252	42	107
749	253	40	106
749	254	39	105
749	255	38	105
748	256	38	105
747	257	38	105
746	259	37	106
744	259	37	107
742	259	38	108
738	260	38	109
733	261	40	110
730	261	40	111
728	261	40	112
726	262	40	113
723	262	41	113
722	262	41	114
719	263	40	114
719	262	40	115
717	263	40	115
715	262	40	114
714	263	39	114
714	263	38	113
713	263	37	112
713	263	36	111
712	264	35	109
712	264	34	108
711	263	34	106
711	264	35	104
710	265	36	104
708	265	38	104
706	267	40	104
705	267	42	104
704	268	45	104
705	270	47	105
706	270	49	106
709	271	50	107
711	271	50	108
716	272	49	108
720	273	49	109
725	272	49	109
729	272	49	110
734	272	49	110
738	271	48	110
742	272	47	109
748	272	45	108
751	272	44	106
753	271	42	105
757	272	41	103
761	273	39	103
765	273	38	103
767	274	38	103
770	275	38	103
772	275	38	104
776	276	38	105
777	276	38	106
778	276	39	107
779	276	40	107
780	277	41	108
780	277	40	109
781	277	41	110
782	277	41	111
784	276	40	112
784	276	40	113
785	275	40	114
785	274	39	114
787	273	39	114
787	273	38	113
787	273	37	112
788	272	37	111
788	271	36	109
789	271	36	107
789	270	36	105
789	270	36	103
789	271	36	101
789	271	37	101
787	272	38	101
787	272	41	101
787	273	43	102
785	273	45	102
787	273	46	103
788	274	48	104
791	274	48	105
793	274	48	106
796	274	48	107
799	275	48	107
803	275	47	108
806	275	47	109
810	274	46	109
814	274	45	109
817	275	45	108
820	275	44	107
824	275	43	106
827	274	42	104
829	275	41	102
831	277	41	101
834	277	41	100
836	279	41	100
836	279	41	101
836	279	41	101
836	279	41	102
835	279	41	102
834	279	40	103
833	279	40	104
830	279	41	105
827	278	41	106
824	279	42	107
822	278	41	108
820	277	40	109
817	277	40	110
814	276	39	110
811	276	38	110
808	275	38	110
806	275	37	109
802	274	37	108
799	273	36	106
796	273	35	104
793	272	35	102
789	272	35	101
785	271	35	99
779	271	36	98
772	272	39	98
765	272	41	99
757	271	44	99
752	272	46	99
748	272	48	100
744	272	49	101
740	272	49	101
736	272	49	102
733	272	49	103
731	271	49	103
729	271	49	104
727	270	49	103
725	269	49	103
724	269	48	102
725	269	46	101
726	268	45	100
726	268	43	99
726	269	41	98
727	269	40	97
730	270	38	97
731	271	37	96
734	271	37	97
736	272	36	97
738	273	36	97
741	274	36	98
743	274	36	99
742	274	38	99
743	275	40	100
744	276	41	101
746	276	42	101
747	277	42	102
750	278	42	102
752	279	42	103
753	278	41	104
755	279	41	104
755	279	41	105
756	279	41	106
758	278	40	106
760	278	39	106
760	278	38	106
761	278	37	105
762	278	36	104
762	278	35	102
761	279	35	101
761	278	35	99
761	279	35	97
760	280	35	96
757	280	35	95
755	280	37	94
750	282	39	95
748	281	41	94
745	282	43	95
743	282	44	95
741	283	45	95
740	283	46	96
739	283	46	97
738	283	45	98
739	283	45	98
738	284	44	99
738	284	43	100
738	284	42	100
738	283	41	101
738	282	41	101
738	282	40	100
738	281	39	99
737	282	38	97
738	282	37	95
738	282	36	94
739	282	36	93
740	283	35	93
741	284	35	93
742	284	36	94
743	285	35	94
745	286	35	94
745	286	35	95
745	286	35	95
745	287	36	97
745	288	36	97
745	288	37	98
744	288	37	99
743	288	37	100
743	287	37	101
742	288	37	101
742	287	36	102
741	286	36	102
742	286	35	103
742	286	34	103
741	285	33	102
741	285	33	102
740	285	32	101
740	285	32	100
739	285	32	99
738	283	32	97
737	284	32	95
736	284	32	93
732	284	33	92
730	285	34	91
725	285	36	91
722	285	37	91
718	285	38	92
714	284	40	93
712	284	40	93
710	284	40	94
708	284	40	95
707	283	39	96
704	283	39	97
703	282	38	97
700	282	37	97
698	280	37	96
696	280	36	96
693	280	36	95
690	278	35	94
687	277	34	93
683	277	33	92
679	276	33	91
676	276	33	91
672	276	32	90
669	276	33	90
665	275	32	90
662	275	33	90
660	275	33	91
658	274	33	91
656	274	32	92
654	274	33	92
652	273	32	93
651	272	33	93
649	272	33	94
648	270	34	95
648	270	34	96
649	269	34	96
650	268	34	98
653	267	34	98
656	266	34	99
658	264	33	99
661	263	33	99
665	262	32	99
670	261	32	98
674	260	31	97
678	259	31	96
683	259	31	95
687	258	31	93
691	258	31	92
693	258	32	91
696	258	33	90
697	258	35	91
699	257	37	91
699	257	38	92
701	257	40	93
702	257	41	94
705	257	42	95
707	257	42	96
710	256	41	96
712	256	41	97
715	255	40	98
716	255	40	98
719	253	39	98
720	252	39	98
720	251	38	97
720	250	37	96
720	249	36	95
719	249	35	93
719	248	34	93
717	248	34	91
715	248	34	91
713	247	34	90
711	247	34	90
708	246	34	91
706	247	34	91
704	246	34	92
702	246	33	92
699	245	33	94
696	244	34	94
693	244	34	95
690	243	34	95
688	243	34	96
687	242	34	97
685	241	34	97
683	240	34	98
682	239	34	99
680	238	33	99
680	238	33	99
679	237	33	99
679	237	32	99
679	236	32	99
679	236	32	98
680	235	31	96
682	234	31	95
684	233	31	93
687	234	31	92
689	234	32	91
692	234	33	90
695	234	34	90
698	235	35	91
701	235	37	91
705	236	38	92
711	235	39	93
716	236	40	94
721	236	40	95
729	236	40	95
737	237	38	96
742	237	38	97
750	237	38	97
755	237	37	98
762	237	37	98
769	237	36	98
775	237	36	98
781	237	35	97
786	237	35	97
790	237	35	96
794	236	35	95
798	238	35	94
802	238	36	94
804	238	36	94
808	238	36	93
810	239	36	93
813	239	35	93
816	240	36	95
816	240	36	96
818	239	36	97
819	239	36	98
820	239	37	99
821	239	37	100
823	239	37	101
824	238	37	101
826	238	38	101
827	237	37	102
829	237	37	103
831	236	37	104
833	235	37	104
834	236	37	104
837	235	36	103
838	234	36	102
840	234	36	101
841	232	36	99
843	232	36	98
845	232	36	96
846	234	37	94
848	233	38	94
848	234	39	93
848	234	40	94
850	235	41	95
850	235	42	96
851	235	43	96
852	235	43	97
854	235	43	98
856	234	43	98
857	235	43	100
859	234	43	101
860	234	42	102
861	233	42	103
862	232	41	104
862	231	40	104
863	230	39	103
862	231	39	103
862	229	39	102
862	229	38	101
862	228	38	99
861	228	37	98
860	227	37	97
859	226	37	96
858	226	37	95
857	226	37	95
855	226	37	95
852	226	37	96
850	225	36	96
848	224	36	96
845	224	36	96
842	223	36	97
841	222	36	98
837	221	36	98
835	221	36	99
830	220	35	100
828	219	35	100
824	218	35	101
822	217	35	101
818	216	35	101
815	215	35	102
811	214	35	102
808	213	35	101
804	211	35	100
801	210	35	98
798	209	35	96
794	209	35	95
790	208	35	93
786	207	36	93
782	207	37	92
778	206	37	92
774	207	38	92
771	207	38	93
768	206	38	94
764	206	38	94
761	205	37	95
757	204	36	96
755	204	36	97
752	203	35	98
749	202	35	99
747	202	35	99
744	201	35	100
742	200	35	100
739	199	34	100
738	198	35	100
736	197	34	100
735	196	34	100
734	195	35	99
732	193	35	98
730	193	34	97
730	192	35	96
729	192	35	95
727	191	35	95
727	191	35	95
725	191	35	95
724	190	35	95
723	190	34	95
722	189	34	95
720	189	34	96
720	189	34	97
717	188	34	97
717	187	34	99
715	186	34	99
713	186	34	99
712	184	34	100
709	184	34	100
708	183	34	101
706	181	34	101
704	180	34	101
702	178	34	100
700	177	34	99
699	175	34	97
696	175	34	96
695	174	34	95
692	173	33	95
690	173	33	94
687	172	33	94
686	172	33	93
683	172	33	93
680	171	33	94
678	171	33	94
677	170	34	95
675	169	34	96
674	169	34	97
672	168	34	98
672	168	34	99
672	167	34	100
673	166	34	100
673	165	34	101
675	164	34	101
677	163	34	101
679	163	34	101
682	162	34	101
685	161	34	100
687	160	34	98
692	160	34	97
694	160	34	96
698	159	34	95
702	159	34	94
706	159	34	94
710	159	34	94
714	160	34	95
717	159	34	96
722	159	34	96
725	159	35	96
729	159	34	96
732	159	35	97
735	159	35	97
738	159	35	97
740	159	35	98
741	158	35	99
744	157	35	99
746	157	35	99
747	156	34	99
748	156	35	99
749	155	35	98
750	154	35	98
751	153	35	97
752	153	35	96
753	151	35	94
753	152	36	94
754	151	35	93
756	151	36	92
758	151	36	91
758	152	35	91
760	151	35	92
761	151	35	93
762	151	35	94
764	151	35	94
