1200	108	29	47
1200	109	28	47
1200	109	29	47
1200	109	28	47
1200	109	29	47
1200	109	28	48
1200	109	28	48
1200	109	28	48
1200	109	28	48
1200	109	28	48
1201	108	28	48
1201	108	28	48
1201	108	28	48
1201	108	29	48
1200	108	29	48
1202	108	28	48
1201	108	28	48
1202	108	29	48
1201	108	29	48
1202	109	29	48
1201	108	29	48
1202	108	29	48
1202	107	28	48
1201	108	28	49
1202	107	28	49
1202	107	29	49
1202	107	29	49
1202	107	29	48
1202	107	29	48
1202	107	29	48
1202	107	29	48
1201	107	29	48
1201	107	29	48
1201	107	29	48
1202	107	29	48
1201	107	29	48
1201	106	29	48
1202	106	29	49
1202	106	28	49
1202	107	29	49
1202	106	28	49
1202	107	28	49
1201	106	28	49
1202	106	28	49
1201	106	28	49
1201	106	28	49
1201	105	29	49
1201	106	29	49
1201	106	29	49
1202	105	29	49
1201	106	29	49
1201	106	29	49
1201	105	29	49
1201	105	28	49
1202	105	28	49
1202	105	29	49
1201	105	29	49
1201	105	29	49
1201	105	29	49
1202	105	29	49
1202	105	29	49
1202	105	29	49
1202	106	29	49
1202	105	29	49
1202	106	28	49
1202	105	28	49
1202	105	28	50
1202	105	28	50
1203	104	28	49
1201	104	29	49
1202	105	29	49
1202	105	29	49
1202	105	29	49
1202	104	29	49
1201	104	29	49
1202	104	29	49
1202	104	28	49
1202	104	29	49
1201	104	29	49
1200	103	28	49
1201	103	29	49
1201	104	29	49
1200	104	29	49
1200	104	29	49
1199	103	29	49
1198	104	29	49
1198	103	29	49
1198	104	29	49
1198	104	29	49
1198	103	29	49
1197	103	29	49
1197	103	29	49
1197	104	29	49
1196	103	29	49
1196	103	29	49
1196	103	29	49
1196	103	29	49
1194	103	29	49
1195	102	29	49
1195	102	28	49
1195	103	29	49
1194	103	29	49
1194	102	28	49
1194	102	28	49
1193	101	28	50
1193	101	28	50
1193	102	29	50
1192	101	29	50
1192	102	29	50
1191	102	29	50
1191	101	29	50
1190	101	29	50
1190	102	29	50
1190	101	29	49
1189	100	29	50
1188	101	29	49
1188	102	29	49
1187	101	29	49
1186	100	29	49
1186	101	30	50
1186	100	29	49
1186	100	29	49
1185	100	29	49
1184	100	29	49
1184	100	29	50
1183	100	29	50
1183	100	29	50
1182	100	29	50
1182	100	29	50
1181	100	30	50
1180	100	30	50
1180	100	30	50
1179	99	30	50
1179	99	30	50
1178	99	30	50
1178	99	30	50
1177	99	29	50
1177	99	29	50
1175	98	29	50
1174	98	29	50
1173	99	29	50
1173	98	30	50
1173	98	30	50
1171	98	30	50
1170	98	30	50
1169	98	30	50
1170	98	30	50
1169	98	30	50
1167	98	30	50
1165	97	30	51
1165	98	29	51
1165	97	29	51
1164	97	29	51
1163	97	30	51
1162	97	30	51
1161	97	29	51
1161	97	29	51
1160	96	30	51
1159	97	30	51
1158	97	30	51
1156	96	30	51
1156	96	30	51
1155	96	30	51
1153	96	30	51
1153	96	30	51
1152	96	30	51
1152	96	30	51
1150	96	30	51
1149	95	30	51
1148	95	30	51
1147	95	30	50
1149	96	30	50
1146	95	30	51
1145	95	30	51
1145	95	30	51
1144	95	30	51
1144	94	29	51
1143	94	30	51
1142	94	30	51
1141	94	29	51
1140	94	29	51
1139	94	30	51
1139	93	30	51
1138	94	30	51
1136	93	30	51
1135	93	30	51
1135	93	30	51
1134	93	30	51
1132	92	30	51
1131	93	30	51
1130	93	30	51
1131	92	30	51
1129	92	29	51
1128	93	29	51
1127	91	29	52
1126	92	30	52
1126	92	29	52
1124	91	29	52
1123	91	29	52
1121	90	29	52
1120	90	30	52
1120	90	29	52
1118	91	30	52
1118	90	29	52
1116	89	29	52
1114	90	29	52
1115	90	30	52
1113	90	29	52
1111	90	29	52
1111	90	29	52
1109	90	29	52
1110	89	29	52
1108	90	29	52
1105	90	29	52
1105	90	29	52
1104	89	29	52
1103	89	30	52
1101	89	29	53
1100	89	29	53
1099	89	30	53
1097	88	29	53
1097	88	29	53
1096	88	29	53
1095	88	29	53
1093	88	29	53
1091	88	29	53
1091	88	30	53
1090	88	29	53
1089	88	29	53
1087	88	29	53
1085	88	29	53
1086	88	29	53
1085	87	29	53
1083	87	29	53
1081	88	29	53
1080	87	29	54
1081	87	30	53
1079	87	30	54
1077	86	29	54
1076	87	30	54
1074	87	30	54
1075	87	29	54
1073	87	29	54
1071	86	30	54
1069	86	29	54
1068	86	30	54
1068	86	30	54
1066	87	30	54
1065	86	30	54
1063	87	30	55
1063	86	30	54
1061	87	30	55
1060	86	30	55
1058	86	29	55
1057	87	30	55
1056	86	30	55
1055	85	30	55
1053	85	30	55
1052	85	30	56
1050	85	30	56
1051	85	30	56
1048	85	30	56
1046	85	30	56
1045	85	30	56
1043	85	30	56
1043	85	30	56
1041	84	30	56
1039	84	30	56
1038	85	30	56
1036	84	30	56
1036	84	30	56
1034	84	30	56
1032	84	30	57
1030	84	31	57
1028	83	31	57
1029	83	31	57
1026	84	31	57
1025	84	31	57
1022	83	31	57
1020	83	31	57
1020	82	31	57
1018	83	31	57
1016	83	31	57
1013	82	31	58
1011	82	31	58
1012	82	31	58
1009	82	31	58
1008	83	31	57
1006	82	31	58
1003	82	31	58
1004	82	31	58
1001	83	31	58
999	82	31	58
997	82	31	58
995	82	32	58
996	81	31	58
994	82	31	58
991	81	32	59
989	81	31	59
987	81	31	59
988	80	31	59
985	81	31	59
983	81	31	59
981	81	32	59
979	80	32	59
980	80	31	59
977	81	32	59
975	81	32	59
973	81	32	60
971	80	32	60
971	80	32	60
968	80	32	60
966	80	32	60
964	79	32	60
962	78	32	60
962	79	33	60
960	78	33	61
958	78	33	61
955	78	33	61
953	78	33	61
954	78	33	61
951	79	33	61
949	78	33	61
946	78	33	61
944	77	33	61
945	77	33	61
942	78	33	61
940	77	33	62
937	78	33	62
935	77	34	62
936	76	33	62
933	77	33	62
931	77	33	63
928	75	34	63
926	76	33	63
927	75	33	63
924	75	33	63
921	74	33	63
919	75	33	63
916	75	33	63
918	74	33	64
914	74	33	64
912	74	33	64
910	75	34	64
907	73	33	64
909	73	33	64
905	74	33	64
904	73	33	64
900	73	34	64
897	73	34	64
898	73	33	64
895	72	33	65
892	72	34	65
890	72	34	65
887	72	34	65
888	71	34	65
885	71	34	65
882	71	34	65
879	70	35	65
877	71	35	65
877	70	35	65
873	70	35	65
871	70	35	65
869	69	36	65
865	69	36	65
866	69	35	65
862	70	36	65
860	69	36	65
857	69	36	65
854	68	37	66
854	68	37	65
851	68	36	65
849	68	37	65
846	68	37	65
843	67	36	66
843	66	36	66
840	67	36	66
838	66	36	66
835	67	37	66
832	66	37	67
833	66	37	66
829	66	37	66
826	65	37	67
823	66	37	66
822	66	38	66
821	65	38	67
818	65	38	67
816	65	38	67
813	65	38	68
811	65	38	68
812	65	37	69
808	65	37	69
805	64	37	70
803	64	37	70
800	63	37	71
802	63	37	71
799	63	37	71
796	62	37	72
794	63	37	73
793	63	37	74
793	63	37	75
789	62	37	75
788	62	37	76
786	61	37	76
783	61	37	77
785	61	37	77
781	61	37	78
780	61	37	78
779	60	36	79
776	60	36	79
776	60	37	79
775	60	37	80
772	59	37	80
771	58	37	80
769	58	37	81
769	59	37	81
768	58	37	82
765	57	37	81
763	57	38	81
762	56	38	81
762	56	38	81
759	56	38	80
758	57	38	80
756	56	39	81
754	57	39	81
755	56	39	82
752	55	39	82
751	55	39	83
748	55	39	83
746	55	39	84
747	55	39	85
745	55	39	85
742	54	39	85
741	54	39	86
739	53	39	87
740	53	39	87
737	53	39	87
737	52	39	87
733	52	39	87
733	52	39	88
732	52	39	88
730	52	39	89
729	51	39	89
726	51	39	90
725	51	40	90
725	50	40	90
722	50	41	90
719	50	40	91
718	49	40	91
716	49	40	92
717	48	40	91
713	48	40	91
712	49	41	91
710	48	41	91
708	49	41	91
709	48	41	91
705	48	41	91
704	48	41	91
700	48	42	91
699	47	41	91
700	47	42	91
696	46	42	91
695	47	42	91
692	46	42	91
690	46	42	91
691	45	42	91
688	44	43	91
686	45	43	91
684	45	43	91
682	44	43	92
683	43	43	91
678	44	44	91
677	44	43	92
674	44	44	93
674	43	43	93
673	42	43	93
669	42	44	93
669	42	44	94
665	42	44	94
664	42	44	94
664	41	44	94
661	41	44	94
659	41	44	94
658	41	44	94
653	40	45	94
654	39	45	94
652	39	45	94
649	39	45	95
648	38	46	95
646	37	46	95
646	37	46	94
644	37	46	95
641	36	46	96
638	35	47	96
637	35	46	97
638	36	46	97
635	34	46	98
634	34	46	98
630	34	47	99
630	33	47	99
628	34	47	100
626	33	47	100
624	33	47	101
622	32	47	101
622	32	47	101
620	32	47	102
617	31	48	102
615	31	48	103
613	30	48	104
613	30	48	104
611	29	48	105
608	29	48	105
606	28	49	106
604	28	49	107
604	27	49	107
601	28	49	108
599	26	50	108
597	26	50	109
595	25	50	110
596	25	50	111
592	25	50	111
590	24	51	111
590	23	50	112
586	23	51	113
587	23	50	113
584	23	51	113
583	21	51	113
580	21	52	114
579	21	52	114
579	20	51	114
577	20	52	115
574	19	52	115
572	18	52	116
571	18	53	116
571	18	52	117
569	18	53	117
568	17	53	118
564	16	53	118
564	16	52	119
564	16	53	120
562	15	53	120
561	14	53	121
559	14	52	122
557	14	53	123
558	12	52	123
556	12	52	124
554	11	53	124
553	11	53	125
552	10	53	125
552	10	53	125
551	10	54	126
550	9	54	127
549	8	54	128
548	8	54	129
547	7	54	129
546	7	54	130
544	6	54	130
543	5	55	130
542	5	55	131
542	4	55	132
541	3	55	132
539	3	56	132
538	2	56	133
536	2	57	133
538	1	56	132
537	2	57	133
536	1	57	133
538	0	57	133
539	0	56	133
538	0	56	133
540	0	56	133
541	0	56	133
542	0	56	133
543	0	57	132
542	0	58	131
543	0	58	131
545	1	59	132
