556	253	22	16
556	254	22	14
556	254	22	14
556	255	22	13
556	256	22	13
556	255	22	13
556	256	21	13
556	256	21	13
556	255	21	13
557	256	21	13
557	255	21	13
557	256	21	13
557	256	21	13
557	256	21	13
557	256	21	13
556	256	21	13
556	256	21	13
556	257	21	13
556	257	21	13
556	257	21	13
556	257	21	13
556	257	21	13
556	257	21	13
556	258	21	14
556	257	21	14
555	257	21	14
555	258	21	14
555	257	21	14
554	258	21	14
555	258	21	14
555	258	21	14
555	258	21	14
554	259	21	14
555	258	21	14
554	258	21	14
554	259	21	14
554	258	21	14
553	258	22	14
554	260	21	13
553	259	21	13
553	259	21	13
553	260	21	13
553	261	22	13
552	261	22	13
552	260	22	13
552	260	22	13
552	261	22	13
551	261	22	13
551	261	22	13
551	261	22	13
551	262	22	13
551	262	22	13
551	261	22	13
550	262	23	13
549	263	23	13
549	263	22	13
551	263	23	13
551	263	23	13
551	263	23	13
552	263	23	13
553	263	23	14
554	262	23	14
554	263	23	14
555	263	23	15
555	264	23	15
557	264	23	15
557	264	23	15
558	265	24	16
558	265	24	16
560	266	24	16
560	265	24	16
561	266	24	16
562	267	24	16
564	268	24	16
565	268	24	16
568	268	24	16
570	269	24	16
571	269	24	16
573	269	25	16
574	269	25	16
575	269	25	16
576	269	25	16
578	270	25	16
579	269	25	16
580	270	25	17
581	270	26	17
581	271	27	17
581	271	27	16
582	271	27	17
582	271	28	17
583	272	29	17
583	271	30	17
583	270	31	18
583	270	31	18
584	271	32	19
585	270	33	19
585	271	33	19
586	271	34	19
586	271	35	19
587	271	36	19
588	271	36	19
589	271	37	20
590	272	37	20
591	272	38	20
591	272	38	20
592	272	39	20
592	273	40	21
593	272	40	21
594	273	41	21
595	273	42	21
596	273	43	22
597	273	44	22
599	273	44	22
599	274	45	22
601	274	46	22
602	274	47	23
605	275	47	23
606	274	48	23
608	274	49	24
610	275	50	23
613	276	51	24
614	276	51	24
617	276	52	24
618	276	53	24
620	276	54	24
624	277	54	25
625	278	55	25
628	278	56	25
630	278	57	25
632	278	57	25
634	279	58	26
637	279	59	26
639	279	59	26
642	280	60	26
644	280	61	26
647	280	61	26
649	281	62	27
651	281	62	27
654	281	62	27
656	281	62	27
659	281	63	27
661	281	63	28
663	282	63	28
664	283	63	28
666	282	63	28
668	283	63	29
670	283	63	29
672	285	63	30
674	285	63	30
675	284	63	30
677	286	62	31
678	286	62	32
680	286	61	33
681	286	61	33
682	287	60	34
683	288	60	34
683	288	60	34
684	288	59	34
685	289	58	34
685	289	58	34
683	290	58	35
682	290	59	35
683	291	58	35
682	291	57	36
683	293	56	36
682	293	55	36
682	294	55	37
680	295	54	37
681	295	53	37
680	296	52	38
678	297	51	38
677	297	51	39
675	299	51	39
672	299	51	39
672	299	51	40
669	301	53	40
666	302	54	41
664	303	56	41
662	303	58	42
658	304	60	42
656	305	62	43
651	306	64	43
647	307	66	44
643	308	69	44
640	309	71	45
635	310	74	45
631	312	76	45
625	313	79	45
621	314	81	45
618	316	84	45
612	318	87	45
607	318	90	45
604	319	92	46
597	320	95	46
594	320	97	47
588	322	99	48
584	322	102	49
580	323	104	49
576	323	106	51
572	325	107	52
568	325	109	53
564	325	110	54
560	325	112	55
556	324	114	55
553	324	115	56
547	324	116	57
543	324	117	59
540	324	118	60
536	324	119	60
531	324	120	62
526	324	121	62
522	323	121	63
518	324	122	63
516	323	122	63
512	324	122	64
509	325	122	66
506	326	122	70
504	326	121	72
500	325	122	73
499	324	121	73
496	323	121	74
495	324	120	75
494	323	119	76
495	323	119	77
496	322	120	78
494	321	119	80
494	319	117	80
495	318	114	82
496	316	112	83
497	314	111	85
499	311	110	87
501	309	109	89
504	308	107	90
506	305	106	92
510	304	104	93
514	302	103	95
516	300	103	96
519	299	104	98
522	298	105	100
524	297	107	101
526	295	110	103
527	293	113	106
528	292	117	108
528	291	121	110
530	290	126	112
535	291	131	113
539	292	135	113
542	293	140	113
546	294	144	113
555	296	147	112
570	303	147	110
582	303	146	111
592	310	145	107
603	314	145	104
614	317	146	102
628	321	146	100
635	328	149	98
643	332	151	96
649	336	154	95
655	339	156	94
663	345	159	95
666	351	162	94
668	358	165	93
669	366	168	92
669	374	171	91
669	385	174	90
665	395	176	89
657	403	180	89
654	409	180	89
641	419	182	90
626	434	183	90
606	447	182	91
594	460	182	91
583	477	182	92
573	491	181	92
565	508	180	92
564	522	179	93
563	535	179	93
566	543	179	93
563	557	179	93
566	569	178	93
576	580	178	94
578	574	177	94
450	485	176	95
391	521	177	95
442	502	176	95
456	496	175	96
470	492	174	97
463	511	173	97
502	497	172	98
511	495	172	98
519	489	171	98
525	485	171	98
531	472	171	98
542	464	170	99
545	455	170	99
556	445	169	99
562	433	169	99
568	421	169	100
569	411	170	99
577	401	171	99
585	396	171	99
589	388	172	99
589	376	173	98
583	370	176	97
580	360	179	96
629	327	181	95
641	324	183	93
605	334	189	89
619	327	193	88
654	296	197	87
646	301	200	87
656	300	204	87
645	296	208	86
641	296	211	86
637	296	213	88
626	293	215	90
618	292	216	93
606	293	214	100
594	290	213	102
580	290	211	105
570	286	210	104
561	286	207	104
550	283	204	104
544	283	198	103
527	280	193	102
514	277	188	100
503	275	184	99
492	272	181	99
479	269	180	99
467	268	179	99
464	277	178	100
446	265	178	100
406	281	177	101
357	335	177	103
352	332	176	104
352	316	174	107
358	293	171	112
361	275	168	118
371	253	166	128
378	236	166	139
384	224	163	147
391	214	160	149
399	206	157	148
408	199	153	144
417	191	149	140
426	186	145	135
434	180	142	130
442	175	138	125
449	172	135	121
458	168	132	116
464	166	129	112
472	164	126	108
478	163	123	104
483	164	121	101
490	166	119	98
493	167	117	95
497	168	115	93
501	173	114	90
505	177	113	88
508	183	112	85
511	189	112	83
512	193	111	81
514	194	110	80
516	192	109	79
518	190	109	78
519	191	108	77
521	192	107	75
522	193	106	74
523	195	106	72
518	195	110	70
515	197	113	68
518	198	113	67
521	198	111	66
521	196	110	66
521	196	109	65
521	196	109	64
520	194	109	65
519	194	110	64
519	191	110	62
517	191	110	60
516	190	110	59
516	191	109	58
516	190	109	57
514	190	109	56
514	191	108	55
513	191	108	55
512	191	107	54
512	192	106	54
511	191	106	53
510	192	105	52
511	192	104	53
511	193	102	53
512	194	100	52
513	195	98	51
515	199	96	51
519	200	93	50
522	202	90	50
524	205	88	49
529	207	86	49
534	212	83	49
538	216	80	48
541	220	78	48
546	223	75	47
551	227	72	47
557	231	70	47
562	234	68	46
567	237	66	45
572	239	63	45
577	241	63	44
584	243	62	43
587	245	61	43
591	246	59	42
595	247	57	41
599	247	55	41
