633	247	28	93
634	246	29	90
635	248	30	89
637	249	31	89
638	250	31	89
640	250	31	89
642	250	31	89
644	252	32	90
645	252	32	90
648	253	31	91
650	253	31	91
653	254	32	93
655	255	32	94
657	255	32	95
659	255	32	96
662	257	31	96
665	257	31	98
668	257	31	98
670	257	31	99
673	257	31	100
674	256	32	99
677	256	32	99
679	257	32	100
681	256	32	99
681	256	32	99
682	255	32	98
683	255	33	96
682	254	33	94
682	254	33	92
681	254	33	91
679	255	34	90
676	255	36	89
674	255	37	89
672	256	39	90
672	255	39	90
672	256	39	90
672	256	38	90
672	255	37	88
673	254	36	87
673	253	35	87
672	254	33	86
673	253	33	86
672	253	33	86
672	252	32	87
671	252	31	88
671	252	31	88
670	251	31	89
669	251	30	89
669	250	30	90
669	249	30	90
668	248	30	91
667	248	31	92
667	248	31	93
666	247	31	94
666	246	32	94
666	245	32	95
667	244	32	94
667	243	31	94
668	241	31	93
669	240	31	91
669	240	31	90
669	239	31	91
670	238	31	91
670	236	32	91
670	235	32	91
670	233	32	90
670	232	32	89
669	232	32	89
668	230	32	88
667	230	32	87
663	228	34	86
660	228	37	86
658	228	39	86
658	227	39	86
659	227	39	87
657	225	39	87
655	224	38	87
655	223	36	86
655	221	35	86
653	219	34	85
650	219	33	85
647	218	33	85
643	217	32	85
576	250	31	87
574	250	31	88
572	250	31	88
570	250	31	88
568	250	31	88
564	250	31	88
562	250	30	88
559	250	30	88
556	250	30	88
553	249	30	88
551	250	29	89
547	249	29	89
545	250	29	89
543	249	29	89
541	249	29	89
539	249	29	89
537	249	29	89
537	249	29	89
535	249	29	89
535	248	29	90
533	247	29	90
532	240	30	90
531	242	30	91
567	201	31	91
540	233	34	93
533	244	33	93
534	241	34	93
536	240	34	93
536	241	35	92
537	241	35	91
536	239	35	92
536	239	35	92
537	237	35	93
538	236	35	93
539	232	36	94
540	221	36	97
540	219	37	101
542	208	40	104
540	199	40	104
537	202	40	107
534	206	39	112
532	202	39	118
530	199	39	121
527	198	39	124
523	196	38	125
522	196	38	125
519	195	37	126
517	194	38	126
512	195	38	126
508	194	40	125
502	194	42	124
496	193	43	123
493	194	45	122
490	194	47	121
486	192	49	120
483	191	50	120
482	190	50	119
478	189	51	118
473	190	53	116
469	188	54	115
466	188	55	114
462	186	55	112
456	186	54	111
455	192	57	109
445	186	53	110
461	193	57	108
460	193	60	107
472	197	61	105
476	201	59	103
472	199	57	103
454	195	60	103
476	197	57	103
465	196	58	102
464	197	56	102
467	199	53	101
466	200	50	99
465	198	48	98
464	197	46	99
463	195	44	98
462	194	42	98
461	193	40	98
460	192	39	97
458	192	38	96
457	191	37	95
455	190	37	94
417	189	43	91
408	192	46	91
393	194	44	93
388	194	41	96
385	193	41	95
382	194	40	95
381	193	39	93
379	192	38	91
383	192	40	89
373	194	39	87
373	199	38	88
372	198	36	89
369	198	35	88
367	199	33	88
366	199	31	89
364	201	30	89
363	201	30	89
360	202	30	88
358	202	30	86
355	204	30	85
353	207	31	85
350	207	31	84
349	209	31	83
347	211	31	82
347	214	33	82
343	214	33	83
343	216	34	82
340	217	33	82
340	219	35	83
338	220	34	83
338	221	34	84
338	222	33	84
338	223	33	84
338	224	32	85
337	224	32	85
337	225	31	86
338	224	30	86
337	225	31	86
336	225	31	86
337	226	32	85
337	227	33	85
336	227	34	85
337	227	36	83
337	226	39	82
336	228	41	81
334	228	42	80
332	230	42	80
331	230	41	81
330	230	40	81
328	230	40	82
328	230	39	82
325	230	38	84
324	231	37	84
323	231	36	86
321	233	37	87
318	233	37	88
314	234	35	90
314	235	36	90
310	237	36	91
307	241	35	94
308	239	38	92
304	241	38	94
300	241	40	93
297	242	42	93
289	250	40	97
288	249	41	98
281	252	40	100
279	254	40	104
278	255	41	107
275	254	41	108
274	255	42	108
275	255	42	109
272	256	42	109
273	255	42	110
273	255	42	110
273	255	42	109
274	256	42	109
276	255	43	108
277	255	43	109
281	254	44	108
282	254	44	107
284	253	44	106
287	251	44	104
291	251	45	103
294	251	47	101
295	249	47	101
298	249	47	100
300	247	46	100
303	245	45	100
307	244	44	100
311	242	43	101
315	239	42	102
362	191	41	103
366	190	41	102
370	191	40	101
374	193	39	100
378	190	38	98
336	242	40	99
338	240	40	98
339	239	40	96
342	239	39	96
345	239	39	94
348	241	38	94
351	241	40	93
353	241	41	93
355	241	43	93
358	241	43	93
362	242	44	92
365	242	44	91
369	242	43	90
372	242	41	90
378	244	40	92
380	243	39	93
384	243	39	94
387	244	39	94
389	244	39	95
391	245	39	94
393	245	39	95
395	245	39	95
396	247	39	96
399	246	40	97
399	247	41	98
401	248	42	98
403	247	44	98
407	248	45	99
410	248	44	100
412	245	44	102
416	248	43	102
422	249	43	101
423	244	42	104
427	246	43	103
428	251	43	101
429	253	42	99
431	250	41	99
432	255	40	97
434	257	40	95
436	259	40	94
436	259	41	94
435	262	41	93
435	263	42	93
437	264	43	92
437	264	43	93
440	264	43	92
441	263	42	92
445	264	43	92
448	258	42	94
454	256	42	96
453	264	41	97
456	257	40	99
454	265	40	98
456	264	40	98
455	265	39	97
456	266	38	97
457	264	37	98
458	265	37	99
458	262	36	101
459	260	37	104
461	261	38	104
460	262	39	103
477	228	42	107
486	208	45	105
489	203	46	102
488	202	47	98
489	204	47	96
488	204	48	92
490	205	46	91
488	206	46	90
492	208	43	92
469	256	41	96
469	260	39	94
469	260	38	94
470	260	37	94
488	223	37	101
470	255	37	100
471	258	38	98
491	220	39	104
488	222	41	107
491	207	41	109
481	224	43	110
486	201	45	108
489	200	45	108
489	199	45	106
490	198	44	107
491	197	43	107
490	195	43	107
491	199	43	111
472	234	45	111
473	235	45	113
472	231	45	115
471	226	46	117
466	232	47	117
473	215	47	120
470	220	48	122
455	239	48	118
456	246	49	112
452	244	48	108
451	243	47	107
451	243	45	107
451	242	43	106
452	241	41	106
453	244	41	102
453	244	42	101
451	242	42	100
459	227	42	103
455	228	42	103
447	238	42	102
445	243	42	98
444	244	42	96
443	244	42	96
442	245	43	95
440	244	43	95
437	246	43	95
435	246	44	94
433	246	44	94
432	244	44	95
432	244	45	94
433	242	45	94
433	239	45	95
437	236	44	95
440	240	42	95
449	244	41	95
458	243	39	94
470	242	38	94
481	241	36	94
495	240	36	94
508	238	37	94
520	236	37	94
531	234	38	94
543	232	39	94
556	231	40	94
567	229	42	95
580	228	43	95
594	225	43	95
608	223	43	95
619	228	43	93
632	225	42	92
644	228	42	92
656	226	42	92
662	227	41	92
667	229	42	91
671	229	43	91
673	232	43	89
675	232	44	88
677	234	44	87
679	235	46	86
682	236	46	85
688	238	45	86
694	239	44	87
688	237	46	88
699	237	47	87
691	239	51	86
693	240	50	87
693	238	49	88
692	240	49	88
694	241	48	89
691	242	47	89
688	242	46	88
686	244	46	88
684	245	46	89
681	247	46	88
677	248	48	88
676	249	49	88
675	250	51	87
673	251	52	88
681	252	50	89
674	251	52	90
676	252	52	90
676	251	52	90
675	251	50	90
675	254	50	91
674	254	49	92
677	255	48	92
678	256	47	92
676	258	47	93
673	258	48	92
670	259	49	90
667	260	51	89
664	262	52	87
661	263	54	86
658	264	55	86
654	265	56	84
653	267	56	83
663	271	50	87
669	276	47	92
661	263	48	92
690	224	52	91
675	237	56	92
664	260	55	96
662	270	53	98
664	269	52	98
661	270	51	97
659	271	50	97
654	272	50	95
653	273	49	95
650	274	49	95
647	274	50	93
645	275	52	92
644	277	52	92
649	279	48	95
644	278	50	95
649	279	48	96
641	277	49	95
641	278	50	93
642	278	50	92
643	280	48	94
644	281	46	94
645	281	45	95
642	282	44	94
640	281	45	93
637	282	46	91
633	284	47	89
630	285	48	88
627	286	49	87
622	287	50	86
621	288	51	85
621	291	50	86
618	291	50	87
619	291	48	88
615	290	48	88
615	291	46	88
615	292	45	90
616	294	43	93
619	294	42	94
619	294	42	93
616	294	42	93
613	295	43	93
610	296	44	93
608	296	45	93
604	297	46	93
601	297	49	92
595	299	51	92
595	299	51	92
591	300	51	92
596	302	48	94
586	301	50	94
583	302	49	93
585	302	48	93
587	303	46	94
588	308	43	100
590	308	41	105
589	305	39	108
587	305	39	109
586	306	40	109
584	307	42	108
581	308	43	108
581	309	43	109
582	311	42	109
580	313	41	111
578	313	41	110
579	315	42	111
572	313	42	111
568	315	42	111
564	320	42	115
561	316	43	114
560	326	43	120
560	325	44	126
559	326	47	130
553	328	50	132
548	328	53	135
545	326	55	136
541	326	56	137
539	327	58	137
539	325	59	137
537	327	59	138
536	328	60	139
540	327	60	140
546	328	59	141
545	329	59	141
548	330	57	141
547	330	56	142
549	329	54	143
553	328	53	143
554	328	54	143
555	328	55	143
556	327	55	144
559	326	56	145
562	324	56	145
565	325	58	145
580	308	62	143
593	302	70	139
583	317	71	141
577	330	70	139
586	331	69	139
588	333	67	138
595	335	65	137
596	336	64	136
601	337	62	134
604	338	59	133
609	339	57	133
614	339	57	133
617	340	58	131
619	342	59	129
623	344	61	128
624	348	62	126
627	351	64	123
630	351	66	121
633	354	67	119
637	357	68	117
642	357	68	115
649	358	67	114
643	364	67	111
652	361	67	111
655	362	68	110
658	365	67	109
660	367	68	109
660	369	68	108
662	371	67	108
664	372	66	107
664	373	65	107
665	374	66	107
667	376	69	106
668	378	73	104
667	379	77	103
664	382	79	101
662	382	81	100
678	383	81	99
663	386	81	99
682	385	82	99
675	385	84	99
664	385	81	101
665	381	78	102
671	379	76	103
682	380	78	102
732	374	79	100
732	378	80	98
738	377	80	97
726	390	76	99
732	391	72	100
732	390	70	100
724	384	69	101
732	394	68	100
737	397	67	98
738	398	68	98
733	396	67	96
738	399	66	97
744	401	64	97
742	399	63	98
742	400	61	99
743	402	59	98
744	402	58	97
747	401	57	97
749	399	55	98
751	398	52	99
755	397	49	100
756	406	46	100
755	410	45	100
754	414	42	99
752	416	42	98
752	419	44	96
749	417	45	95
750	419	47	95
741	417	49	91
816	409	49	89
815	408	48	89
812	407	46	88
809	406	45	86
807	406	44	86
805	405	42	86
802	402	41	85
800	401	39	84
796	401	40	83
793	398	39	81
789	398	38	80
782	396	38	78
775	397	39	77
773	395	40	77
770	394	39	75
768	393	40	73
768	392	39	72
768	392	38	71
768	388	38	71
770	391	36	71
769	388	36	71
772	390	36	71
770	387	36	71
774	387	37	71
777	385	38	72
780	385	39	73
784	386	40	75
786	385	41	77
789	384	41	79
792	383	43	82
796	382	43	85
799	380	44	86
801	380	44	88
804	378	43	89
807	376	44	90
809	374	44	91
811	372	44	91
812	372	43	91
813	371	43	90
814	368	43	91
816	365	43	90
745	380	43	91
747	377	42	90
750	375	40	90
752	373	39	88
752	373	38	88
752	371	37	87
752	370	37	85
751	369	37	85
747	370	38	85
746	369	39	86
743	367	41	85
739	366	42	85
737	367	43	86
733	364	44	88
731	364	44	90
728	363	45	91
730	357	48	91
724	359	47	91
721	358	46	90
720	354	47	90
718	355	45	90
722	349	45	91
717	345	47	89
722	337	49	90
718	335	49	93
714	337	48	100
713	333	47	107
712	331	47	113
710	328	47	117
707	326	45	120
706	323	44	122
705	321	43	123
704	319	41	123
702	318	40	123
699	317	40	123
696	316	41	122
692	314	44	121
687	311	48	117
686	310	52	111
686	314	54	109
683	310	58	105
688	316	57	106
685	314	58	107
684	311	59	107
684	307	60	104
686	312	61	106
695	316	59	110
696	315	57	114
702	317	55	115
707	324	52	113
707	327	51	110
706	327	50	107
675	301	55	102
667	295	55	98
666	297	56	94
662	298	57	91
661	297	56	90
657	297	55	89
656	294	54	88
655	293	53	87
656	292	52	86
656	290	51	85
657	288	49	84
657	287	47	83
659	284	45	82
725	323	41	90
725	319	39	95
727	317	38	98
728	314	37	99
729	313	37	99
729	311	37	99
729	310	37	98
730	308	37	97
730	307	36	96
731	306	37	95
731	304	36	94
733	302	36	93
734	302	35	91
736	300	35	90
737	298	34	89
739	298	34	88
742	298	34	89
744	298	34	90
746	299	34	93
749	298	35	96
752	298	35	98
756	297	35	100
760	295	35	101
763	293	35	101
766	293	36	100
771	291	36	99
775	289	35	98
778	288	35	97
782	288	36	95
705	255	36	95
708	254	37	93
711	252	38	92
716	251	37	91
719	249	37	89
722	249	37	88
726	250	37	88
727	251	37	88
730	250	37	89
731	251	37	90
810	289	37	94
812	287	37	96
814	286	37	97
816	285	37	98
818	283	37	98
820	283	37	100
822	282	37	101
824	283	37	102
828	282	37	103
830	280	38	103
833	279	38	103
761	244	38	97
763	244	38	95
765	248	38	95
768	248	38	97
772	249	39	98
775	250	40	100
778	251	41	102
781	252	42	103
785	252	42	103
789	253	43	103
793	252	42	101
797	253	42	100
801	253	42	98
806	254	42	96
811	256	42	97
817	257	41	99
821	252	41	94
823	256	41	91
825	258	42	91
826	260	44	92
829	262	45	94
833	260	44	95
834	263	42	98
835	262	42	99
837	264	40	103
831	262	41	103
830	260	41	105
823	258	42	106
822	256	42	106
817	256	42	106
813	252	41	104
808	251	40	104
804	249	39	102
797	246	39	99
791	248	38	99
785	249	38	100
778	251	39	103
772	251	40	106
765	247	41	108
759	247	41	110
753	246	42	110
747	245	43	109
741	243	43	108
738	242	43	107
733	242	43	106
731	241	43	106
731	240	41	106
730	241	40	109
731	239	38	110
732	238	38	112
733	237	38	113
735	236	38	114
736	235	38	114
737	235	39	112
743	235	40	109
743	237	42	108
748	237	43	107
752	239	44	106
757	238	44	106
762	240	44	105
768	238	43	105
775	238	43	105
779	239	42	105
786	238	40	105
792	240	38	106
797	240	37	107
801	241	36	108
805	240	37	107
807	241	37	108
810	244	38	109
811	242	39	111
812	245	40	111
813	241	41	110
813	242	43	109
813	243	43	108
814	242	44	107
816	241	45	106
816	239	45	105
815	239	45	105
816	238	45	105
815	237	43	104
814	236	41	105
813	235	40	106
812	235	39	104
809	234	38	103
806	234	38	101
832	255	40	101
799	234	43	98
792	233	45	96
798	234	43	96
794	231	43	96
797	230	42	95
794	228	43	94
796	228	42	94
795	226	42	94
798	227	40	93
814	244	44	93
819	248	48	94
826	253	49	95
804	234	44	102
804	231	41	108
806	227	38	113
809	227	37	114
810	229	38	114
801	286	42	114
801	271	44	120
799	300	47	118
798	294	48	120
820	232	51	123
822	221	53	126
828	227	54	129
829	220	57	131
824	245	59	136
800	275	59	137
815	259	62	139
807	273	62	141
810	271	60	140
809	270	61	139
816	269	59	141
813	269	61	141
810	271	63	140
820	260	66	142
834	244	69	145
855	220	68	148
859	219	66	149
865	216	64	151
867	214	64	151
872	218	63	148
876	225	63	143
877	214	63	144
885	216	62	144
885	220	62	142
886	212	64	144
887	215	63	143
888	213	62	142
888	209	60	143
887	208	59	143
882	208	59	142
880	209	59	138
878	209	59	134
876	204	60	132
874	208	60	129
871	209	60	127
872	203	58	128
871	199	56	130
867	198	54	132
865	196	53	133
864	192	53	135
861	194	53	133
853	199	55	129
851	196	56	130
846	192	56	131
843	188	54	132
836	185	54	132
833	182	54	132
825	183	55	129
822	179	56	125
819	179	57	124
819	181	57	127
817	182	56	130
815	178	55	132
810	176	54	133
805	174	55	135
806	172	53	138
801	170	54	139
800	168	53	140
798	167	52	141
792	166	53	141
787	165	54	141
780	164	55	141
776	162	56	140
775	161	56	137
770	161	56	135
770	159	57	133
768	160	57	131
768	162	57	130
765	163	55	131
760	165	55	132
756	163	56	133
750	163	56	134
748	162	56	135
745	161	57	137
743	160	57	138
741	161	55	139
740	162	53	139
737	162	50	139
734	162	49	139
730	162	47	138
726	162	48	137
723	162	48	135
719	163	49	134
716	169	50	135
712	172	51	135
701	189	55	130
698	176	58	136
698	173	59	142
693	174	59	145
695	174	59	147
696	175	58	148
697	175	57	149
699	176	56	150
704	176	53	150
706	178	50	151
706	180	50	150
706	184	50	149
709	188	50	147
712	190	50	144
713	193	50	141
718	195	52	137
718	202	52	136
711	217	54	129
710	229	56	122
712	236	58	117
715	241	59	113
720	246	59	109
726	249	58	106
731	254	57	103
735	256	55	102
740	258	52	102
744	256	49	103
747	256	45	103
751	256	43	103
756	256	41	102
759	257	39	100
762	260	36	99
763	262	35	97
763	265	35	97
763	266	35	97
764	268	36	99
769	270	35	100
770	271	35	101
772	272	35	102
774	274	35	103
774	274	36	102
777	272	36	100
779	272	35	99
781	274	35	99
783	272	35	97
785	273	35	96
787	275	36	97
788	273	36	96
790	275	37	95
791	275	37	95
791	275	39	95
796	277	38	97
801	277	37	98
805	278	36	100
807	277	34	102
806	279	34	104
809	279	34	104
809	279	36	104
810	279	37	103
812	278	38	102
814	277	38	99
818	280	37	97
823	281	36	95
828	280	36	93
831	280	36	92
834	280	36	92
834	281	37	93
835	281	38	95
839	280	37	97
844	280	36	99
845	279	36	101
847	280	35	103
850	278	35	105
844	277	39	106
847	275	40	107
849	274	40	107
851	273	40	107
854	269	40	107
853	268	42	105
855	270	42	102
856	270	43	101
857	267	42	101
854	267	42	100
853	267	42	100
851	266	42	102
852	263	40	105
854	261	37	108
853	260	36	109
841	257	40	106
835	259	43	107
829	259	45	107
831	257	44	109
830	252	42	112
827	248	41	113
827	243	39	114
827	236	38	116
824	232	37	117
823	229	37	117
821	226	37	119
819	225	38	122
814	217	37	128
810	220	38	128
803	220	41	128
801	220	41	129
801	215	40	132
798	216	39	134
796	214	38	134
794	216	38	135
793	213	38	133
791	212	38	133
791	209	38	133
788	206	37	132
786	201	38	131
784	213	39	126
781	213	39	122
776	215	41	117
771	217	43	115
768	222	44	113
763	226	45	110
763	225	44	110
760	223	43	111
764	214	40	117
757	222	40	115
758	219	39	115
750	227	42	111
750	224	41	111
749	225	41	110
748	222	40	109
746	221	41	108
746	219	40	107
747	219	39	105
745	220	39	102
743	223	38	100
741	225	38	98
739	226	37	97
736	227	36	98
735	227	36	98
732	227	37	99
731	228	37	100
729	228	38	101
727	227	37	102
724	227	36	103
722	227	36	103
721	225	37	100
719	225	36	100
717	224	36	97
715	224	35	94
712	224	34	92
710	225	34	92
709	224	34	92
705	225	34	91
703	226	35	91
703	227	37	92
696	227	39	93
693	226	42	94
689	227	44	95
690	226	43	97
688	227	41	98
687	226	40	99
685	226	39	99
681	225	38	99
679	224	37	99
677	223	37	98
676	222	36	96
674	222	36	95
671	221	35	92
670	222	34	91
666	223	33	91
663	223	33	92
659	224	34	93
657	224	34	94
655	225	35	95
653	225	34	96
650	225	35	97
648	224	35	98
647	223	35	100
646	222	35	100
644	221	35	100
642	219	35	99
641	218	35	98
639	217	34	96
638	216	34	94
637	217	34	93
635	218	33	93
634	218	33	92
630	218	34	92
627	219	34	93
624	218	36	94
621	218	37	95
619	219	37	96
618	219	36	97
618	218	36	98
617	219	35	98
615	218	34	98
614	217	34	99
612	216	34	99
610	215	33	99
608	213	33	98
606	212	33	96
604	211	33	94
602	210	33	92
598	211	32	92
597	212	32	93
596	211	32	93
592	210	31	95
591	209	31	96
589	210	31	97
586	210	31	98
583	209	31	99
582	208	31	101
579	207	32	101
577	205	31	102
575	204	31	102
574	204	31	102
571	202	31	100
569	201	31	99
566	200	31	97
564	199	31	96
562	199	31	95
559	199	32	94
557	199	32	94
554	199	32	94
550	198	32	95
546	198	33	97
544	198	34	98
543	198	33	99
541	197	33	100
539	198	33	101
536	197	33	101
534	196	33	101
532	195	33	101
528	194	33	101
526	194	33	99
523	193	33	98
521	192	33	96
517	192	33	95
515	193	33	95
513	193	33	96
512	193	32	96
510	193	32	97
509	195	32	98
507	194	32	100
507	193	32	102
507	193	32	103
508	193	32	104
509	192	32	104
510	191	32	105
512	191	32	104
512	190	33	104
512	189	33	102
515	188	33	100
516	188	34	98
519	187	35	97
521	188	36	97
524	188	35	97
526	189	35	98
528	189	35	99
531	189	34	100
533	189	34	101
535	189	34	102
539	190	33	103
541	190	33	103
543	190	33	103
545	190	33	103
546	190	33	102
548	190	34	101
547	189	35	101
547	189	35	99
548	189	36	98
549	190	36	96
549	191	37	95
551	192	37	95
554	194	36	96
554	194	35	97
554	196	35	98
554	195	35	100
555	197	36	101
556	198	36	103
556	198	37	104
557	199	37	105
559	200	38	105
557	200	39	105
556	200	39	105
561	199	38	104
561	200	37	103
560	200	39	101
562	200	38	100
564	203	37	99
567	204	35	98
570	204	34	98
571	206	33	99
573	207	33	100
574	207	32	102
575	209	33	104
577	210	33	105
579	210	34	106
581	210	34	108
582	211	34	108
584	211	35	108
585	211	36	108
586	212	36	106
589	213	36	105
593	213	36	103
595	213	36	101
599	213	35	100
602	214	35	98
606	216	35	98
609	218	35	98
612	219	35	99
613	220	34	100
617	221	34	102
619	222	34	103
620	223	35	104
622	224	35	104
624	225	36	105
627	223	36	106
628	223	35	107
629	221	35	107
631	221	35	107
631	221	35	106
631	220	34	105
629	221	35	103
628	221	36	102
630	221	36	101
632	221	36	101
633	222	35	102
633	222	34	103
633	223	35	103
633	223	36	105
632	224	36	106
632	225	36	107
631	224	36	108
631	223	36	108
630	224	36	109
628	223	36	109
628	223	37	109
627	222	38	108
626	220	38	107
626	220	38	106
626	219	38	104
627	218	38	102
629	216	38	101
628	217	37	100
630	217	36	101
631	218	36	101
631	218	36	102
632	217	36	103
634	217	36	103
635	217	36	104
635	216	37	105
636	214	36	106
640	212	36	106
641	210	36	106
641	207	35	108
640	206	36	107
640	204	37	106
642	202	37	105
645	200	37	103
648	200	39	102
651	199	38	102
651	196	37	104
649	194	36	106
649	194	36	107
649	194	36	109
649	192	36	111
647	192	36	113
644	192	37	113
643	190	38	113
640	190	39	114
637	189	40	113
634	186	41	114
632	185	41	114
632	182	41	114
631	181	42	112
629	181	42	110
627	180	43	108
626	182	42	107
624	182	41	107
623	181	40	108
621	181	39	110
620	181	39	112
620	181	38	114
619	179	37	115
617	180	36	117
616	179	35	119
614	177	35	119
612	178	35	119
609	179	36	117
607	178	38	116
603	179	41	114
601	180	43	112
599	179	44	110
599	179	44	110
599	177	43	111
599	179	42	112
598	179	40	114
597	179	39	116
597	178	38	118
597	179	37	120
598	179	37	122
598	180	37	123
599	180	37	124
597	181	37	124
597	183	38	123
598	184	39	122
600	183	40	121
600	184	42	120
601	184	43	117
602	186	44	115
600	187	45	112
602	186	45	111
607	189	43	112
608	189	41	113
609	188	41	113
609	188	42	114
610	190	43	114
611	190	44	116
613	192	44	116
612	194	44	116
612	194	46	117
611	195	48	117
611	192	49	117
612	192	50	116
614	191	49	115
615	189	49	115
618	188	49	115
622	190	47	115
624	191	44	116
624	192	43	117
624	193	43	118
624	191	42	121
623	197	42	121
623	199	42	122
621	202	44	122
619	204	46	121
617	207	48	121
611	202	49	122
610	203	50	123
607	203	50	123
604	203	50	122
603	204	49	120
601	199	49	119
