609	171	29	81
609	171	29	81
608	172	30	81
608	172	29	81
607	172	29	81
608	172	28	80
608	171	27	78
609	172	26	78
609	172	25	78
608	173	25	78
607	174	25	79
607	175	25	79
605	175	25	80
605	176	26	81
604	176	26	81
604	177	26	82
603	177	27	83
602	177	27	83
601	177	26	83
602	176	26	83
601	176	26	84
601	176	25	84
601	176	25	83
600	175	24	81
600	176	24	80
600	176	23	79
600	176	23	78
599	177	23	78
598	178	24	79
599	178	25	79
599	178	27	79
597	179	28	80
596	179	28	81
594	180	29	81
593	179	29	81
592	180	29	81
592	180	29	81
591	180	29	81
592	180	28	80
592	179	27	80
592	178	26	79
593	178	25	77
591	179	25	77
592	180	24	77
591	180	25	78
590	180	25	79
589	180	26	80
588	181	26	80
587	181	26	81
587	181	26	82
586	181	26	82
586	181	26	83
585	180	26	83
585	180	26	83
585	180	26	83
585	180	25	83
585	179	25	82
585	178	24	81
584	178	24	80
584	178	24	78
584	179	24	78
584	179	24	78
584	179	24	78
584	179	24	79
584	179	26	79
583	179	27	80
583	179	28	81
581	180	29	82
580	179	29	81
579	179	29	81
579	178	29	81
579	178	28	81
580	178	27	81
580	178	26	80
581	177	25	79
582	176	24	78
583	176	24	77
583	176	23	77
583	176	24	77
582	176	24	78
583	176	24	79
583	176	25	79
582	176	25	80
583	176	26	81
582	176	26	81
582	177	26	82
581	176	26	82
582	175	26	82
582	175	25	82
583	174	25	83
583	172	25	82
583	171	24	81
583	171	24	79
584	171	24	78
584	170	23	77
584	169	24	77
584	170	23	77
585	170	24	77
586	170	25	77
585	169	26	78
585	168	27	79
585	168	28	80
584	168	28	80
583	167	28	80
583	167	28	80
583	166	28	80
584	166	27	80
584	164	27	80
586	164	26	79
586	163	25	78
587	163	24	77
587	162	24	77
587	162	24	78
588	162	24	78
587	162	25	78
588	162	25	79
589	163	25	80
588	163	26	81
588	163	26	81
587	162	26	81
588	162	26	82
588	161	26	82
590	161	25	82
590	161	25	82
591	160	25	82
591	159	24	81
592	159	24	79
592	158	23	78
592	159	23	77
592	158	23	76
593	158	23	76
593	158	24	76
594	157	24	76
594	158	25	78
593	157	26	78
593	157	27	79
593	157	28	79
593	157	28	79
592	157	28	79
592	157	28	79
593	157	27	79
593	157	27	79
595	157	26	78
595	158	25	77
596	157	25	76
597	158	24	76
597	158	24	76
597	158	24	77
597	159	25	77
597	159	25	77
596	159	26	78
597	159	26	79
596	159	26	79
596	159	26	80
596	159	27	81
596	158	26	81
596	158	26	81
597	158	26	81
597	157	25	81
597	157	25	81
598	156	24	80
598	156	24	78
598	156	24	77
599	157	24	77
598	158	24	76
599	159	24	77
599	160	24	77
599	161	26	77
599	162	27	78
599	162	28	78
597	164	28	78
597	165	29	78
596	165	29	78
596	166	29	78
595	166	28	78
595	166	28	78
596	166	27	78
597	165	26	76
598	166	25	76
598	165	25	75
598	167	25	75
598	168	25	76
597	169	25	76
598	169	25	77
597	169	25	77
597	170	26	78
597	170	26	78
597	171	26	79
597	170	26	79
595	170	26	80
595	169	26	81
595	169	26	81
595	168	26	81
595	168	26	81
596	167	26	80
595	167	25	80
595	166	25	78
596	166	25	78
595	167	25	78
595	167	25	77
595	168	25	77
595	168	26	77
595	168	27	77
595	168	28	78
594	168	29	78
593	168	29	78
593	168	29	77
592	168	28	78
592	168	28	78
592	167	27	78
592	167	27	78
592	166	27	77
592	166	26	76
592	166	26	75
592	166	26	74
592	166	26	75
592	167	26	75
592	167	26	76
592	167	26	76
593	167	26	77
592	168	26	78
591	167	25	78
592	167	26	79
592	167	25	79
591	167	25	79
591	166	25	80
591	166	25	80
591	165	25	80
591	165	25	79
592	165	24	78
591	164	24	77
591	165	23	76
591	165	23	76
591	165	23	76
591	164	23	76
591	165	24	76
591	165	25	77
591	165	27	77
590	166	28	78
588	166	29	79
587	166	29	79
587	165	28	79
586	166	28	79
586	166	28	80
586	166	28	80
587	165	27	79
587	165	26	78
587	164	25	77
587	164	25	76
588	165	24	76
587	165	25	76
587	165	25	77
587	166	25	77
586	166	25	78
586	166	25	79
586	166	25	80
585	166	25	80
584	166	26	81
584	167	26	81
585	166	26	81
584	165	25	81
584	165	25	81
585	165	25	81
584	165	25	80
584	164	25	79
585	164	24	78
585	164	24	77
585	164	23	77
585	164	23	76
585	164	24	76
585	165	24	77
585	165	26	77
585	164	27	78
584	165	29	78
583	166	30	78
581	166	30	78
580	166	29	78
580	166	29	78
580	166	28	78
581	165	28	77
582	165	27	77
583	164	26	76
584	164	25	75
584	164	25	75
585	164	25	75
585	164	25	76
585	163	25	77
584	163	26	78
584	164	26	79
585	164	26	79
584	164	26	80
585	164	26	81
584	164	26	81
584	163	26	82
585	163	26	82
585	163	26	82
585	163	25	82
586	162	25	81
587	161	24	80
587	161	24	79
588	161	24	78
589	162	23	77
589	162	23	77
589	162	23	77
590	162	23	77
591	163	24	77
591	162	26	77
591	163	28	78
591	163	29	79
590	163	29	79
590	163	29	79
589	163	29	80
589	163	29	80
589	163	28	80
590	162	27	80
592	162	26	79
594	161	25	78
595	161	25	77
596	161	24	77
597	162	24	77
597	162	24	77
598	163	24	78
598	163	25	79
598	162	25	79
598	163	26	80
598	163	26	81
598	163	27	82
599	163	26	82
599	162	26	83
599	162	26	83
601	161	25	83
601	161	25	83
601	161	25	83
602	159	24	81
603	160	23	80
604	160	23	79
604	160	22	78
605	160	22	77
605	160	23	77
606	161	23	77
606	161	24	78
607	160	25	78
606	161	26	78
606	161	28	78
605	161	28	78
604	161	28	78
605	161	28	78
605	161	27	79
605	161	27	79
607	160	26	78
608	159	25	78
609	158	24	77
610	158	24	77
610	159	24	77
611	159	24	77
610	159	25	78
610	159	25	79
610	159	25	79
611	159	25	80
610	159	25	80
610	159	25	81
610	159	25	81
610	159	25	81
610	158	25	82
611	159	25	82
611	158	25	83
611	157	25	83
612	155	24	82
611	155	24	80
612	155	23	78
611	156	23	77
612	156	23	76
612	156	23	76
612	156	23	77
613	156	24	77
612	156	25	78
612	157	26	78
611	157	27	78
611	157	28	78
609	156	28	78
609	156	27	78
609	155	27	78
609	155	27	79
609	155	27	78
610	154	26	77
611	153	25	76
611	154	24	76
612	154	24	76
611	154	24	76
611	154	24	77
612	154	24	78
610	154	25	79
610	155	25	80
610	155	25	80
609	154	25	81
609	154	25	81
609	154	25	81
608	154	25	82
608	153	24	82
609	152	24	82
609	152	24	81
608	151	23	80
608	150	23	78
608	150	22	77
608	150	22	77
607	151	22	77
607	152	23	77
607	151	23	78
607	151	24	78
607	152	25	78
606	153	26	79
605	152	27	79
604	152	27	79
603	152	27	78
602	152	27	79
602	151	27	79
602	151	26	79
603	150	26	77
604	150	25	76
605	150	24	75
604	151	23	75
605	151	23	76
604	151	23	77
604	151	24	77
604	151	24	78
604	152	25	79
603	152	25	79
602	151	26	80
602	152	26	80
602	152	26	80
601	152	26	80
602	152	25	81
602	151	25	81
602	151	25	80
602	150	24	80
602	150	24	78
602	151	23	77
602	151	23	77
602	151	23	76
601	151	23	77
601	152	23	77
602	152	24	78
602	152	25	79
601	153	26	79
600	153	27	79
598	153	27	79
598	153	27	79
597	153	27	79
597	153	27	79
597	153	26	79
598	153	26	79
598	152	25	78
599	152	24	77
600	152	24	76
600	153	23	76
599	153	24	76
599	154	24	76
599	155	24	77
598	155	25	77
598	156	25	78
597	156	26	79
596	156	26	79
596	156	26	80
596	156	26	80
596	156	25	80
597	157	25	80
596	157	25	80
597	157	24	80
597	157	24	79
597	157	24	78
597	157	23	77
597	158	23	76
596	159	23	76
597	160	23	76
596	161	23	76
597	161	24	77
597	162	25	78
596	163	26	78
595	164	27	78
594	165	27	78
593	166	28	78
592	166	28	78
591	166	27	78
592	166	27	79
592	166	27	79
593	166	26	78
593	166	25	77
594	166	25	76
594	167	24	76
595	168	24	76
595	169	24	77
594	171	24	77
593	171	25	77
593	172	25	78
593	172	26	79
592	173	26	80
593	174	26	80
593	173	25	81
592	174	25	81
592	174	25	81
592	175	25	81
592	175	24	81
593	175	24	79
593	176	24	78
593	177	24	77
592	179	24	76
593	180	24	76
592	182	25	76
592	183	25	76
593	185	26	77
592	187	26	77
592	188	27	78
592	191	28	78
591	192	28	77
591	192	28	77
590	194	28	78
590	195	27	78
591	195	27	78
591	197	27	78
592	197	26	77
594	198	25	76
595	198	25	75
595	201	25	75
595	202	25	75
596	203	25	75
595	205	25	76
595	206	26	77
595	208	26	77
595	209	26	78
594	211	27	78
595	212	27	79
595	214	27	79
595	216	27	79
595	218	27	79
595	219	27	79
595	220	27	79
596	221	26	78
596	222	26	76
596	224	25	76
597	226	25	75
596	229	25	75
597	231	25	76
597	235	25	77
598	238	25	77
597	241	26	78
598	246	27	78
598	249	27	78
598	253	27	78
597	256	27	78
598	258	27	78
598	263	27	78
598	265	26	78
598	269	26	77
600	271	26	76
600	273	25	75
600	276	25	74
602	279	25	74
602	282	25	75
601	284	25	76
602	287	25	76
602	290	26	77
602	291	26	78
602	293	26	79
602	295	26	80
602	296	26	80
602	297	26	79
602	297	26	79
602	297	25	79
603	296	25	79
604	295	25	78
604	294	24	77
605	294	24	76
605	294	24	76
604	294	24	75
606	294	24	75
606	294	24	76
607	294	25	76
607	295	26	75
606	295	27	76
607	296	28	76
606	296	28	76
605	295	28	76
606	295	28	76
606	295	27	76
606	295	27	76
607	293	27	75
608	291	26	74
610	290	25	73
610	289	24	72
610	288	24	72
611	285	24	73
610	284	24	73
612	282	24	74
611	282	24	75
611	281	24	75
611	280	24	76
611	281	24	76
610	281	25	77
611	281	25	77
610	280	25	77
610	279	25	77
611	279	24	78
611	279	24	78
612	278	24	77
612	277	24	76
612	277	23	75
612	277	23	74
612	277	24	74
612	278	24	74
611	278	24	74
612	278	25	75
612	279	26	75
612	279	28	75
612	280	29	75
611	280	29	76
610	280	29	75
610	281	29	76
609	281	29	76
609	281	28	76
609	280	27	76
610	279	26	75
612	279	26	74
612	279	25	73
612	279	24	73
613	279	24	73
613	280	24	73
613	280	24	74
612	280	24	75
613	280	24	75
612	281	24	76
612	281	25	77
611	281	25	77
612	281	25	77
611	281	26	77
610	281	26	77
610	281	25	77
610	280	25	77
611	279	24	77
611	278	24	76
611	278	23	75
611	278	23	74
611	278	22	74
611	279	22	74
610	279	22	74
611	279	23	74
611	280	25	74
611	280	27	74
610	280	28	75
608	280	29	75
606	281	29	75
605	280	28	76
605	280	27	76
604	279	27	76
605	279	26	76
605	279	26	76
606	279	25	75
607	278	24	74
607	278	24	74
606	279	24	74
606	278	24	74
605	279	24	75
605	280	24	76
604	280	24	76
603	279	25	77
602	279	25	77
601	280	25	78
602	279	25	78
600	280	25	78
600	279	25	78
600	279	25	78
600	278	24	77
600	278	24	76
600	277	23	75
600	278	23	74
600	277	23	73
599	278	23	73
598	278	23	73
599	279	23	74
599	279	24	74
599	279	26	74
596	279	27	75
595	279	28	75
595	280	28	75
593	280	28	75
592	280	28	75
592	279	27	76
591	278	27	76
592	277	25	75
592	277	25	74
592	277	24	74
593	277	24	74
592	277	24	74
592	278	24	74
591	278	24	75
590	278	24	76
589	279	24	76
590	278	25	77
588	279	25	78
588	279	25	78
587	279	25	79
587	278	25	79
587	277	24	79
586	277	24	79
587	277	23	79
587	276	23	78
586	275	22	77
587	275	22	76
586	276	22	75
586	276	22	74
586	277	22	74
586	277	22	74
586	278	23	75
586	277	24	75
586	278	25	75
585	278	27	75
584	278	28	75
583	279	28	75
582	279	28	75
582	278	27	75
581	278	27	76
582	278	26	75
583	277	25	74
583	277	24	73
584	277	23	73
585	277	23	72
584	277	23	73
584	278	23	73
583	278	23	74
583	278	23	75
583	278	24	75
582	279	24	76
582	278	24	77
582	278	24	77
582	278	25	78
582	278	24	78
582	277	24	79
582	277	24	79
581	276	24	78
582	276	24	77
582	276	23	76
582	276	23	75
582	276	23	74
582	276	22	74
582	277	23	75
583	277	23	75
583	277	24	76
583	278	25	76
582	278	27	76
581	278	27	77
580	278	28	77
579	278	27	77
580	278	27	77
579	279	27	77
580	278	26	77
581	278	26	77
582	277	25	76
583	277	25	74
584	277	24	73
584	278	24	73
584	278	24	74
585	279	24	75
584	279	24	75
583	279	25	76
584	280	25	76
583	280	26	77
583	280	26	77
584	280	26	78
583	281	26	78
583	281	26	78
584	280	25	78
585	280	25	78
584	279	25	78
585	278	24	77
585	278	24	76
586	279	23	75
585	278	23	74
586	278	24	74
585	279	24	74
585	279	25	74
586	279	26	75
586	279	27	75
585	280	28	76
585	279	28	77
585	279	29	77
585	279	29	77
585	279	28	77
585	279	28	77
585	279	27	77
586	278	27	77
587	277	27	76
589	277	26	75
590	277	25	74
589	278	24	74
590	278	24	74
590	278	24	74
590	279	25	75
590	278	25	76
590	278	25	77
590	278	25	77
591	278	25	78
590	278	25	78
590	277	25	78
590	277	25	79
591	277	25	79
590	276	25	78
591	275	24	77
591	274	24	76
592	274	23	74
592	274	23	73
592	274	23	73
592	274	23	74
592	274	24	74
593	275	24	74
593	275	26	74
593	276	28	75
592	275	30	75
591	275	30	75
591	275	30	75
590	275	29	75
592	275	29	75
593	274	28	75
594	274	27	75
595	273	26	74
595	272	25	73
596	272	24	73
596	272	24	73
596	271	24	74
596	272	24	74
597	272	24	75
597	272	24	76
598	272	24	76
597	273	25	77
597	272	25	77
597	272	25	78
597	272	25	78
597	271	25	78
597	271	24	78
598	271	24	77
598	270	24	77
599	269	23	76
599	269	23	74
599	268	23	74
600	268	23	73
599	269	22	73
600	269	23	73
602	269	24	73
601	270	25	73
601	270	27	73
600	270	27	73
599	269	27	74
598	269	26	74
598	268	26	75
599	267	26	75
599	266	25	75
600	266	25	75
601	265	24	74
602	265	23	73
602	265	23	72
603	265	22	73
603	266	22	73
602	265	23	74
603	265	23	74
603	265	23	75
603	265	23	75
602	266	24	76
602	265	24	76
602	265	24	76
602	264	24	76
603	264	24	77
603	263	23	77
603	261	23	77
603	261	23	76
604	260	22	74
604	259	22	73
605	259	22	72
604	259	22	72
605	260	22	72
606	260	22	73
606	260	23	73
605	259	25	73
605	260	26	74
604	260	26	74
603	259	27	73
603	258	27	74
603	258	26	74
603	257	26	74
604	257	25	74
605	255	25	73
607	254	24	72
608	253	23	72
607	254	23	72
608	254	23	73
608	254	23	73
608	253	24	74
609	253	24	74
608	253	25	75
608	253	25	75
608	253	25	76
608	252	25	76
609	252	25	76
608	252	25	76
608	251	25	76
608	251	24	76
609	250	24	75
609	249	23	74
609	248	23	73
609	248	23	72
610	248	22	72
609	248	23	72
610	248	22	72
610	248	23	72
610	248	24	73
610	247	25	73
610	247	26	74
609	246	26	74
608	246	25	74
608	245	25	74
609	245	25	75
610	244	25	75
610	243	25	74
611	243	24	73
611	242	23	72
612	241	23	72
612	242	23	72
613	242	22	73
613	241	23	73
613	241	23	73
613	241	23	74
612	242	23	74
613	241	24	75
613	241	24	75
612	241	24	75
612	241	25	75
612	240	25	76
612	239	25	76
613	238	24	76
612	237	25	75
612	236	24	74
613	235	24	73
612	235	23	72
612	235	23	72
612	235	23	73
613	235	22	73
613	235	22	73
613	234	22	74
613	235	22	74
612	235	23	74
612	235	23	74
610	235	23	73
611	235	23	73
610	235	23	72
610	233	23	73
612	234	24	71
614	233	25	69
616	230	23	69
620	229	20	70
620	229	19	71
620	229	19	71
620	229	18	71
620	228	19	72
619	229	19	72
618	228	20	73
617	228	20	74
617	227	21	74
616	227	21	74
615	226	22	74
615	225	22	75
615	224	22	75
615	223	22	75
614	223	22	74
614	222	22	73
614	221	22	72
614	221	22	72
614	222	22	71
613	222	22	71
614	222	23	72
614	221	24	72
614	222	25	72
613	221	25	72
613	221	26	72
611	221	26	73
610	220	25	73
610	220	25	73
610	219	25	74
612	218	24	74
612	217	24	73
612	216	23	72
613	215	23	71
614	215	22	70
613	215	22	70
613	215	22	71
613	215	23	72
613	214	23	72
613	214	23	73
613	214	23	73
611	214	24	73
611	214	24	74
610	213	24	74
611	213	24	74
611	212	24	74
611	212	23	75
611	211	23	75
612	209	22	73
611	209	22	72
611	208	22	71
611	209	21	70
611	208	21	70
611	208	21	70
611	208	21	71
611	208	22	71
612	207	23	71
611	208	25	72
610	208	26	71
609	207	26	71
609	207	25	71
608	206	25	72
608	206	25	72
608	206	24	72
609	205	24	71
609	204	23	70
610	204	22	69
610	203	22	69
610	204	22	69
610	204	22	70
609	204	22	70
609	203	23	71
608	204	24	71
609	203	24	72
608	203	24	72
607	203	24	72
607	202	24	72
608	202	24	73
608	202	24	73
607	201	24	73
607	201	23	73
607	200	23	72
608	200	22	71
607	199	22	70
608	199	21	69
608	200	21	69
607	199	21	69
608	200	21	70
608	200	21	70
608	199	22	70
607	199	23	71
605	199	24	71
604	199	24	71
603	199	24	71
603	200	24	71
602	199	24	71
602	199	23	71
603	199	23	71
602	198	23	70
603	198	22	69
602	197	22	68
603	198	22	68
602	198	22	69
601	198	22	69
601	198	22	70
601	199	23	70
601	198	22	71
600	198	23	71
600	199	23	72
599	199	23	72
598	198	23	72
597	198	22	72
596	198	23	73
597	198	22	73
596	197	22	73
596	196	22	72
595	196	21	71
594	196	21	70
594	195	21	71
594	196	21	71
593	195	21	71
593	196	21	72
593	196	22	73
592	195	23	74
592	194	23	74
590	195	24	75
588	195	24	75
587	195	24	75
587	195	24	75
586	195	24	75
586	194	23	75
585	194	23	74
584	194	23	73
584	195	23	72
584	196	23	71
583	197	23	70
583	198	22	70
582	198	23	70
581	198	23	71
580	198	23	71
580	199	23	71
579	199	24	72
578	198	24	73
577	198	24	72
576	198	23	72
576	198	23	72
576	197	23	73
575	196	22	73
575	196	22	72
574	196	22	71
574	196	21	71
572	195	22	70
572	195	22	70
570	196	22	70
571	196	22	70
570	196	23	71
570	197	24	71
568	197	26	71
567	197	26	71
566	197	26	71
565	197	26	72
565	196	26	72
564	196	25	72
564	196	25	72
565	195	24	72
564	195	24	71
563	194	23	70
563	194	23	70
564	194	22	70
564	194	22	70
564	194	21	71
563	194	22	71
563	195	22	72
562	195	22	72
563	195	22	73
562	195	23	73
562	195	23	73
561	195	23	73
560	194	23	74
561	194	22	74
560	193	22	74
560	193	22	73
559	193	22	71
559	193	22	70
559	193	22	70
558	193	23	70
558	194	23	70
559	194	23	70
559	194	24	71
559	195	26	71
559	194	27	72
557	195	27	72
556	194	27	72
556	195	27	72
555	196	26	73
556	196	26	73
557	194	25	73
557	195	24	72
557	194	23	71
558	194	23	71
558	194	22	70
558	196	22	71
559	196	22	71
558	197	22	72
557	197	23	72
557	197	23	72
558	198	24	73
557	198	24	74
557	198	24	74
556	199	24	74
556	198	24	74
557	199	24	75
557	199	23	75
557	199	23	74
557	198	23	73
558	198	22	72
557	199	22	71
557	199	22	71
557	200	22	71
557	200	23	71
558	201	23	72
559	201	24	72
559	202	26	72
558	203	27	73
557	204	27	73
555	203	27	73
555	204	27	73
555	204	26	74
555	205	26	74
556	205	25	74
556	204	24	73
558	204	23	72
557	205	23	70
558	206	23	70
557	206	23	70
558	207	23	70
558	208	23	71
558	208	23	71
558	209	23	72
558	209	24	72
558	210	24	72
557	210	25	73
557	210	25	73
557	211	24	73
557	210	24	74
558	209	23	74
558	208	23	75
559	207	22	74
559	207	22	73
559	207	22	73
559	208	22	72
558	207	22	72
559	208	22	73
560	208	22	73
560	208	24	74
559	207	25	75
558	207	26	76
557	208	26	75
557	209	27	75
556	209	27	75
555	209	26	75
556	208	25	75
556	208	25	75
557	208	24	74
558	208	23	73
558	208	22	72
558	208	22	72
558	209	22	72
557	209	22	72
556	210	22	72
557	209	23	73
557	211	23	73
556	210	24	74
556	211	24	74
556	211	25	74
555	210	25	74
554	210	25	74
555	210	24	75
555	209	24	75
554	209	24	74
554	209	24	73
554	208	24	72
554	208	24	71
552	208	24	71
553	208	24	71
553	208	24	72
553	209	25	72
555	209	27	72
554	209	28	73
553	208	29	74
552	209	29	74
550	209	28	74
551	209	28	74
550	209	27	74
551	208	26	74
552	208	25	73
552	207	24	72
553	208	24	71
552	208	24	70
552	208	24	70
552	208	24	71
551	208	25	71
552	208	24	72
551	208	25	73
550	208	26	73
550	209	26	74
549	208	26	74
550	208	26	74
549	207	26	74
549	208	25	74
550	208	25	75
550	206	24	75
550	206	24	74
549	205	24	73
550	205	23	71
550	205	23	71
550	205	22	71
550	206	23	71
551	205	23	71
551	206	24	72
551	206	25	72
550	206	26	73
549	206	27	73
548	206	28	73
547	206	28	74
547	206	28	74
547	205	27	74
548	204	26	74
549	204	25	73
550	203	24	72
550	203	23	71
551	203	23	71
551	203	23	71
550	203	23	72
550	204	24	72
550	203	24	73
549	204	24	73
550	204	25	74
548	204	25	74
549	204	25	74
549	204	25	74
549	204	25	74
549	203	24	75
550	203	24	75
550	203	23	74
550	202	23	74
551	202	23	72
551	202	23	71
550	202	23	71
551	202	23	70
552	203	23	71
553	203	24	71
553	202	25	71
553	203	26	72
553	203	27	73
552	203	28	73
551	204	27	73
552	204	27	73
551	204	26	73
552	204	25	73
553	203	24	72
555	203	24	71
555	203	23	70
556	202	23	70
557	203	22	70
557	203	22	71
557	204	23	71
557	203	23	72
558	204	23	73
557	203	24	74
558	204	24	74
557	203	24	74
557	203	24	74
558	203	24	74
558	203	24	74
558	203	23	75
558	202	23	74
559	202	23	72
559	201	22	71
560	201	22	70
561	201	22	70
560	201	22	70
561	202	22	70
562	202	22	71
562	201	23	71
