613	363	188	209
615	368	191	205
614	369	194	204
613	369	196	204
611	371	198	203
612	371	198	203
612	372	199	203
612	372	199	203
613	373	200	203
612	373	200	204
613	374	199	205
612	373	200	205
615	374	199	205
614	374	200	205
615	374	199	205
614	374	200	205
614	374	200	205
614	375	200	206
614	375	200	206
614	376	201	207
614	375	201	207
614	375	200	207
616	375	200	207
615	375	200	207
615	375	200	207
615	376	200	207
615	375	200	207
615	375	200	207
617	375	200	206
616	376	200	206
616	376	200	206
616	375	201	206
616	376	200	206
616	375	201	206
617	375	201	206
617	375	201	205
616	375	201	205
616	375	201	205
618	375	200	204
617	374	200	204
616	374	200	204
617	375	200	203
618	375	200	203
617	375	200	203
617	374	200	203
618	374	200	203
617	375	201	202
619	375	199	203
618	374	199	202
618	373	200	202
619	373	200	202
617	375	200	202
620	373	199	202
618	373	199	202
620	373	199	203
619	374	199	203
619	373	199	203
619	372	199	203
619	373	199	203
619	373	199	203
619	373	199	202
619	373	200	202
618	374	200	202
618	373	200	202
618	374	200	202
618	374	200	202
617	375	200	202
618	374	200	202
616	374	200	202
618	375	199	203
618	374	199	203
616	374	200	203
616	374	200	202
615	374	200	203
614	376	201	202
614	376	201	203
614	376	201	203
614	375	201	203
614	375	201	203
612	376	201	203
612	376	202	204
611	376	202	204
610	376	202	204
609	375	202	204
610	376	202	204
609	375	202	204
609	375	202	204
608	374	201	204
607	375	201	204
606	375	202	204
605	375	201	204
605	375	201	204
604	375	200	204
604	375	200	203
604	374	200	203
603	374	199	204
601	374	199	203
600	374	199	202
599	374	199	203
598	374	200	203
599	372	200	203
598	372	199	203
596	371	198	204
596	370	198	203
595	370	197	203
595	368	197	203
593	367	197	203
593	367	197	202
593	368	196	202
592	365	196	200
590	365	195	200
590	364	195	200
589	363	194	199
589	363	194	199
586	361	194	199
585	360	195	198
585	358	195	198
583	358	195	197
583	357	196	197
582	357	196	195
581	354	196	194
580	353	196	192
579	353	196	191
579	350	196	190
577	349	195	188
576	348	194	185
574	347	193	183
573	346	191	182
573	345	189	181
572	344	188	180
572	344	188	179
571	342	187	178
571	342	187	177
569	341	186	176
569	340	186	175
568	337	184	173
568	336	182	173
567	336	180	172
566	335	178	171
566	333	177	170
565	331	175	167
566	331	173	166
564	330	172	164
564	329	171	163
564	329	169	162
563	326	168	160
563	326	167	159
562	325	166	159
561	325	164	158
560	323	163	156
561	322	162	155
562	322	161	154
563	321	160	152
566	321	158	151
568	320	157	149
571	318	156	148
573	318	155	147
576	318	154	146
578	317	154	146
580	317	152	144
583	315	151	143
583	315	150	142
586	314	149	142
586	315	148	141
587	313	147	140
588	314	146	139
588	313	144	138
588	313	143	137
588	312	142	136
588	312	141	136
588	311	140	135
588	311	139	135
588	312	138	134
589	311	137	134
588	310	137	132
589	309	136	132
589	309	136	130
589	308	135	129
588	306	134	128
589	305	134	127
589	304	133	126
589	302	132	126
589	301	131	125
589	299	130	125
589	298	129	124
589	296	128	124
590	296	127	123
591	295	127	123
591	294	126	122
591	293	125	122
591	292	125	121
591	294	124	120
591	294	124	120
592	296	123	119
592	296	123	118
592	298	122	117
593	299	122	116
593	300	122	115
593	300	121	115
593	302	121	114
593	304	120	113
594	304	119	112
594	305	119	112
594	305	118	111
594	306	118	111
594	307	117	111
594	308	117	110
595	308	116	110
595	309	116	109
595	310	115	109
596	310	115	108
596	310	114	108
597	309	114	108
597	309	113	107
598	309	113	106
598	309	113	106
599	308	112	105
599	307	112	105
599	307	111	104
600	307	111	104
601	305	110	104
601	305	110	103
602	305	110	103
602	304	110	102
602	303	110	102
603	303	109	101
603	302	109	101
604	302	109	101
604	300	108	100
604	300	108	99
604	299	108	99
605	299	108	99
606	298	107	99
606	298	107	99
606	297	107	99
607	297	106	99
607	297	106	99
608	297	106	99
608	297	106	99
609	297	105	99
609	298	105	99
610	299	105	98
610	299	105	98
611	299	105	98
611	300	104	97
612	300	104	97
612	300	104	97
612	301	104	97
613	301	104	97
613	301	104	96
613	300	104	96
614	300	104	96
614	300	103	96
614	300	103	95
615	300	103	95
615	299	103	95
616	299	103	95
616	298	103	95
616	298	103	95
616	298	102	95
617	298	102	94
617	298	102	94
617	298	102	94
617	296	102	95
617	296	102	95
617	296	102	94
618	296	102	94
618	295	102	95
618	296	102	94
617	296	102	94
617	295	102	94
617	295	102	94
618	295	102	94
618	296	102	94
617	295	102	94
618	296	102	94
618	296	102	94
618	296	102	93
618	296	101	93
617	296	101	93
618	296	102	93
616	297	102	93
617	296	102	93
616	296	102	93
617	297	102	92
616	297	102	92
615	298	103	92
616	297	103	92
615	297	103	92
615	297	103	93
614	298	103	93
614	298	103	93
614	297	103	93
614	297	103	93
614	297	103	94
614	297	103	94
614	298	103	94
614	297	103	93
614	298	103	94
614	298	103	93
614	298	104	94
613	298	104	93
612	298	104	93
613	299	104	93
612	298	105	93
612	298	105	93
610	298	105	93
611	298	105	94
609	298	106	94
610	298	106	94
608	297	106	94
609	297	106	94
607	297	107	94
606	297	107	94
606	296	107	94
604	296	108	94
604	296	108	94
602	297	108	93
603	297	108	93
601	297	109	93
601	297	109	94
601	296	109	94
598	297	110	94
598	296	109	94
598	296	109	94
595	296	110	94
596	296	109	94
595	296	110	94
594	295	110	94
592	295	111	94
592	295	111	94
590	295	111	93
591	296	111	93
588	295	111	93
588	296	111	92
587	295	111	92
587	295	111	92
586	295	111	92
584	295	111	92
583	294	111	93
584	294	110	92
582	294	110	92
581	294	110	93
580	293	110	92
579	293	110	93
577	293	110	93
576	291	111	94
575	291	111	94
574	292	110	95
574	290	110	95
572	290	110	95
572	288	110	97
570	287	110	98
569	285	109	100
569	283	109	101
567	285	110	101
567	282	109	102
566	281	109	104
564	278	109	106
563	279	108	107
561	278	108	107
560	279	108	107
559	278	108	107
558	282	108	105
556	279	108	105
555	282	108	103
554	282	108	102
553	283	108	102
551	284	108	100
551	283	107	100
549	283	107	99
548	282	107	99
546	282	107	99
545	283	107	99
544	282	107	99
542	284	108	98
541	282	107	98
539	283	107	98
538	283	107	98
536	283	107	98
535	282	107	99
534	283	107	99
533	284	107	98
531	284	107	98
529	283	107	99
528	283	107	99
527	282	107	99
525	282	108	99
524	282	108	100
523	282	108	99
521	283	108	99
519	282	108	99
518	282	109	99
517	282	108	98
516	283	108	98
514	283	108	98
512	282	109	97
512	282	109	98
510	282	109	98
510	282	109	98
508	283	110	98
507	283	110	98
505	282	111	98
503	282	111	98
503	282	111	98
501	282	111	98
500	282	112	98
498	282	112	98
498	282	112	98
496	282	112	98
496	282	112	98
494	282	112	98
494	281	113	98
492	280	113	98
492	281	113	98
490	281	113	98
488	281	113	98
488	281	114	98
486	280	114	98
485	280	114	98
484	280	115	98
483	280	115	98
482	280	115	98
481	280	116	98
480	281	116	98
479	280	116	97
478	281	116	97
478	281	116	97
477	281	116	97
476	281	116	96
476	281	116	96
475	280	117	96
474	281	116	96
473	280	117	96
472	279	117	96
471	279	117	97
470	278	118	97
469	279	117	97
469	278	117	97
467	279	117	97
468	279	118	97
466	277	118	98
465	276	118	98
464	277	118	98
464	276	118	98
465	276	118	98
463	275	119	99
463	276	119	99
462	276	119	98
463	275	119	98
461	276	119	99
461	275	119	98
460	274	119	99
460	274	119	99
460	274	119	99
460	273	119	99
459	273	119	100
458	273	120	100
459	273	120	100
459	273	120	100
460	272	120	99
459	272	120	100
459	271	120	100
459	271	120	100
459	271	120	100
460	270	120	100
460	271	120	100
460	271	120	100
460	270	120	99
460	270	120	99
460	271	120	99
461	271	120	98
461	271	120	97
461	271	120	97
460	270	120	96
461	270	120	96
462	270	120	96
462	269	121	96
463	269	121	95
463	269	121	95
464	268	120	95
465	269	120	95
466	268	120	95
465	268	121	95
467	269	121	94
466	268	120	95
469	267	120	94
470	268	120	95
470	267	120	95
470	267	120	95
470	267	120	95
470	265	120	95
472	265	119	96
473	266	119	96
472	264	119	96
473	264	119	96
475	263	118	96
476	264	118	96
474	264	118	96
475	262	118	96
475	261	118	96
476	262	117	96
476	260	117	96
477	260	117	96
477	260	117	96
478	260	116	95
478	259	116	95
478	259	116	95
480	260	115	95
479	258	115	95
480	258	114	96
482	258	113	96
482	257	113	96
483	257	112	97
483	255	112	97
483	257	112	97
482	255	113	96
484	256	114	96
483	254	114	96
483	256	115	96
484	255	115	96
485	255	115	95
484	254	115	95
485	255	115	95
484	254	115	95
485	255	115	94
485	254	115	94
487	255	115	94
486	253	115	93
488	254	114	93
488	253	114	93
488	253	114	94
488	253	114	94
488	252	114	94
488	253	114	94
487	253	114	94
488	253	114	94
488	252	114	94
488	253	113	94
487	252	114	94
489	252	113	94
489	252	112	94
488	252	113	93
488	253	113	93
489	253	113	93
488	253	114	93
489	254	114	92
489	254	114	92
490	253	114	92
489	253	114	92
488	253	115	93
488	253	115	92
489	253	116	92
489	253	116	92
489	254	117	92
489	254	117	92
488	253	117	92
488	253	117	93
490	253	117	93
490	254	117	93
488	252	116	94
489	253	116	94
489	253	116	94
489	252	115	94
489	252	115	95
489	252	114	95
489	252	115	95
489	252	115	95
490	254	115	94
489	254	116	94
488	254	116	93
489	253	116	94
489	255	117	93
488	255	117	93
490	254	117	93
488	255	117	93
489	255	118	93
488	256	118	92
487	256	118	92
488	256	117	93
487	256	118	93
487	255	117	94
489	255	117	94
488	256	117	94
486	256	117	94
486	256	118	93
485	255	118	94
485	256	118	94
485	256	118	94
485	256	118	94
484	256	118	94
483	255	118	94
483	256	118	94
483	255	118	94
482	256	118	94
481	255	118	94
482	255	118	94
480	255	119	94
481	255	119	95
479	256	119	95
479	255	119	95
480	256	119	94
478	256	119	94
478	256	119	94
477	255	118	94
477	255	118	94
475	256	118	94
475	256	118	94
474	255	118	95
474	256	118	95
472	255	118	95
472	255	118	96
472	255	119	96
470	254	119	96
470	254	119	96
469	255	119	97
469	254	119	97
468	253	120	97
468	253	121	97
466	254	121	97
465	253	122	97
465	254	122	97
463	252	122	97
463	252	123	97
464	252	122	98
462	251	122	98
461	250	123	99
461	251	123	99
460	250	124	99
458	252	125	99
459	251	125	99
457	251	126	99
456	251	127	99
456	252	127	99
454	251	128	99
454	251	128	99
453	252	128	99
451	251	128	99
450	253	128	98
450	252	128	99
449	252	129	99
448	252	129	98
447	253	129	99
448	252	130	99
446	253	130	98
445	251	130	98
446	252	130	98
444	252	130	98
444	253	131	97
443	253	131	97
444	252	132	97
442	253	132	97
443	253	132	97
442	251	132	98
443	251	132	97
442	252	131	98
442	252	132	98
440	252	131	98
441	251	132	99
438	250	131	99
440	250	131	99
440	251	131	99
439	251	132	99
438	251	133	100
439	249	132	100
439	249	133	100
438	249	133	101
438	248	134	101
439	249	135	100
436	248	135	101
439	248	135	101
436	247	135	101
438	247	136	101
435	247	135	101
438	247	136	101
437	247	136	101
437	246	136	101
438	245	136	102
437	246	137	102
436	246	137	102
438	244	137	102
435	245	138	103
436	245	138	103
434	244	139	103
435	244	139	103
435	243	139	104
435	243	139	104
434	243	139	103
435	243	139	103
434	243	140	103
435	243	139	103
436	243	139	102
435	243	139	102
435	243	139	102
436	241	139	102
436	241	139	102
437	240	140	102
437	240	140	102
438	239	140	102
438	240	140	102
439	240	139	102
440	240	139	102
439	240	139	101
440	239	139	101
439	239	138	101
439	238	139	101
439	239	139	101
437	239	139	101
438	238	140	100
438	238	140	101
437	238	140	101
438	237	140	101
437	238	140	101
436	238	140	100
438	238	141	100
436	238	140	100
437	238	141	100
436	237	141	100
436	237	141	100
435	236	142	100
435	236	142	100
436	235	142	100
435	235	142	100
435	234	142	101
435	235	142	101
434	234	142	101
434	235	142	101
434	234	142	101
434	234	142	102
434	233	143	102
433	233	143	102
434	232	143	102
434	232	143	103
434	231	143	103
434	231	143	103
433	230	143	103
433	230	143	103
433	230	142	102
433	229	142	102
435	228	142	102
434	228	141	102
434	228	141	102
434	227	141	102
434	227	141	103
434	226	142	103
