550	207	470	438
558	216	458	447
573	211	455	454
575	208	448	461
578	206	445	462
576	200	444	462
585	203	447	467
583	196	446	471
577	191	446	478
579	189	447	477
580	193	449	476
573	172	451	475
575	170	448	478
576	175	451	480
580	174	450	481
576	174	449	481
575	178	450	480
572	180	452	481
573	180	450	476
573	183	448	474
571	181	448	470
580	177	446	468
575	177	444	463
569	172	446	460
573	170	440	454
572	163	438	449
575	157	437	446
574	151	434	442
574	142	429	436
576	152	426	434
577	165	424	430
576	181	423	424
575	175	417	420
582	168	416	415
576	167	410	409
580	166	406	406
578	158	401	402
583	160	399	401
585	176	399	395
587	193	399	391
582	215	396	386
582	221	391	381
582	219	386	378
586	217	382	372
586	219	377	370
586	214	371	367
585	229	370	365
590	251	364	362
588	246	362	354
584	243	356	350
593	238	355	346
591	237	354	341
588	228	354	337
589	225	348	332
588	224	339	332
587	217	336	329
585	211	331	328
586	210	327	327
587	225	326	326
589	225	325	323
585	221	324	321
587	221	324	315
587	222	322	311
590	224	322	305
590	225	317	301
592	226	317	296
592	230	315	292
594	230	311	290
594	233	312	291
592	229	313	292
594	229	312	291
589	226	305	288
590	222	303	282
591	220	305	277
588	215	304	275
586	215	303	272
586	214	300	271
585	209	298	268
585	206	298	265
586	202	295	264
587	200	294	262
589	195	290	260
588	198	288	257
589	194	284	253
586	195	282	251
590	194	278	248
589	192	275	247
589	192	273	245
589	192	271	243
589	194	269	241
590	193	268	239
590	194	266	237
591	198	263	233
591	199	260	231
592	200	258	228
592	201	256	225
593	202	254	222
595	203	252	221
595	203	250	218
595	205	248	213
598	204	246	210
599	205	243	207
599	203	241	206
601	199	237	205
602	197	235	206
604	194	233	206
605	190	231	207
608	190	229	208
609	187	227	210
613	181	225	210
613	179	224	207
612	200	223	204
613	223	223	200
616	238	221	201
620	238	218	198
618	238	215	195
619	239	214	194
623	239	211	191
625	240	208	191
625	239	207	188
628	239	205	186
632	238	202	184
632	237	201	182
631	237	199	179
634	235	197	178
636	232	194	177
638	231	193	175
639	228	192	174
640	226	190	172
640	223	189	171
638	221	189	169
640	220	187	168
640	214	184	168
642	215	182	167
644	214	178	165
645	214	177	163
647	213	175	162
648	212	174	162
649	214	171	160
652	210	170	159
652	232	169	156
650	233	168	154
651	230	167	153
652	230	166	153
655	232	165	151
655	234	163	150
658	230	160	150
660	230	160	150
659	231	159	148
658	249	158	147
662	267	159	148
662	264	158	146
662	262	156	145
664	262	155	142
664	259	155	140
664	258	153	138
665	255	153	138
666	254	152	138
666	254	152	137
666	249	151	138
666	249	151	137
666	247	151	137
667	246	150	136
669	244	149	137
670	245	148	136
669	264	149	134
668	284	150	132
671	303	149	131
671	306	148	130
673	305	147	130
673	307	146	129
674	305	144	127
674	308	143	126
677	307	140	124
679	304	138	124
679	305	137	122
681	302	135	121
680	304	135	120
683	298	132	120
684	298	130	119
686	296	129	118
686	295	128	118
686	312	127	116
688	332	128	115
687	331	125	115
689	330	124	114
690	328	124	114
691	326	123	114
692	330	124	112
692	328	123	111
693	329	122	111
695	327	121	111
694	328	120	109
695	329	121	109
697	329	120	108
697	330	120	107
698	329	119	106
698	331	118	105
699	330	118	104
700	330	118	103
699	330	117	102
701	327	116	103
702	328	116	101
702	326	116	101
704	325	115	100
704	324	115	99
705	324	114	97
706	322	114	97
705	322	114	96
705	321	113	95
707	320	113	94
708	318	112	94
709	320	111	92
708	320	111	92
708	319	110	91
711	319	109	91
712	319	109	91
712	318	108	90
714	318	108	90
713	319	107	89
715	319	106	88
715	319	105	87
716	319	105	86
717	319	105	85
717	319	104	85
718	318	103	84
717	317	102	84
718	316	103	84
718	315	102	83
718	315	101	82
719	313	101	82
718	312	99	81
719	311	98	81
719	310	97	80
719	308	96	81
719	308	96	81
718	306	96	81
718	308	96	80
718	306	95	81
717	304	95	81
716	305	94	80
716	305	94	79
715	305	93	79
716	305	93	79
714	305	92	78
714	306	92	77
714	305	91	76
712	305	91	75
712	306	91	75
712	304	91	75
712	304	90	75
710	303	89	75
710	303	89	74
708	303	89	73
709	302	88	73
708	301	88	73
708	300	87	72
708	300	86	71
707	299	86	71
707	297	85	70
707	297	84	70
707	297	84	69
706	295	83	69
705	297	83	69
705	296	83	69
705	295	83	68
704	295	83	68
703	295	82	67
702	295	82	67
701	296	82	66
701	295	81	66
701	296	81	65
700	295	80	65
700	295	80	65
699	295	80	65
698	294	80	64
698	294	80	64
697	294	79	63
696	292	79	62
695	292	78	62
694	292	77	62
696	291	77	62
696	289	76	62
695	287	76	63
696	287	76	62
697	285	75	62
697	285	75	61
697	286	75	60
698	286	75	59
698	286	74	59
700	285	74	60
700	285	73	60
700	284	72	60
700	285	72	60
703	284	72	59
701	285	72	59
701	285	72	58
701	284	71	59
701	283	70	58
701	284	69	57
702	283	68	56
702	284	67	55
702	282	67	55
703	282	66	54
702	282	65	53
703	281	65	54
702	281	65	53
705	280	63	54
704	280	62	53
705	279	61	53
703	279	61	53
702	279	59	53
702	262	56	58
699	252	53	66
696	242	50	69
695	238	48	70
686	234	46	72
676	230	50	70
663	225	55	67
658	219	59	65
652	221	64	60
663	219	68	56
693	219	74	52
713	216	74	52
733	202	67	58
736	202	65	59
734	202	62	59
732	205	62	60
731	204	62	58
734	206	66	54
742	209	69	52
748	212	73	50
770	210	70	51
780	206	68	53
795	205	66	54
801	201	63	57
810	200	58	60
819	200	56	63
827	201	56	67
829	203	55	71
825	202	56	72
819	204	58	72
810	206	63	72
815	208	66	70
821	212	65	71
822	213	65	72
820	217	65	72
820	219	65	73
823	222	66	74
823	226	67	76
820	228	70	77
816	231	71	78
813	233	72	79
809	235	72	79
806	235	71	79
801	237	69	79
800	238	68	78
800	241	69	76
797	244	70	74
792	247	71	73
788	250	71	70
784	250	70	69
780	246	70	69
778	243	70	69
775	240	72	69
770	236	74	70
768	237	76	70
767	233	79	71
765	236	83	69
764	236	86	68
762	235	88	67
761	233	91	67
758	232	94	66
755	247	96	66
754	267	98	65
752	286	100	65
750	289	102	64
745	293	104	63
744	295	105	62
745	299	106	60
751	291	105	64
758	299	104	63
756	287	104	68
752	294	103	69
750	292	101	71
746	302	101	69
743	298	100	71
738	304	100	70
734	305	101	70
736	311	103	69
738	315	104	69
732	318	105	70
730	317	105	72
729	315	106	75
727	314	107	77
725	313	108	80
723	311	109	83
722	311	109	86
719	311	110	89
719	310	111	92
717	311	113	94
715	313	114	96
714	314	114	98
712	314	115	99
711	316	116	100
709	316	118	100
707	319	119	99
705	319	121	99
703	321	122	96
703	324	125	93
699	332	127	94
697	337	129	95
695	340	131	96
693	343	133	95
689	346	135	95
686	351	136	93
684	335	138	92
682	319	140	91
680	302	142	90
680	284	143	90
679	287	146	89
686	289	149	90
696	291	152	91
697	294	155	92
697	296	158	93
696	299	162	94
697	302	165	96
696	307	169	98
697	310	173	101
697	315	177	104
699	299	182	109
699	282	187	113
700	267	192	117
702	250	197	122
704	231	202	126
706	236	208	129
708	240	215	132
710	245	221	135
712	248	227	137
713	251	234	141
708	257	240	145
698	260	247	148
684	265	253	151
671	270	260	155
659	274	268	160
647	280	275	166
633	286	283	171
625	290	290	178
616	294	299	185
608	301	306	190
602	308	314	195
593	313	323	203
591	300	331	206
582	285	339	210
575	268	348	211
565	257	358	215
558	240	367	217
552	228	376	221
547	236	385	229
548	243	390	232
540	254	398	242
563	265	392	261
531	257	406	264
542	278	408	282
510	269	420	286
504	275	431	290
503	291	430	305
488	291	435	312
474	298	442	324
454	295	454	324
457	282	464	319
454	275	468	327
459	257	474	333
465	241	476	343
468	226	476	350
472	232	475	357
474	237	474	363
473	240	469	366
478	245	467	368
474	250	460	375
470	251	455	386
468	250	453	392
469	248	451	398
470	242	450	403
467	241	449	402
470	241	445	399
477	232	442	399
486	228	436	393
490	227	436	392
496	216	436	386
507	217	433	383
508	210	435	376
511	206	437	370
513	207	437	369
510	197	440	362
512	199	440	360
511	189	438	355
516	187	434	351
508	182	434	345
497	176	436	337
501	189	431	334
495	207	430	334
504	219	428	336
512	239	426	333
522	236	423	331
526	234	422	330
531	231	424	325
533	224	423	319
542	219	422	311
548	215	419	302
551	210	417	294
554	225	415	289
557	237	410	289
561	251	409	287
563	267	406	285
568	267	405	279
570	267	403	273
570	262	401	268
576	262	399	266
578	259	393	262
583	254	389	256
585	255	386	255
584	256	379	251
585	255	373	247
589	250	368	244
589	252	364	243
585	268	363	241
580	293	364	238
578	305	364	234
588	306	358	234
588	305	357	233
585	309	356	236
582	305	357	234
580	302	356	232
579	322	354	232
572	344	354	229
572	340	353	228
576	334	354	226
574	331	354	225
567	331	351	225
569	329	354	221
572	329	355	220
573	326	355	219
578	324	352	220
580	321	350	223
583	318	346	221
586	313	343	220
590	315	343	215
592	316	338	218
595	316	342	216
600	315	341	215
604	312	342	213
604	333	347	210
610	353	349	211
612	351	351	210
612	350	348	209
621	348	348	210
609	349	352	209
599	352	354	210
595	350	351	208
600	347	348	208
608	348	346	208
597	346	346	207
603	346	341	212
603	342	338	212
606	343	337	213
605	336	335	214
611	331	333	211
616	333	330	212
620	332	326	211
625	332	328	210
632	333	326	209
630	334	330	207
624	330	336	208
632	325	338	211
623	323	344	214
630	319	349	214
624	318	349	217
619	315	351	217
622	315	356	216
619	316	355	214
626	315	360	216
621	314	356	218
624	315	354	223
621	311	352	226
616	307	346	228
619	304	348	225
617	304	350	224
618	300	350	219
618	306	349	220
615	303	344	221
618	301	344	223
618	304	342	220
613	299	341	219
613	299	346	216
615	296	348	217
616	312	347	221
620	311	348	223
626	310	350	225
624	304	353	226
629	299	354	229
636	294	355	230
643	296	358	227
647	293	361	225
652	297	361	223
657	293	359	225
660	292	360	223
662	294	356	228
649	292	357	225
651	294	353	224
630	289	352	227
628	286	344	229
608	286	344	231
607	291	340	235
591	287	334	242
587	286	328	247
585	287	323	252
578	287	319	251
573	277	316	248
573	278	313	246
578	277	313	242
577	280	310	242
579	278	306	240
579	281	302	241
579	279	301	245
584	273	299	247
584	270	297	248
587	272	298	248
576	266	295	251
567	265	293	254
560	265	290	257
546	264	290	256
537	257	294	256
529	256	296	256
523	254	293	258
529	249	294	255
531	253	294	256
523	253	293	257
520	251	292	257
513	249	292	260
506	249	294	262
497	242	295	262
489	250	302	264
485	244	303	265
479	247	304	266
488	240	301	269
483	242	305	269
484	237	304	269
481	244	306	269
461	240	319	272
456	237	329	274
445	238	338	273
445	232	344	276
445	230	349	276
457	227	349	277
458	227	343	279
466	218	337	282
454	217	344	283
445	209	356	280
444	207	359	282
439	203	365	283
445	203	368	287
448	201	375	289
448	196	376	292
447	189	380	298
450	190	386	298
458	209	392	298
458	237	395	299
464	252	390	301
467	266	392	301
466	265	393	299
465	265	391	299
466	256	387	304
466	256	385	305
460	252	383	302
450	246	382	300
439	240	382	298
442	240	374	296
428	232	380	292
416	229	383	285
418	220	378	284
416	232	376	283
410	257	373	278
405	267	368	281
399	265	366	281
393	262	366	281
389	250	364	283
384	251	360	280
384	253	360	272
383	250	358	266
383	246	355	260
376	243	354	258
377	241	350	254
375	247	345	249
377	244	343	246
375	242	339	241
378	241	334	236
376	240	327	231
377	240	320	227
379	237	315	223
379	234	310	219
381	233	305	216
382	231	298	213
379	229	294	209
377	226	287	208
378	226	283	202
377	226	280	200
381	217	274	199
386	216	271	194
389	220	267	187
396	221	265	184
396	217	262	182
396	218	258	178
402	219	257	175
405	219	255	171
407	219	252	169
407	224	251	167
410	224	249	164
414	228	248	160
414	229	247	157
417	222	246	158
416	223	245	156
415	221	242	157
417	223	240	156
418	219	238	158
418	220	237	156
417	213	234	159
421	205	230	162
425	203	226	164
421	197	226	166
417	200	227	165
418	198	227	163
421	191	227	164
421	191	228	166
420	187	228	169
414	184	228	169
400	185	230	169
388	178	231	172
370	177	234	173
353	177	236	174
334	169	239	178
318	171	241	179
313	168	242	180
308	167	244	180
304	168	245	181
303	164	247	182
297	165	248	182
297	160	249	184
294	164	249	185
289	155	252	187
287	154	254	187
285	149	253	188
282	148	254	191
283	144	253	193
272	141	253	195
262	138	252	197
255	135	252	200
239	133	254	203
227	129	256	206
216	132	257	204
205	135	257	203
195	139	258	202
184	141	258	204
182	142	255	207
171	150	255	205
171	152	250	206
170	152	244	209
190	152	233	213
167	155	242	214
171	159	249	215
173	165	251	212
178	166	254	211
182	170	255	210
188	168	255	208
192	165	254	207
198	163	252	206
205	158	251	205
206	159	250	205
212	152	248	206
220	150	247	203
222	146	247	202
232	142	244	202
240	139	241	203
245	135	239	200
247	136	234	199
248	134	230	197
251	136	227	195
249	144	225	191
252	156	223	187
255	166	222	184
258	173	219	182
262	185	217	179
263	195	214	176
267	209	212	173
269	221	208	170
267	230	207	168
268	240	210	165
272	246	208	164
272	254	208	162
273	262	205	159
277	264	201	157
279	268	197	154
280	272	193	152
287	273	190	149
285	278	187	145
288	281	184	142
291	280	179	140
292	281	177	138
292	279	175	136
295	280	171	134
294	279	169	132
292	279	167	130
295	275	164	129
299	273	161	128
308	274	160	127
318	270	157	125
325	270	153	123
335	270	150	122
348	271	146	120
352	273	142	118
363	274	139	116
368	276	137	115
378	277	136	115
381	282	136	113
388	283	134	112
394	285	132	112
402	286	130	112
406	288	129	111
415	289	127	110
420	290	127	108
425	291	125	107
431	293	124	105
439	294	122	104
442	293	121	102
449	295	119	100
454	293	118	99
459	293	117	97
463	293	117	96
470	291	116	96
463	289	115	95
428	288	115	94
394	289	115	92
360	288	114	92
325	286	113	92
286	286	114	91
278	286	113	91
284	287	114	91
288	287	112	91
293	289	111	91
298	290	109	91
303	292	108	90
308	294	106	89
312	296	105	88
318	297	105	88
321	299	104	87
327	301	103	86
332	302	100	85
337	302	99	85
336	303	99	84
334	304	98	83
330	303	97	81
322	302	97	81
310	299	98	81
301	300	97	80
291	298	96	80
285	295	94	79
283	295	93	78
288	293	90	77
288	293	89	77
289	293	89	77
289	293	89	76
294	293	89	75
296	293	90	75
300	292	88	75
303	293	87	75
306	294	87	75
307	294	86	74
314	296	85	73
316	296	83	73
318	297	83	73
319	297	84	72
322	297	84	72
325	297	84	72
329	296	84	71
331	296	84	71
333	295	85	71
336	294	86	71
340	292	87	70
344	292	89	70
349	291	89	69
351	290	90	69
358	289	89	69
363	288	89	68
368	287	89	68
371	288	89	67
376	289	90	66
381	292	91	65
385	291	91	64
387	294	91	63
391	293	92	62
394	295	91	62
397	296	91	62
399	298	91	61
402	300	91	61
404	300	91	61
401	302	90	61
401	304	90	61
399	304	89	61
394	305	90	61
391	305	90	61
386	307	90	61
382	307	90	60
378	307	91	60
375	306	90	60
370	307	90	60
367	305	89	60
361	305	91	60
358	305	91	60
356	305	91	60
354	305	89	60
349	306	88	60
345	306	88	59
341	308	88	60
337	309	88	59
335	310	87	59
333	313	87	59
329	313	86	59
327	316	86	59
322	317	86	59
320	319	85	58
314	319	86	58
311	321	86	58
307	322	86	58
305	323	86	59
301	323	86	59
297	325	86	59
294	324	85	58
290	325	85	58
285	324	86	58
284	324	85	58
279	324	86	58
277	325	85	57
274	324	85	57
270	324	85	58
267	324	85	58
264	324	84	58
261	325	85	58
257	326	84	58
254	328	83	58
251	329	83	58
247	331	82	57
244	332	82	57
242	335	83	56
238	337	84	56
237	340	84	56
233	343	84	55
231	345	85	55
230	346	85	54
228	348	85	54
226	352	85	55
225	352	85	55
223	356	86	55
222	358	86	55
221	359	86	55
220	361	86	54
219	363	86	54
219	365	86	54
219	368	85	54
218	370	85	54
217	372	85	54
216	377	85	54
215	379	85	54
215	383	85	53
214	386	85	52
214	392	84	53
213	394	83	54
212	397	83	55
210	403	82	54
209	407	82	53
208	412	82	53
206	417	82	54
205	421	82	54
205	425	82	53
202	430	82	54
193	434	83	53
185	437	82	53
178	442	82	53
167	446	83	53
161	449	83	53
152	455	83	54
147	457	83	53
152	461	85	51
168	464	84	51
183	467	82	52
195	470	81	55
207	471	80	55
218	453	80	56
232	437	80	56
247	419	79	55
260	402	78	53
273	387	77	51
285	370	76	50
291	375	75	49
274	379	75	47
255	383	75	46
237	388	75	46
219	392	76	45
212	395	76	45
224	397	76	44
237	399	76	44
243	399	76	44
245	400	76	45
248	401	75	45
247	405	75	46
245	407	75	45
243	409	75	45
240	411	75	44
238	413	74	44
235	413	73	43
232	416	72	42
229	417	72	42
225	418	71	42
221	420	71	42
215	423	71	41
213	424	71	41
219	425	70	40
227	427	69	40
234	429	69	39
245	430	67	38
249	432	65	38
247	433	64	38
244	435	62	38
241	437	61	38
238	438	60	38
243	438	60	38
245	438	59	38
247	439	61	38
248	438	63	38
250	438	64	38
249	435	67	37
252	436	68	37
259	435	67	38
261	435	68	38
257	434	69	38
269	432	65	40
273	431	62	42
277	430	59	42
279	427	56	43
283	426	55	42
287	426	53	42
292	425	51	42
296	427	51	41
299	428	50	39
302	428	49	39
306	429	49	38
309	430	48	37
314	430	47	36
317	430	46	36
320	431	46	35
324	411	46	35
328	392	46	34
331	373	46	34
335	354	46	32
337	354	46	32
339	355	44	31
343	356	44	31
344	357	43	30
347	357	42	29
349	358	42	29
353	358	41	29
355	356	40	30
357	357	40	30
360	355	40	30
362	356	40	30
364	355	39	31
365	356	39	31
363	356	38	32
364	355	38	32
364	354	38	32
363	354	37	31
364	353	37	31
363	353	36	31
362	353	35	31
362	353	35	31
361	353	34	31
360	353	35	31
359	351	35	31
357	351	35	31
357	350	35	31
355	349	36	31
354	349	36	30
353	348	37	30
351	348	37	30
350	347	38	30
348	347	38	29
346	347	38	29
345	348	38	29
343	348	38	29
340	347	38	29
338	347	39	28
336	348	39	28
332	348	40	28
328	349	42	27
322	350	44	27
321	350	45	27
319	350	44	28
316	352	43	27
313	353	43	27
310	353	43	27
306	354	42	27
302	356	42	26
298	356	42	26
294	356	42	26
290	358	43	26
285	358	43	26
280	358	42	26
274	359	43	26
270	360	44	25
265	360	44	26
262	361	43	26
257	360	43	26
252	362	43	26
247	362	44	26
241	363	44	26
237	364	44	26
230	365	45	26
239	366	45	26
256	364	45	25
272	364	46	25
281	364	48	25
304	363	47	25
314	363	45	26
310	364	44	26
306	366	44	26
300	367	42	26
295	368	40	26
289	370	42	25
279	371	43	24
270	371	44	24
272	372	45	24
268	373	44	24
264	374	43	25
259	375	44	25
254	375	43	24
249	375	43	25
244	376	44	25
236	375	43	25
232	376	42	25
227	377	41	25
222	378	41	25
227	377	41	25
231	378	41	25
237	378	40	24
241	379	40	24
246	378	40	24
251	378	40	24
245	378	40	24
240	380	40	24
234	381	40	24
230	382	40	24
224	383	40	24
225	383	40	24
228	384	41	24
228	383	40	24
232	383	40	24
234	382	40	24
235	384	40	23
238	384	39	23
240	383	39	23
242	384	39	23
244	384	39	23
240	384	39	23
238	384	39	23
235	384	39	23
232	384	39	24
229	384	39	24
229	383	39	24
229	383	39	24
231	384	39	24
227	383	37	24
229	384	38	24
234	385	38	24
237	385	37	24
237	386	38	23
239	387	37	22
251	388	37	21
261	386	37	20
271	385	37	21
277	365	37	21
292	359	37	22
307	360	38	22
322	360	38	22
331	362	38	22
355	377	39	22
373	375	37	22
377	376	36	22
374	376	36	22
374	377	34	21
373	377	33	21
375	378	33	21
382	376	31	21
388	375	30	21
392	375	29	21
398	374	28	21
411	374	27	21
425	373	27	21
443	373	26	21
462	372	26	21
483	371	25	21
505	371	25	20
526	370	25	20
548	369	25	20
570	369	25	20
592	369	25	20
613	369	25	19
636	368	25	20
650	366	25	20
651	366	25	20
653	367	25	20
655	366	25	19
657	365	25	19
659	366	26	19
668	365	26	19
679	365	25	19
689	363	26	19
699	363	26	19
710	363	26	19
721	363	26	19
730	362	26	19
742	361	26	19
754	361	27	19
763	361	28	19
776	360	28	19
788	362	29	19
795	361	29	19
796	362	29	20
798	362	29	21
799	362	29	21
800	360	29	21
800	362	28	23
800	359	29	22
806	357	30	21
814	353	30	20
810	355	31	20
809	355	31	20
811	355	31	21
810	356	30	21
809	355	29	22
809	354	29	22
807	356	29	22
805	356	29	23
805	359	29	23
804	369	29	23
803	367	29	23
801	364	29	23
800	368	29	23
799	366	29	23
797	369	29	23
795	371	29	23
794	371	29	23
793	372	30	23
792	372	30	23
791	373	29	23
789	376	30	23
787	378	30	23
779	381	30	24
772	381	30	24
761	382	30	23
753	383	31	22
743	383	31	22
734	385	31	22
725	384	31	22
716	385	31	23
707	387	31	23
699	386	31	23
689	388	31	23
681	389	31	23
676	390	32	23
662	394	32	23
657	396	32	23
646	395	32	24
639	395	32	24
626	401	32	24
621	400	32	24
610	401	32	24
604	403	32	24
600	407	32	25
598	411	32	25
597	413	32	25
595	412	32	25
592	417	32	26
591	423	32	26
590	423	32	26
589	425	32	26
588	425	32	26
586	425	32	26
585	425	32	26
585	427	32	26
583	429	32	26
581	430	32	26
