674	656	15	9
676	649	15	10
677	643	15	10
677	636	15	10
678	630	15	10
679	623	15	10
680	617	14	10
681	610	14	10
681	604	14	10
682	598	15	10
683	591	15	10
683	586	15	10
684	581	15	10
685	575	15	10
685	569	15	10
687	563	15	10
687	557	15	10
687	551	15	10
687	546	15	10
688	540	15	10
689	533	15	10
689	528	14	10
690	523	15	10
690	517	14	10
691	513	14	10
692	507	14	10
692	502	14	10
693	498	14	10
693	493	14	10
693	489	14	10
694	484	14	10
694	479	14	10
694	475	14	10
694	471	14	10
694	467	14	10
695	461	14	10
696	458	14	10
696	453	14	10
696	449	14	10
697	447	14	10
698	441	14	10
698	438	14	10
698	435	14	10
699	431	14	10
699	426	14	10
700	420	14	10
701	415	14	10
701	411	15	10
701	406	15	10
702	401	15	10
702	395	15	10
703	391	15	10
703	386	15	10
703	382	15	10
704	377	15	10
704	371	15	10
704	367	15	10
704	363	15	10
705	359	14	10
705	353	14	10
705	348	14	10
705	342	14	10
706	337	14	10
706	332	14	10
706	326	15	10
707	319	14	10
707	313	14	10
707	308	14	10
708	302	14	10
708	297	14	10
708	289	14	10
708	283	15	10
709	278	15	10
708	272	15	10
709	266	15	10
709	259	15	10
709	253	14	10
709	248	14	10
709	242	14	10
710	236	14	10
709	230	14	10
709	225	14	10
709	221	14	10
709	216	14	10
708	212	14	10
708	206	14	10
708	202	14	10
707	197	14	10
708	193	14	10
707	188	14	10
707	183	14	10
707	178	14	10
706	174	14	10
705	169	14	10
705	164	14	10
704	158	15	10
704	152	15	10
704	148	15	10
704	143	15	10
704	138	15	10
702	133	15	10
702	130	15	10
702	127	14	10
701	124	14	10
701	123	14	10
701	120	14	10
700	119	14	10
700	118	14	10
700	118	14	10
700	117	14	10
699	116	14	10
698	116	14	10
698	115	14	10
698	115	14	10
697	115	14	10
695	115	13	10
695	115	13	10
694	115	13	10
694	115	12	10
693	115	12	10
692	115	12	10
690	116	11	10
689	116	11	10
688	116	11	10
687	117	10	10
685	118	10	10
685	117	10	10
683	118	10	10
681	118	10	10
680	118	10	10
676	118	10	10
674	118	11	10
671	118	12	10
669	119	13	10
669	118	14	10
668	120	14	10
667	119	14	10
666	118	14	10
666	119	13	10
666	119	13	10
665	119	13	10
665	120	13	10
665	119	13	10
665	120	13	10
665	120	13	10
665	121	13	10
663	120	13	10
664	121	13	10
663	122	13	10
663	121	13	10
662	124	13	10
662	124	13	10
662	125	13	10
661	127	13	10
661	127	13	10
660	129	13	10
659	130	13	10
659	131	13	10
658	133	13	10
657	133	14	10
657	134	14	10
657	135	14	10
656	136	14	10
655	136	14	10
655	137	14	10
654	138	14	10
654	139	14	10
653	139	14	10
653	141	14	10
652	140	14	10
651	142	14	10
651	142	14	10
650	142	14	10
650	143	14	10
650	144	14	10
649	146	14	10
648	147	14	10
648	148	14	10
647	148	14	10
647	150	14	10
647	151	14	10
646	151	14	10
645	153	14	10
645	152	14	10
644	154	14	10
644	154	14	10
644	155	14	10
643	155	14	10
642	156	14	10
642	156	14	10
642	156	14	10
641	156	14	10
640	156	14	10
640	157	14	10
639	156	14	10
638	157	14	10
639	156	14	10
638	157	14	10
637	157	14	10
637	157	14	10
636	157	14	10
635	157	14	10
635	158	14	10
634	158	14	10
634	158	14	10
634	159	14	10
633	159	14	10
632	159	14	10
632	159	14	10
632	159	14	10
631	160	14	10
630	160	14	10
630	160	14	10
629	160	14	10
629	161	14	10
628	161	14	10
628	161	14	10
628	161	14	10
627	162	14	10
626	162	13	10
626	162	13	10
626	162	14	10
624	162	14	10
624	163	14	10
624	163	14	10
623	163	14	10
622	163	14	10
622	164	14	10
622	163	14	10
621	164	14	10
620	163	14	10
620	164	14	10
620	164	14	10
619	165	14	10
618	164	14	10
618	164	14	10
617	165	14	10
617	165	14	10
617	165	14	10
616	165	14	10
615	165	14	10
615	165	14	10
615	164	14	10
614	165	14	10
613	165	14	10
613	166	14	10
612	165	14	10
612	165	14	10
612	166	13	10
611	166	13	10
610	166	13	10
610	166	13	10
609	167	14	10
609	166	14	10
609	166	14	10
608	166	14	10
608	166	13	10
607	167	14	10
607	167	14	10
606	167	14	10
606	167	14	10
604	167	14	10
604	166	14	10
603	167	14	10
603	167	14	10
602	167	14	10
602	167	13	10
602	167	13	10
601	167	14	10
601	168	13	10
600	168	14	10
600	168	13	10
599	168	13	10
599	168	13	10
598	168	13	10
598	170	13	10
597	172	13	10
597	174	13	10
596	177	13	10
596	179	13	10
595	183	13	10
595	185	13	10
595	188	13	10
594	190	13	10
593	193	13	10
593	197	13	10
593	201	13	10
592	204	13	10
592	207	13	10
590	211	13	10
590	215	13	10
589	218	13	10
589	221	13	10
589	224	13	10
588	227	13	10
588	230	13	10
588	234	13	10
586	236	13	10
587	239	13	10
586	242	13	10
586	246	13	10
585	249	13	10
585	252	13	10
584	255	13	10
584	257	13	10
583	262	13	10
582	264	13	10
582	266	13	10
582	269	13	10
582	272	13	10
580	276	13	10
580	279	13	10
580	282	13	10
579	284	13	10
579	288	13	10
579	291	13	10
578	294	13	10
578	297	13	10
577	300	13	10
576	303	13	10
576	307	13	10
576	310	13	10
575	313	13	10
575	316	13	10
574	319	13	10
574	323	13	10
573	327	13	10
573	330	13	10
572	333	13	10
572	336	13	10
571	340	13	10
571	344	13	10
570	347	13	10
570	351	13	10
569	355	13	10
568	359	13	10
568	363	13	10
567	368	13	10
567	371	13	10
567	375	13	10
567	379	13	10
566	384	13	10
566	388	13	10
565	392	13	10
565	396	13	10
564	401	13	10
563	405	13	10
563	408	13	10
562	413	13	10
562	416	13	10
561	422	13	10
561	425	13	10
560	429	13	10
559	432	13	10
559	437	13	10
559	441	13	10
558	445	13	10
558	449	13	10
557	453	13	10
557	456	13	10
555	462	13	10
555	466	13	10
554	471	13	10
554	475	13	10
553	480	13	10
552	485	13	10
552	489	13	10
551	494	13	10
551	498	12	10
551	503	13	10
549	509	13	10
549	513	13	10
548	517	13	10
548	522	13	10
547	526	13	10
546	531	13	10
545	537	13	10
545	541	13	10
545	547	13	10
544	552	12	10
543	558	12	10
542	564	12	10
542	570	12	10
541	574	12	10
541	580	13	10
539	588	13	10
539	596	13	10
538	602	13	10
537	608	13	10
537	615	13	10
535	623	13	10
535	630	13	10
534	637	13	10
534	644	13	10
533	651	13	10
532	661	13	10
530	668	13	10
530	676	13	10
529	684	13	10
528	691	13	10
528	702	13	10
526	706	13	10
526	708	13	10
525	709	13	10
525	709	13	10
524	709	13	10
523	710	13	10
523	711	13	10
522	711	13	10
521	712	13	10
521	711	13	10
520	712	13	10
520	712	13	10
519	711	13	10
517	712	13	10
