1020	230	11	7
1020	229	11	10
1020	228	11	10
1020	228	11	10
1019	228	12	10
1020	228	12	10
1020	228	12	10
1019	229	13	10
1019	227	13	10
1018	227	14	10
1017	227	15	10
1017	226	15	10
1017	226	16	10
1016	226	17	10
1015	226	17	10
1014	225	18	10
1014	225	19	10
1013	225	19	10
1013	225	19	10
1011	225	18	10
1011	224	17	10
1011	225	17	10
1010	224	16	10
1010	224	16	10
1009	224	15	10
1009	224	15	10
1009	224	14	10
1008	224	14	10
1008	223	14	10
1008	223	14	10
1007	223	14	10
1007	224	15	10
1007	224	15	10
1005	223	16	10
1004	223	16	10
1000	225	17	10
999	224	18	10
993	225	20	10
994	226	20	10
995	227	22	12
997	226	23	12
997	226	23	13
999	225	24	13
1000	225	24	13
1001	224	25	13
1001	224	26	13
1001	224	26	13
1001	224	28	13
1000	223	30	13
1001	222	31	13
1005	222	31	13
1005	222	31	13
1009	222	30	13
1011	221	29	13
1013	221	28	13
1015	221	27	13
1015	221	27	13
1017	221	27	13
1018	221	26	12
1021	220	26	12
1023	220	27	12
1023	220	27	12
1024	220	26	13
1026	219	26	12
1028	218	26	13
1029	218	26	13
1029	218	26	13
1031	217	26	13
1033	216	25	14
1035	216	25	14
1037	216	25	14
1037	215	25	14
1039	215	26	14
1040	215	26	14
1041	215	26	14
1042	215	26	13
1042	215	26	13
1044	215	26	13
1045	214	26	13
1047	214	26	13
1049	213	26	13
1049	214	26	13
1051	213	26	13
1052	213	26	13
1054	213	25	13
1055	212	25	13
1055	212	25	13
1056	212	25	13
1057	211	25	13
1060	211	26	13
1061	210	26	13
1061	210	26	14
1062	209	26	14
1063	208	27	14
1065	209	27	14
1065	208	26	14
1066	209	26	14
1067	208	26	14
1068	207	26	14
1071	207	26	14
1071	207	26	14
1071	207	26	14
1074	206	27	14
1075	206	27	14
1076	206	27	14
1077	206	27	14
1076	205	27	15
1078	204	27	15
1079	205	27	15
1081	204	27	15
1083	204	26	15
1083	204	27	14
1085	204	27	14
1086	204	27	14
1087	203	27	15
1088	203	27	15
1088	202	26	15
1089	203	26	15
1090	202	26	16
1092	200	26	16
1093	201	26	16
1093	200	26	16
1094	200	26	16
1095	199	25	16
1095	199	25	15
1096	199	26	15
1095	199	26	15
1095	199	26	15
1097	197	26	15
1097	197	25	16
1097	196	25	16
1098	196	24	15
1098	196	24	15
1098	196	24	15
1099	195	24	15
1100	195	24	14
1100	196	25	14
1101	196	25	14
1101	195	25	14
1101	195	25	14
1102	194	25	14
1102	194	25	14
1103	194	25	14
1104	194	24	13
1105	194	24	13
1106	194	24	13
1106	194	25	13
1107	194	25	13
1109	195	24	13
1109	195	24	13
1110	196	24	13
1110	195	24	13
1112	196	24	14
1113	197	24	14
1114	198	24	14
1115	199	24	14
1115	198	24	14
1116	199	24	14
1117	200	24	15
1118	201	24	15
1119	201	25	15
1119	201	25	15
1121	203	25	14
1121	205	25	14
1123	205	25	14
1124	206	25	14
1123	206	25	14
1125	207	25	14
1126	208	25	15
1127	210	25	14
1129	211	25	14
1129	211	25	14
1128	212	25	14
1130	213	25	14
1131	214	25	14
1133	214	24	14
1133	214	24	14
1133	215	25	14
1135	217	25	14
1136	217	25	14
1136	218	25	14
1137	219	25	14
1138	219	26	14
1139	220	25	14
1139	220	25	14
1141	222	24	14
1140	221	24	14
1141	223	24	14
1142	223	24	14
1143	225	24	15
1144	225	24	15
1144	224	24	15
1147	226	24	15
1146	226	24	15
1148	227	24	15
1149	228	24	15
1149	228	25	15
1149	228	25	15
1151	227	25	15
1152	227	25	15
1154	226	24	15
1154	225	24	16
1154	225	24	16
1155	224	24	16
1156	225	24	15
1158	226	24	15
1158	225	24	15
1159	226	24	15
1160	225	25	15
1161	225	25	15
1161	225	25	15
1161	225	25	15
1163	224	25	15
1164	224	25	15
1166	224	25	14
1166	224	25	14
1167	225	25	13
1168	224	25	13
1169	224	25	13
1169	224	25	13
1171	224	24	13
1170	224	24	13
1171	223	24	13
1173	224	24	13
1174	223	24	12
1175	224	24	12
1175	224	24	12
1175	223	24	12
1177	222	24	12
1179	223	23	13
1180	223	23	13
1180	223	23	13
1180	222	23	13
1182	222	24	13
1182	222	24	13
1184	223	24	13
1183	222	24	13
1184	223	24	13
1185	222	24	13
1186	222	24	13
1186	222	24	13
1186	222	24	12
1188	222	24	12
1188	222	24	12
1189	221	24	13
1191	221	24	13
1191	221	23	13
1192	221	23	13
1193	220	23	12
1194	220	23	12
1194	221	23	12
1195	221	22	12
1196	220	22	12
1197	221	22	12
1198	220	22	12
1197	220	22	12
1199	220	22	12
1200	219	22	12
1201	219	22	12
1200	219	23	12
1200	219	23	12
1202	218	23	12
1203	219	23	13
1203	219	24	13
1206	218	24	13
1205	219	25	13
1206	218	25	14
1208	218	24	14
1209	218	24	15
1210	217	23	16
1210	217	23	17
1211	217	23	18
1212	216	23	18
1211	216	23	18
1213	216	23	18
1213	215	23	17
1214	216	24	17
1214	215	24	17
1216	216	24	17
1216	216	24	17
1215	215	24	17
1216	215	24	17
1216	216	24	17
1217	215	25	16
1217	216	25	16
1217	216	25	16
1217	216	25	16
1218	214	26	16
1218	215	27	16
1218	214	27	16
1218	214	28	16
1219	214	28	16
1219	214	29	16
1221	213	29	15
1221	213	29	15
1222	213	30	15
1223	213	30	15
1223	213	30	15
1223	212	31	15
1225	212	31	15
1226	213	31	15
1226	212	31	15
1225	212	31	15
1224	214	31	15
1226	213	32	15
1228	212	31	15
1230	212	31	15
1231	212	30	16
1232	211	30	16
1236	211	29	16
1235	211	29	16
1236	211	29	16
1238	210	29	15
1239	210	29	15
1241	210	28	15
1241	210	28	15
1242	210	27	14
1243	210	27	14
1244	211	27	14
1245	210	26	14
1245	210	26	14
1246	210	25	14
1247	210	25	13
1248	209	24	13
1249	210	24	13
1249	211	23	13
1250	211	23	13
1251	210	23	12
1252	211	23	12
1253	210	23	12
1253	211	24	12
1254	211	24	12
1255	211	24	12
1256	211	24	12
1255	211	23	12
1256	211	23	12
1257	211	23	12
1258	211	22	12
1259	212	22	13
1259	211	21	13
1259	211	21	13
1261	211	20	13
1261	211	19	13
1262	211	18	14
1264	210	17	14
1264	210	17	14
1265	210	16	15
1266	210	15	15
1266	210	15	15
1267	210	14	15
1267	210	14	15
1268	209	13	15
1268	210	12	15
1270	210	12	16
1270	209	11	16
1270	209	10	17
1271	210	10	17
1271	209	10	17
1271	210	10	18
1271	210	10	18
1272	209	10	18
1270	205	10	18
1269	198	10	18
1264	181	12	16
1261	182	15	14
1258	182	18	13
1259	183	19	12
1257	182	20	11
1257	183	21	11
1257	184	22	11
1258	184	22	11
1257	183	22	10
1259	184	22	11
1259	183	22	10
1259	183	21	10
1260	183	21	11
1262	183	20	10
1262	183	19	10
1262	184	19	11
1262	183	19	11
1259	174	19	11
1256	170	20	10
1256	169	21	10
1256	170	21	10
1257	170	21	10
1256	169	22	10
1257	169	22	10
1256	170	22	10
1257	170	22	10
1257	169	22	10
1257	169	22	10
1256	171	22	10
1256	170	22	10
1257	170	22	10
1257	170	22	10
1257	170	22	10
1258	171	22	10
1258	170	22	10
1258	170	22	10
1258	171	22	10
1258	170	22	10
1258	170	22	10
1259	171	22	10
1259	172	22	10
1259	171	22	10
1259	171	22	10
1259	171	21	10
1260	171	21	10
1260	171	21	10
1260	171	21	10
1260	171	21	10
1260	171	21	10
1261	172	20	10
1260	172	20	10
1261	171	20	10
1261	170	19	10
1262	171	19	10
1262	171	19	10
1262	171	19	10
1263	171	18	10
1263	171	18	10
1263	170	18	10
1262	171	18	10
1262	171	18	10
1263	170	18	10
1263	170	17	10
1263	171	17	10
1264	171	17	10
1263	171	17	10
1264	171	17	10
1264	171	17	10
1264	171	17	10
1264	171	16	10
1265	172	16	10
1264	172	16	10
1264	173	16	10
1265	173	16	10
1265	173	16	10
1265	174	16	10
1265	175	15	10
1266	175	15	10
1265	175	15	10
1266	176	15	10
1266	177	15	10
1265	177	15	10
1266	177	15	10
1266	177	15	10
1266	179	14	10
1267	180	14	10
1267	181	14	10
1267	181	14	10
1268	183	13	10
1267	183	13	10
1268	185	13	10
1268	186	13	10
1268	186	13	10
1268	187	13	10
1268	189	13	10
1268	190	13	10
1268	192	13	10
1269	191	13	10
1268	193	12	10
1268	194	12	10
1268	194	12	10
1269	195	12	10
1269	195	12	10
1269	195	11	10
1269	197	11	10
1270	197	11	10
