950	321	28	51
951	325	28	49
954	330	28	48
955	334	27	47
958	338	27	46
960	342	27	45
962	345	26	45
965	348	26	44
968	351	25	43
970	352	25	43
975	356	24	43
977	357	24	42
979	360	24	42
981	361	24	42
983	363	24	42
987	365	24	43
989	366	24	42
991	368	24	42
993	369	25	41
994	370	25	41
997	372	25	41
999	373	26	40
1001	375	26	39
1003	377	26	38
1006	377	26	38
1009	379	26	38
1010	381	27	37
1013	382	27	37
1014	384	27	37
1018	385	27	37
1021	387	26	38
1023	388	26	38
1024	389	27	37
1026	391	27	37
1028	393	27	37
1033	393	28	37
1035	395	27	37
1037	395	28	37
1040	396	28	37
1043	397	28	37
1044	398	29	36
1044	399	29	35
1044	399	30	35
1045	400	30	35
1044	401	29	34
1043	402	30	34
1040	402	30	33
1038	402	30	33
1035	403	31	33
1033	404	31	33
1029	404	32	32
1027	405	32	32
1024	406	33	32
1020	406	34	32
1019	408	34	32
1016	408	34	32
1012	410	34	33
1009	409	34	32
1006	409	34	32
1004	409	33	32
1001	411	32	33
998	411	31	33
993	411	31	34
991	411	31	35
987	411	31	36
983	410	30	38
979	409	29	39
975	407	28	40
972	406	28	40
968	403	27	41
964	400	27	41
962	397	26	42
959	395	25	43
956	391	25	44
953	387	24	45
949	383	24	45
944	380	24	46
941	377	24	45
937	376	24	45
933	374	24	44
929	372	24	44
924	369	24	43
921	369	24	42
917	369	24	41
912	368	24	40
907	369	24	39
903	368	25	37
900	368	24	36
895	368	24	34
891	370	24	32
886	372	24	32
881	373	24	32
878	375	23	33
873	377	23	34
867	379	24	35
862	382	24	37
856	384	24	38
851	386	26	39
845	387	27	38
840	391	29	39
835	395	30	40
831	399	31	40
826	402	33	40
821	403	33	39
815	404	34	37
807	406	33	36
804	407	32	35
800	407	31	33
793	406	32	31
794	406	30	30
791	404	28	31
788	402	26	32
786	402	25	33
784	401	24	35
779	399	23	36
775	399	23	34
770	399	23	34
767	401	24	32
763	400	24	31
760	398	24	31
754	398	24	30
752	398	24	31
750	397	23	32
746	396	23	34
744	395	23	36
738	392	23	36
734	391	23	37
731	389	23	38
729	389	22	40
726	386	22	40
723	385	22	41
720	385	23	42
718	383	22	43
715	382	22	44
713	381	22	45
709	379	22	44
707	378	22	44
705	377	22	44
703	376	22	43
701	375	22	42
699	373	22	42
698	373	22	42
695	372	23	41
692	371	24	41
690	370	25	41
688	371	25	41
687	369	26	42
684	369	26	42
685	368	26	42
684	368	26	41
683	367	26	40
684	366	26	39
684	365	25	39
685	365	24	38
686	364	23	38
687	362	23	37
688	360	23	37
691	359	23	36
693	357	24	35
694	354	24	34
698	351	23	34
700	351	22	33
702	349	22	33
704	348	21	32
705	347	21	32
708	347	21	32
706	346	23	30
709	346	23	30
708	346	24	30
712	346	23	31
714	344	23	31
716	344	22	30
718	345	22	31
720	342	21	31
722	341	21	32
724	338	21	32
727	337	20	33
728	337	20	32
731	335	20	32
732	334	20	31
735	333	19	31
737	332	19	32
739	331	19	32
744	330	18	32
744	330	17	32
748	329	17	31
749	329	17	30
750	329	17	30
752	329	17	29
754	329	17	30
756	329	17	30
759	328	17	30
761	326	17	30
763	325	17	30
764	325	17	29
767	325	17	30
768	325	17	30
770	324	17	30
772	325	17	30
774	324	17	30
776	323	17	30
778	324	17	30
780	322	17	29
781	323	17	29
783	323	17	29
786	321	17	29
787	321	17	29
790	321	17	29
790	320	17	29
793	319	17	29
794	318	17	30
796	317	17	30
797	318	17	29
799	317	17	29
800	317	18	29
803	316	18	30
804	316	18	30
805	314	18	29
807	314	17	29
809	312	17	28
810	312	17	28
812	311	17	28
815	310	17	28
816	310	17	28
817	308	17	28
819	308	17	28
821	307	17	28
822	308	18	29
823	307	18	29
824	308	18	29
826	307	18	30
828	308	18	30
829	307	18	30
831	308	18	30
833	307	18	30
833	308	19	30
835	308	19	30
835	309	20	30
837	310	20	30
839	309	20	29
840	310	21	28
841	311	22	28
842	312	23	27
846	312	22	26
848	313	22	25
851	313	21	25
854	313	21	24
856	313	20	23
858	313	20	23
860	313	20	23
863	313	20	23
865	313	19	23
867	312	19	23
869	312	19	23
870	312	19	23
872	312	18	23
874	311	18	23
876	310	18	23
877	310	18	23
878	310	18	23
879	308	17	23
879	308	17	24
881	308	17	24
882	307	16	24
883	306	16	24
883	305	16	24
883	304	16	24
883	304	16	23
883	303	15	23
883	303	16	23
882	302	16	23
882	301	16	23
882	300	16	23
881	300	17	23
880	300	17	24
877	299	18	23
875	298	18	24
873	299	18	24
872	298	18	24
871	297	18	24
870	296	18	24
869	295	18	25
869	294	18	25
868	293	18	25
867	293	18	25
866	292	18	25
864	290	19	25
863	290	19	24
863	289	18	24
862	290	18	24
859	289	18	23
858	289	18	23
855	289	18	22
853	290	19	22
850	291	20	22
849	292	20	23
848	290	19	23
847	291	18	23
846	292	17	23
843	291	17	23
844	291	16	23
842	291	15	23
840	291	15	23
838	291	15	23
836	291	15	23
834	291	15	23
834	290	14	23
832	290	14	23
829	290	14	23
827	291	14	22
823	290	15	22
821	289	15	22
819	289	15	22
818	289	14	23
816	288	14	23
813	288	15	23
811	287	15	24
808	287	15	24
807	287	15	23
805	287	14	23
802	287	14	23
799	287	14	23
798	287	13	23
795	286	13	24
792	286	13	24
789	284	13	24
787	282	13	23
785	282	13	23
783	281	13	23
781	280	13	22
779	280	13	22
775	280	12	22
774	279	12	22
771	279	12	22
768	279	11	22
765	279	11	21
762	280	11	21
760	281	11	21
758	281	11	21
755	280	11	21
752	281	11	21
750	281	11	21
748	280	11	20
744	280	11	20
742	280	11	20
739	280	11	20
737	280	11	21
735	280	11	20
734	280	11	20
731	280	11	20
728	279	12	20
726	279	12	20
724	279	12	19
722	279	12	19
720	279	13	19
717	278	13	19
715	278	13	19
713	279	12	19
711	278	12	18
709	278	12	18
706	278	12	18
704	279	12	18
702	279	12	19
700	278	12	19
698	278	12	19
694	277	12	20
692	277	12	20
690	277	12	20
688	276	12	19
686	276	12	19
683	277	12	20
680	277	12	20
678	277	12	20
677	277	12	21
675	276	11	21
672	276	11	21
670	275	11	21
668	276	11	20
666	275	11	20
665	274	11	20
663	275	11	19
662	275	11	19
661	275	11	19
660	274	11	20
659	274	11	20
657	274	11	19
656	273	10	19
656	274	10	19
655	273	10	19
653	274	10	19
652	274	10	19
651	274	10	19
649	274	10	20
648	274	10	20
647	273	10	20
646	273	10	19
645	273	10	19
644	272	10	20
642	272	10	20
641	272	10	20
640	272	10	20
639	272	10	20
638	272	10	20
638	272	10	20
637	272	10	20
637	272	10	19
636	272	10	19
636	272	10	20
635	271	10	19
635	272	10	20
635	271	10	20
635	271	10	19
635	271	10	19
634	271	10	19
633	271	11	19
634	271	10	19
633	272	10	19
632	272	10	19
632	271	11	19
632	273	11	18
631	272	11	18
633	272	10	18
632	272	10	18
632	272	10	18
631	271	10	18
631	272	10	18
631	271	10	18
630	271	10	18
630	271	10	18
629	270	10	18
629	271	10	18
629	270	10	18
628	269	10	18
627	269	10	18
626	268	10	17
626	268	10	18
626	268	10	18
624	268	10	18
624	267	10	19
623	268	10	19
622	267	10	18
623	267	10	18
622	266	10	18
622	267	10	18
621	266	10	18
621	266	10	18
620	265	10	18
619	266	10	19
619	265	10	19
618	265	10	19
617	265	10	19
616	266	10	19
617	265	10	19
616	265	10	19
615	265	10	19
614	264	10	18
614	264	10	18
614	264	10	18
614	263	10	17
613	264	10	17
613	264	10	17
612	264	10	17
612	264	10	18
612	264	10	17
612	264	10	17
611	264	10	18
611	264	10	17
611	264	10	17
611	263	10	17
611	262	10	17
612	262	10	17
613	262	10	17
612	262	10	17
612	262	10	17
613	261	10	17
613	261	10	17
614	260	10	17
613	261	10	17
613	260	10	17
614	260	10	17
615	259	10	17
615	259	10	17
615	259	10	17
615	259	10	17
616	259	10	18
617	259	10	18
617	259	10	18
618	258	10	18
619	258	10	18
619	257	10	18
620	257	10	18
620	257	10	18
621	257	10	18
623	257	10	18
623	257	10	17
624	257	10	17
625	257	10	17
626	256	10	17
627	256	10	17
627	257	10	16
629	256	10	16
630	256	10	16
630	256	10	17
631	256	10	17
632	256	10	17
632	255	10	18
633	255	10	17
634	255	10	18
634	255	10	17
636	255	10	17
637	255	10	16
637	255	10	16
638	256	10	16
639	256	10	16
639	257	10	16
641	257	10	16
641	258	10	16
642	258	10	16
643	258	10	16
643	260	10	16
645	260	10	16
646	262	10	16
646	263	10	16
646	263	10	16
647	263	10	16
648	264	10	16
648	265	10	16
649	265	10	16
651	267	10	16
651	267	10	16
652	268	10	16
652	268	10	16
652	269	10	16
654	270	10	16
655	269	10	16
655	270	10	16
656	271	10	16
656	272	10	16
657	272	10	16
659	273	10	16
658	272	10	16
659	275	10	15
659	275	10	15
660	276	10	15
661	277	10	15
661	278	10	15
662	278	10	15
663	279	10	15
664	279	10	15
664	280	10	16
664	281	10	16
664	281	10	16
664	281	10	15
666	282	10	15
666	282	10	15
667	282	10	15
668	283	10	15
668	284	10	15
668	284	10	15
669	284	10	15
669	286	10	15
670	285	10	15
670	286	10	15
670	288	10	15
671	288	10	16
671	288	10	16
671	289	10	16
672	289	10	16
672	290	10	16
672	291	10	16
673	291	10	16
673	292	10	16
673	292	10	16
674	292	10	16
674	293	10	16
674	294	10	15
675	294	10	15
675	296	10	15
674	295	10	15
675	296	10	15
676	297	10	14
676	298	10	14
676	299	10	15
678	299	10	15
677	301	10	15
677	301	10	15
678	301	10	15
677	302	10	15
678	303	10	15
678	303	10	15
678	304	10	15
679	304	10	15
679	304	10	15
679	305	10	15
679	305	10	15
680	305	10	15
680	306	10	15
681	306	10	15
680	307	10	15
681	307	10	16
681	307	10	16
681	307	10	16
681	307	10	16
681	307	10	16
681	308	10	16
682	307	10	16
682	308	10	16
681	308	10	16
682	309	10	16
682	309	10	16
682	309	10	16
682	309	10	16
683	309	10	17
683	309	10	16
684	309	10	16
685	310	10	16
685	310	10	16
685	310	10	16
685	310	10	16
686	310	10	17
686	311	10	17
687	310	10	16
686	311	10	16
687	312	10	16
687	312	10	16
687	312	10	16
688	312	10	16
687	312	10	16
687	313	10	16
688	313	10	16
687	313	10	16
688	312	10	16
688	314	10	15
688	313	10	15
688	315	10	15
688	315	10	15
688	316	10	15
687	316	10	15
688	317	10	15
688	317	10	15
688	319	10	15
687	319	10	15
688	319	10	16
687	319	10	16
687	320	10	16
686	320	10	16
686	320	10	17
685	321	10	17
686	321	10	17
685	321	10	17
685	322	10	17
685	323	10	16
685	323	10	17
685	323	10	17
685	324	10	17
685	324	10	17
686	325	10	17
686	325	10	17
686	326	10	17
687	326	10	17
688	327	10	16
688	327	10	16
689	328	10	16
689	328	10	16
690	329	10	16
691	329	10	15
693	330	10	15
694	330	10	15
694	330	10	15
695	330	10	15
698	331	10	15
698	332	10	15
699	332	10	14
701	331	10	14
702	332	10	14
704	333	10	14
704	333	10	14
705	334	10	14
705	334	11	14
707	333	11	14
707	334	11	14
708	334	11	13
708	333	11	13
707	334	11	13
707	334	11	12
708	335	11	13
706	335	11	14
707	334	11	14
707	334	11	15
708	334	11	15
707	333	11	16
708	333	12	16
708	334	12	16
707	334	12	16
707	333	12	16
706	335	13	16
707	334	13	16
707	334	13	17
706	334	12	17
706	333	12	17
706	334	12	17
705	335	12	17
704	335	12	17
705	336	12	18
703	335	12	18
703	336	12	18
703	336	12	18
704	336	12	18
702	335	12	18
703	336	12	18
703	335	11	18
703	336	11	18
702	336	11	18
701	337	11	18
701	336	11	18
701	336	11	19
701	336	11	19
701	337	11	20
700	337	11	20
699	337	11	20
699	337	11	20
698	337	11	20
697	338	11	21
697	337	11	21
697	338	12	21
696	339	11	21
694	338	11	21
694	340	11	21
694	340	11	22
694	340	11	21
693	341	11	21
693	341	11	21
692	341	12	21
691	342	12	21
691	342	12	21
690	343	12	21
689	344	12	21
689	344	12	21
689	345	12	21
687	346	12	21
687	347	12	21
686	346	12	21
685	347	11	21
684	347	11	21
683	348	11	22
683	348	11	22
682	348	11	22
681	348	11	22
681	349	11	22
679	349	11	22
679	350	11	22
677	350	11	21
677	352	11	21
676	352	11	21
675	351	12	21
676	352	12	22
677	353	12	22
678	353	12	22
678	354	11	22
677	355	11	22
678	356	11	23
678	357	11	22
679	357	11	23
678	357	11	23
680	358	11	23
681	358	11	23
681	357	11	24
682	357	11	24
682	357	11	24
683	356	11	24
683	356	12	24
686	356	12	24
686	355	12	24
687	355	12	24
689	355	13	24
691	355	12	24
692	354	13	24
694	355	13	24
697	355	13	25
699	355	13	25
703	355	13	25
705	356	13	24
707	355	13	24
710	356	13	23
713	356	13	23
717	357	13	23
718	357	13	23
721	358	14	23
722	358	14	23
724	360	14	23
728	360	14	23
730	361	15	23
735	363	15	23
741	364	15	23
747	364	15	23
755	367	14	23
760	368	14	23
766	370	15	23
771	371	15	23
777	373	15	23
785	376	15	23
790	378	15	22
795	380	15	22
800	382	16	22
805	385	16	21
811	389	16	21
817	391	16	21
821	394	16	21
826	397	16	21
832	401	16	21
838	406	17	21
843	409	17	21
848	413	17	21
851	417	18	21
855	420	18	21
861	427	19	21
863	431	19	21
865	436	20	21
864	440	20	22
861	444	21	22
856	451	21	22
851	456	22	22
846	461	22	23
841	465	22	23
836	468	22	23
830	472	23	24
825	475	23	25
822	478	22	26
817	480	22	27
811	482	22	28
803	486	21	30
798	488	21	31
793	490	22	31
786	490	22	31
782	491	24	29
772	491	26	27
769	493	29	25
765	494	31	24
758	491	34	23
754	490	35	22
743	489	36	23
738	484	35	25
732	484	36	26
724	485	37	26
724	485	37	25
723	480	38	26
724	477	39	28
718	478	40	28
717	480	40	27
715	479	39	26
712	477	40	28
710	477	36	32
705	476	32	35
703	473	29	39
701	471	28	42
696	469	30	43
693	467	32	43
689	469	33	44
684	468	35	43
684	473	35	43
677	476	36	44
670	480	39	44
668	483	42	44
656	489	42	47
657	491	40	48
648	496	41	48
645	500	40	48
639	503	39	46
636	504	36	45
631	503	35	44
626	504	34	42
626	505	33	41
622	505	32	40
619	504	33	38
615	503	33	37
610	501	33	35
607	500	33	33
603	499	33	32
599	498	32	31
596	494	32	32
588	495	32	32
583	493	31	32
577	491	31	32
575	491	31	33
572	490	30	35
568	488	30	35
565	487	30	34
563	485	30	34
561	484	30	35
559	482	30	35
557	478	30	35
555	475	31	34
554	473	31	34
554	472	31	35
554	468	31	35
552	464	32	35
553	461	32	36
554	458	32	36
556	454	32	36
557	451	31	35
560	447	31	34
560	444	32	34
562	441	31	35
566	438	31	35
570	434	30	35
574	431	29	35
578	428	29	35
582	426	28	36
587	422	27	37
591	420	27	37
602	416	26	38
611	414	25	38
619	411	25	38
626	409	24	40
635	406	23	40
643	403	22	40
651	401	21	39
658	398	21	39
662	397	21	39
665	396	20	40
668	394	21	39
668	394	20	39
669	392	21	38
671	393	21	38
670	391	20	37
670	388	19	37
671	387	19	36
673	385	18	36
673	385	18	35
672	384	18	33
672	384	18	32
675	382	17	31
676	381	16	30
678	380	16	29
679	379	15	29
681	377	14	29
682	376	14	31
683	374	14	32
685	372	14	32
687	371	15	32
688	369	16	32
690	368	16	32
690	366	16	32
692	365	16	32
694	362	17	32
696	359	18	32
699	358	18	32
703	356	19	32
706	354	19	33
710	352	19	33
712	350	19	33
715	348	19	33
717	346	19	33
716	344	19	34
717	343	18	34
718	339	17	33
718	337	16	33
718	335	16	33
717	333	15	33
716	331	14	32
715	328	14	31
713	326	14	30
712	324	13	30
711	322	13	30
709	321	13	30
707	318	13	30
706	316	13	31
704	314	13	31
704	312	12	31
701	311	12	32
700	309	12	32
698	308	12	32
696	305	12	32
694	303	12	31
693	301	12	32
691	299	12	31
690	298	11	31
689	297	11	31
687	295	11	31
687	293	11	30
686	292	11	30
685	291	11	30
683	289	11	30
683	288	11	29
682	287	10	30
681	285	10	30
680	284	10	30
679	282	10	30
678	280	10	29
676	280	10	28
676	279	10	29
675	278	10	29
674	277	10	28
672	275	10	28
672	275	10	28
670	274	10	28
669	273	10	28
668	272	10	29
667	272	10	29
665	271	10	29
664	269	10	30
664	269	10	30
663	267	10	29
663	267	10	29
662	266	10	28
662	265	10	27
662	265	10	27
662	265	10	26
663	266	10	26
662	265	10	26
662	265	10	27
662	265	10	27
663	265	10	27
663	263	10	26
663	264	10	26
663	264	10	26
663	263	10	26
664	263	10	26
663	263	10	26
664	262	10	25
664	261	10	25
664	261	10	24
665	261	10	24
665	261	10	24
666	261	10	23
666	261	10	24
666	261	10	24
666	260	10	24
667	261	10	23
667	261	10	24
668	262	10	23
668	263	10	23
668	263	10	23
669	263	10	23
670	264	10	23
670	265	10	23
670	267	10	23
671	267	10	23
671	269	10	23
672	270	10	23
673	270	10	23
673	270	10	23
674	269	10	22
674	268	10	22
676	269	10	22
677	267	10	22
677	268	10	22
678	267	10	22
679	267	10	22
680	267	10	23
681	268	10	23
682	267	10	23
683	268	10	23
684	268	10	23
684	268	10	23
686	269	10	22
687	269	10	23
688	269	10	22
689	270	10	22
690	269	10	23
691	271	10	23
693	271	10	23
694	272	10	24
694	272	10	24
697	274	10	24
698	274	10	24
699	275	10	25
700	276	10	25
702	278	10	25
703	279	10	25
705	280	10	25
706	280	10	24
709	281	10	24
710	283	11	24
711	283	10	23
713	286	10	23
716	288	11	23
717	288	11	23
718	290	11	24
719	292	12	24
721	292	12	24
723	294	12	24
724	296	13	24
725	297	13	24
727	297	12	24
728	299	12	23
729	299	12	23
729	301	13	23
731	301	13	23
731	302	12	23
732	304	13	22
733	305	12	22
734	305	13	22
735	306	13	22
736	306	13	22
737	306	13	22
738	307	13	21
737	308	12	21
738	308	12	21
739	309	12	20
740	309	12	21
740	309	12	21
741	309	12	21
741	309	12	21
742	311	12	21
743	310	11	21
743	309	11	21
744	309	11	21
744	310	11	21
745	310	11	21
745	311	11	21
745	310	10	21
745	310	10	21
746	310	10	21
746	311	10	21
746	311	10	21
746	311	10	22
747	311	10	22
749	311	10	22
749	311	10	22
751	311	10	22
752	312	10	22
752	311	10	22
755	312	10	22
756	312	10	22
759	313	10	22
760	313	10	22
763	313	10	22
764	313	10	22
767	314	10	22
769	314	10	22
772	314	10	22
773	315	10	22
776	314	10	22
778	315	10	22
781	315	10	21
783	315	10	21
785	316	10	21
788	315	10	21
790	315	10	21
792	316	10	21
795	316	10	21
798	316	10	21
799	317	10	22
803	316	10	22
805	317	10	22
808	317	10	22
811	318	10	22
812	318	10	22
815	318	10	22
818	318	10	21
820	319	10	21
822	319	10	20
825	319	10	21
828	320	10	21
831	320	10	21
834	321	10	21
835	321	10	21
837	322	11	21
840	321	11	21
844	322	11	21
846	323	11	21
848	323	11	20
851	324	11	20
853	324	11	20
857	324	11	19
859	325	11	19
861	326	11	19
863	326	12	19
867	326	12	19
870	327	11	19
874	327	11	19
876	328	11	18
879	328	12	18
881	328	12	18
887	328	12	18
890	329	11	18
893	328	11	18
897	330	11	18
901	330	11	18
906	331	11	18
909	331	11	19
914	331	11	19
917	332	11	19
922	332	11	19
928	333	11	19
933	333	12	19
938	335	12	19
943	335	12	19
947	336	12	18
954	336	12	18
960	337	12	18
965	337	12	18
970	338	12	18
976	338	12	19
982	338	12	18
987	340	13	18
992	339	12	18
996	340	13	18
1001	340	13	19
1008	341	13	19
1012	342	12	19
1016	342	12	19
1021	342	12	19
1025	342	12	19
1028	342	12	20
1029	342	12	19
1031	342	12	19
1032	342	12	19
1033	340	11	19
1035	341	11	19
1036	341	11	19
1035	340	11	19
1036	339	11	20
1036	339	11	20
1036	338	11	19
1037	338	11	20
1037	337	11	20
1037	337	11	20
1038	337	11	21
1038	336	10	21
1040	336	10	22
1039	335	10	21
1040	334	10	21
1040	333	10	20
1041	334	10	20
1041	332	10	20
1042	332	10	20
1042	332	10	20
1043	331	10	20
1044	331	10	20
1046	331	10	20
1047	331	10	19
1048	330	10	19
1049	330	10	19
1051	328	10	19
1052	328	11	19
1052	329	11	19
1054	327	11	19
1056	328	11	19
1058	327	11	19
1059	328	11	19
1061	327	11	19
1062	327	11	19
1063	326	11	20
1065	326	11	20
1066	325	11	19
1067	326	11	19
1068	325	11	20
1070	325	11	20
1071	325	11	20
1072	325	11	20
1073	324	11	20
1074	324	12	20
1074	323	12	20
1076	324	12	20
1078	324	12	20
1079	323	12	20
1080	323	12	20
1081	323	12	20
1082	323	12	19
1083	322	13	19
1084	322	13	19
1085	322	13	19
1086	321	13	19
1087	321	13	19
1087	322	14	19
1088	321	14	19
1088	321	13	19
1089	321	13	19
1089	322	13	19
1090	321	13	19
1091	322	13	18
1092	321	13	18
1091	321	13	18
1093	322	13	18
1094	321	13	18
1093	322	14	18
1094	323	14	17
1095	322	13	17
1096	322	13	17
1096	323	13	17
1097	323	13	17
1099	323	13	17
1100	323	13	17
1100	323	13	17
1102	323	13	17
1102	324	13	17
1103	324	13	17
1103	324	13	17
1103	325	13	17
1105	324	13	17
1106	324	14	17
1108	324	13	18
1110	325	13	18
1111	324	13	18
1112	325	13	18
1113	324	14	18
1117	326	14	18
1118	325	13	18
1120	326	13	19
1121	326	13	19
1123	326	14	19
1125	327	14	19
1126	328	14	19
1127	328	14	20
1127	329	15	20
1126	329	15	21
1126	328	15	22
1125	329	15	22
1125	330	15	22
1125	329	15	22
1124	329	15	22
1124	331	15	22
1123	331	15	22
1123	331	15	22
1123	331	15	22
1121	331	15	23
1122	332	15	23
1121	332	15	23
1121	332	15	23
1120	333	16	23
1120	333	16	24
1119	334	16	24
1118	334	16	24
1117	334	16	25
1117	334	16	24
1116	335	16	25
1116	335	16	24
1115	335	16	24
1115	335	16	24
1113	335	17	25
1114	335	16	24
1113	336	17	25
1111	335	17	25
1110	335	17	25
1112	336	17	25
1112	336	16	24
1112	336	15	24
1111	336	15	23
1112	337	15	23
1111	337	15	23
1112	337	15	23
1113	338	15	23
1114	338	15	23
1115	338	15	23
1114	338	15	23
1115	339	15	24
1114	339	15	24
1114	339	15	25
1114	339	15	25
1114	340	15	25
1114	341	15	26
1114	340	15	26
1114	340	15	26
1114	340	15	26
1112	341	15	26
1113	341	15	26
1113	341	15	25
1113	340	15	25
1111	340	16	25
1112	341	16	25
1110	341	17	25
1111	342	17	25
1109	342	17	25
1110	343	16	25
1110	343	16	25
1110	343	16	25
1111	344	16	25
1110	344	16	25
1109	344	17	25
1110	346	17	24
1109	346	18	24
1109	347	18	24
1109	347	17	24
1109	347	18	24
1110	349	17	24
1109	349	18	24
1108	349	18	24
1110	350	18	24
1109	351	18	24
1109	352	17	24
1108	353	18	24
1109	353	18	24
1109	355	18	24
1109	356	18	25
1107	357	18	25
1108	357	18	25
1107	358	18	25
1108	360	18	25
1107	360	18	25
1107	361	18	25
1107	362	18	25
1107	363	19	25
1107	363	19	25
1107	365	19	25
1107	366	19	26
1107	367	20	26
1108	369	19	26
1107	368	20	26
1107	370	20	26
1108	371	20	26
1107	371	20	26
1107	373	20	26
1109	373	20	26
1109	376	20	26
1109	377	21	26
1108	377	21	26
1110	379	21	27
1110	380	21	27
1112	382	21	26
1112	383	21	26
1112	385	21	26
1114	387	21	26
1114	388	21	26
1114	390	21	26
1114	392	22	25
1115	393	22	25
1114	395	23	25
1113	395	23	24
1113	397	24	25
1113	399	24	25
1112	401	24	25
1112	401	24	25
1113	403	24	26
1111	404	24	27
1112	406	24	27
1113	406	24	27
1112	407	24	28
1113	409	24	28
1113	410	25	28
1113	411	25	28
1113	414	25	29
1113	415	25	29
1112	416	25	28
1113	418	26	29
1115	419	26	28
1115	420	26	28
1115	422	27	28
1115	422	27	28
1116	425	27	29
1117	426	27	29
1117	428	28	29
1116	429	28	29
1117	430	28	30
1117	432	29	30
1117	433	29	30
1117	434	29	30
1117	435	29	30
1118	437	29	30
1117	440	29	31
1118	442	29	31
1117	443	29	31
1117	445	30	32
1118	448	30	32
1118	451	29	33
1119	453	29	33
1118	457	29	33
1118	460	28	33
1119	463	28	34
1119	466	27	34
1121	469	27	33
1120	471	27	33
1120	472	28	33
1122	476	28	34
1121	477	29	35
1122	479	29	35
1123	481	30	36
1124	483	31	36
1124	485	31	37
1126	487	32	37
1125	489	32	37
1127	491	32	37
1125	492	32	37
1125	495	33	37
1126	496	33	37
1123	497	33	37
1121	498	33	37
1119	499	33	38
1117	500	33	38
1113	500	33	38
1111	501	34	38
1108	502	33	38
1106	502	33	38
1104	503	33	38
1101	505	33	38
1097	505	34	38
1097	506	33	38
1096	507	33	38
1094	509	34	38
1092	511	33	38
1091	513	33	38
1090	514	33	38
1090	515	33	38
1089	517	33	38
1089	520	33	38
1089	521	32	38
1089	523	32	39
1089	526	32	39
1089	527	31	39
1088	529	31	39
1087	531	30	39
1084	534	31	39
1084	536	31	39
1081	539	32	38
1079	542	33	39
1077	545	33	39
1075	547	34	39
1074	549	34	40
1073	551	35	40
1071	554	35	41
1070	557	35	41
1069	559	35	41
1068	563	35	41
1066	566	35	41
1064	570	35	41
1063	573	35	41
1060	576	35	40
1059	579	36	40
1057	582	36	40
1056	585	36	41
1054	588	37	41
1054	591	37	42
1052	594	37	42
1052	596	38	43
1049	600	38	43
1049	605	38	44
1048	607	39	45
1046	611	39	45
1045	614	38	45
1043	620	38	45
1042	623	38	45
1042	627	37	45
1039	630	37	44
1036	633	37	44
1033	639	38	44
1031	641	38	44
1028	645	38	44
1026	648	38	44
1024	653	38	44
1020	656	38	45
1017	662	38	45
1014	665	38	45
