703	361	57	114
704	359	56	114
705	359	55	115
704	358	55	115
705	359	54	115
710	362	55	116
710	362	55	117
716	364	55	119
720	367	56	120
725	369	56	121
729	371	57	122
733	372	58	123
736	375	60	124
740	377	63	125
743	378	65	126
747	380	67	126
751	381	70	127
754	383	72	128
757	385	74	128
759	387	76	128
762	387	77	129
763	387	78	128
765	389	78	128
769	390	79	129
772	390	79	129
776	391	78	129
776	391	78	129
780	391	77	130
784	391	77	131
787	392	77	133
791	391	76	134
791	391	76	135
792	390	77	136
792	388	78	138
793	387	80	140
791	387	81	141
792	386	82	142
790	388	84	143
790	386	85	143
788	387	88	144
788	387	90	144
787	387	92	144
787	387	93	145
787	385	94	147
788	385	96	148
788	382	97	150
788	381	98	152
789	380	98	153
790	380	99	155
792	380	100	155
795	381	101	156
793	381	102	156
796	383	103	156
797	383	105	156
800	383	106	158
801	384	108	158
801	388	111	156
802	386	111	157
805	384	111	159
806	383	113	160
808	382	114	162
808	383	116	163
807	381	118	163
807	381	121	164
805	381	124	165
806	374	126	168
804	373	126	170
803	373	128	171
800	385	132	164
796	378	135	162
794	371	138	164
795	373	141	163
790	368	144	164
785	364	146	164
781	361	147	163
777	358	147	161
776	358	148	160
771	358	149	157
766	354	149	155
761	350	149	153
757	347	149	153
756	345	149	153
752	343	149	153
750	338	150	153
745	335	151	152
741	336	152	151
740	334	153	151
737	329	152	152
734	328	153	153
729	330	154	150
724	330	154	147
724	329	154	146
722	332	156	143
717	328	157	141
713	323	157	141
711	320	158	141
711	320	159	140
708	318	159	139
706	317	159	138
705	314	159	137
702	310	159	136
703	315	160	132
696	308	157	133
698	305	157	132
698	303	159	131
691	298	156	131
697	298	157	131
690	294	155	131
691	290	155	132
687	285	151	133
684	281	147	133
689	295	152	126
686	287	154	124
681	274	151	130
678	270	150	133
674	266	148	135
673	264	146	136
671	261	143	137
667	252	139	140
664	246	138	142
659	242	137	142
659	239	136	144
654	233	135	145
648	228	134	147
641	226	133	146
632	214	129	150
635	212	128	152
625	205	125	153
617	202	123	153
608	196	122	152
597	188	120	153
599	190	119	153
590	183	121	153
579	179	123	152
566	173	123	152
555	168	124	152
556	168	125	151
541	163	123	152
529	156	123	153
517	151	122	155
504	146	119	155
505	145	116	156
494	144	116	155
482	143	115	151
471	134	113	153
459	133	113	153
457	136	112	152
447	132	111	152
436	126	111	152
427	135	110	147
419	124	107	148
419	135	105	143
412	125	102	144
406	127	101	143
399	124	99	143
393	122	96	144
393	128	95	141
386	123	93	142
380	122	91	142
375	121	89	142
373	121	88	141
374	124	87	140
369	125	86	136
367	129	86	131
365	133	86	127
364	136	84	125
364	137	83	123
362	141	82	121
359	144	81	119
355	146	79	119
351	149	77	118
353	150	76	117
349	153	75	117
346	158	73	116
346	160	71	117
344	150	69	124
345	147	67	129
345	150	66	131
343	157	63	131
343	165	62	131
342	172	60	130
343	172	59	130
341	184	58	128
341	192	58	127
341	203	57	125
341	211	58	123
341	211	58	123
343	217	58	122
345	222	59	121
347	225	60	120
350	232	61	117
349	231	61	116
352	237	61	114
356	240	62	112
360	249	62	108
363	257	63	103
364	260	64	100
367	265	64	97
372	270	64	95
376	270	64	95
380	273	65	95
382	275	64	94
386	271	64	94
391	267	64	96
396	261	63	98
401	260	62	99
402	261	61	98
407	255	61	99
411	257	61	98
416	256	61	99
421	254	61	99
421	253	61	100
425	254	61	99
430	253	61	99
434	252	62	99
437	252	62	98
439	252	62	98
442	250	63	97
447	250	63	97
450	249	64	96
453	251	64	95
453	251	64	94
456	250	64	93
459	253	64	91
461	252	63	91
463	256	63	90
462	254	64	89
466	254	63	90
469	256	62	89
469	256	62	88
472	254	61	89
473	256	60	88
474	253	60	89
475	253	59	89
476	254	58	89
476	250	57	90
476	253	57	88
476	249	57	89
476	256	58	86
478	250	58	87
479	255	58	86
479	253	58	86
480	253	58	85
482	251	57	86
482	258	59	83
485	253	59	83
483	260	60	80
487	255	60	80
486	258	61	77
488	258	62	76
488	260	62	75
491	258	62	75
490	257	62	75
494	254	61	76
496	252	59	77
495	255	59	76
498	252	58	77
503	254	59	76
501	256	60	74
504	251	58	75
503	253	58	74
509	249	55	76
509	251	55	75
513	249	53	75
518	248	51	76
518	246	50	76
520	252	50	73
523	250	50	72
524	249	50	72
525	248	51	72
525	248	51	72
522	251	54	70
525	250	55	69
525	249	57	68
529	247	57	69
527	248	58	69
533	245	56	71
535	244	55	72
538	243	53	72
540	245	53	72
537	246	55	71
538	247	56	69
544	242	54	72
549	238	51	74
551	236	49	77
551	233	48	80
554	234	47	80
556	233	46	81
561	231	45	83
560	233	46	82
559	237	47	79
562	233	46	80
562	236	47	78
568	232	46	80
565	236	48	78
569	231	46	80
570	232	46	80
572	233	46	79
578	227	45	81
581	225	43	83
582	224	42	84
585	223	42	84
587	224	41	85
589	222	41	85
593	223	40	85
592	222	40	86
595	222	39	85
599	221	38	86
601	220	38	85
603	220	37	85
604	220	36	85
606	220	36	84
609	219	36	84
613	220	36	83
615	222	36	81
615	222	37	80
616	223	37	79
619	224	37	78
622	220	36	79
625	223	37	78
624	222	38	78
627	221	38	78
629	220	38	79
632	218	38	80
634	216	38	81
635	216	38	82
637	215	38	82
638	214	38	83
641	213	38	83
643	213	38	83
642	212	38	83
645	212	38	83
646	212	38	83
650	212	37	83
652	211	37	83
652	212	37	83
654	210	37	83
657	210	37	83
658	209	37	83
660	209	37	83
659	210	38	83
662	209	38	82
665	209	38	82
667	208	38	82
670	208	38	82
669	208	39	82
673	207	39	81
676	211	40	79
680	214	40	77
683	218	41	73
682	219	43	70
685	222	43	67
686	223	45	66
688	223	46	66
691	224	46	65
693	221	46	68
697	220	45	68
699	215	45	71
701	212	46	74
703	209	46	77
702	208	47	78
704	205	48	80
708	205	48	82
711	203	48	83
716	203	47	83
719	203	44	83
723	201	42	83
727	201	40	83
731	201	39	83
734	200	39	82
735	200	39	83
737	200	39	83
739	199	39	82
741	198	39	82
743	197	39	82
744	197	39	83
746	196	39	83
749	194	38	83
752	193	38	84
753	191	37	84
754	191	37	84
755	190	37	84
757	189	37	85
758	187	37	85
760	186	37	85
760	186	36	85
761	185	36	85
762	183	36	85
763	182	36	85
763	180	36	86
763	181	35	85
764	179	35	86
763	179	35	86
764	177	35	86
764	175	34	85
764	176	34	85
764	175	34	85
763	173	34	85
762	172	34	85
761	171	34	85
761	170	34	85
760	170	34	85
759	169	33	85
757	167	33	85
756	166	33	85
756	166	33	85
754	164	33	85
754	164	33	86
752	162	33	86
750	161	33	86
750	161	34	86
747	161	34	86
747	160	34	87
744	159	34	86
744	159	34	86
743	158	34	86
741	159	34	86
740	158	34	86
739	157	34	86
737	157	34	86
737	157	34	86
734	157	34	86
733	157	34	86
730	158	34	86
728	159	33	85
727	157	33	85
724	158	34	85
722	158	34	85
718	160	34	86
715	159	34	86
715	160	35	86
711	160	35	86
707	162	35	86
703	163	34	86
700	164	35	86
700	164	35	87
695	165	35	87
691	167	35	87
687	168	35	87
682	169	35	86
683	170	35	86
676	171	36	86
672	173	37	86
667	175	36	86
660	178	37	85
660	176	37	85
655	180	38	84
649	180	37	84
645	184	38	83
640	183	37	83
640	180	37	85
635	185	37	84
630	183	37	85
623	185	37	86
618	185	37	86
618	183	38	86
614	186	38	87
608	186	38	88
602	188	39	88
596	189	39	89
597	188	39	89
590	190	40	89
585	191	40	90
581	193	39	90
576	193	39	90
576	192	39	91
572	194	40	91
569	195	40	91
566	197	41	91
563	199	41	91
563	198	41	90
559	201	41	90
557	203	43	90
554	206	43	90
551	209	43	89
551	213	43	86
548	215	43	86
545	219	44	84
542	222	45	83
539	222	45	84
539	223	45	84
536	225	45	84
531	225	45	84
528	229	45	83
526	228	44	84
526	225	43	86
524	225	41	87
521	225	40	89
518	227	40	90
515	228	40	90
514	228	41	90
510	228	41	90
506	234	42	88
504	235	42	88
501	238	42	87
502	239	42	86
497	241	43	85
494	242	43	84
490	244	43	85
491	239	42	87
486	241	42	87
484	240	42	89
482	242	42	89
478	245	43	88
479	243	43	89
475	244	43	90
473	244	43	90
472	247	43	89
470	249	43	88
470	250	43	87
465	253	44	87
466	257	45	88
462	257	46	89
461	258	46	91
461	258	47	92
458	258	46	94
453	259	45	93
451	261	45	91
438	268	50	88
435	271	55	85
443	267	52	88
435	268	54	89
436	267	52	93
425	268	57	92
428	266	58	92
420	267	61	90
418	270	63	89
418	270	64	90
426	268	59	93
420	269	60	94
427	267	56	97
426	264	53	98
417	263	55	95
413	265	58	92
414	266	58	91
409	275	61	87
414	269	57	90
416	267	54	93
416	266	51	97
417	264	50	99
414	263	50	99
411	261	51	97
409	263	52	96
407	267	54	93
406	266	55	93
404	273	57	90
403	270	57	91
404	265	55	94
402	261	54	96
402	261	54	96
399	262	54	96
395	264	55	95
393	261	56	95
390	259	57	96
391	260	57	97
386	259	58	97
384	259	60	97
385	259	60	97
383	259	61	96
382	259	62	96
382	260	63	95
382	260	64	95
380	260	65	95
381	258	65	97
380	257	65	98
383	256	63	98
384	256	62	97
388	258	60	96
390	260	60	95
390	259	59	94
393	258	59	95
395	259	59	95
398	259	59	95
400	260	59	94
400	261	59	92
403	262	59	91
407	264	58	90
411	265	57	90
414	266	56	92
414	267	57	92
416	266	57	93
416	267	58	91
417	264	58	90
417	269	58	88
418	267	58	88
417	268	59	88
414	269	62	87
414	266	63	90
412	265	65	92
412	263	66	94
412	267	67	92
412	269	68	91
412	266	69	92
413	265	70	94
413	266	70	95
413	268	71	94
416	266	70	94
419	273	71	93
423	270	68	93
425	274	67	92
429	278	66	90
433	280	64	89
435	282	63	87
437	284	63	86
437	286	63	85
438	288	64	83
441	290	64	82
442	293	64	81
445	294	65	80
445	295	65	79
448	296	65	79
449	298	65	78
451	299	65	79
454	298	64	79
455	299	64	79
456	300	64	79
459	299	63	80
461	300	63	81
464	300	63	81
464	302	64	81
465	302	64	81
467	303	64	81
469	303	64	82
471	302	64	83
471	302	64	83
472	303	64	83
474	301	64	86
476	302	64	86
477	303	64	86
476	302	64	87
476	302	64	87
478	304	64	87
479	306	65	87
480	305	65	86
480	306	66	86
482	304	66	88
485	302	65	89
488	299	65	92
492	301	64	93
492	304	64	91
497	304	63	90
502	305	62	88
507	306	62	86
511	307	62	85
512	310	62	83
516	308	62	83
520	309	62	82
525	310	62	81
529	309	62	82
530	308	62	82
533	309	62	81
537	310	63	81
540	310	63	81
544	310	63	81
544	308	62	81
547	308	63	82
552	309	64	82
556	309	64	82
560	309	65	83
560	308	65	83
564	312	65	82
569	312	65	81
574	313	65	80
579	313	65	80
576	309	61	82
584	311	62	82
589	313	63	80
594	313	63	80
598	311	63	82
598	312	63	81
603	308	62	84
607	306	61	85
611	303	60	88
616	305	60	88
617	308	61	87
620	307	62	87
624	305	62	88
627	301	61	91
631	294	61	95
631	293	61	97
637	291	60	99
642	291	59	100
647	291	58	100
651	292	57	100
651	291	57	100
656	296	57	99
658	297	58	98
665	293	58	97
669	297	58	95
670	299	59	93
673	302	59	90
677	301	59	89
681	304	59	87
687	305	60	86
686	309	60	83
691	307	61	82
696	308	61	81
699	308	61	81
705	305	61	82
704	308	62	81
710	305	61	82
713	306	61	82
719	307	60	83
723	305	60	83
723	309	60	82
728	308	60	81
733	307	59	81
737	309	60	80
742	310	62	79
741	313	64	77
743	311	63	77
748	310	63	77
753	309	62	78
756	310	62	78
758	311	61	78
761	311	61	77
764	312	62	76
767	313	62	76
771	313	62	75
772	313	61	75
776	314	61	75
779	312	61	75
784	311	60	76
788	312	59	76
791	311	57	77
794	310	56	77
798	309	56	77
801	309	55	77
805	311	54	76
803	312	55	75
807	310	54	76
811	309	53	77
813	309	52	76
817	311	52	76
816	312	51	75
819	312	51	74
820	314	51	73
823	312	51	73
826	313	50	73
826	311	49	74
828	312	49	74
830	312	49	73
832	310	48	74
833	312	48	73
833	313	48	73
835	313	48	72
837	312	47	72
836	313	47	71
837	313	47	71
837	312	47	71
836	313	47	70
834	311	47	71
833	311	47	71
834	311	46	72
832	310	46	72
828	310	47	71
827	311	46	70
823	307	46	71
824	307	46	72
818	309	46	72
818	302	45	75
813	302	45	76
812	293	44	80
812	289	43	84
805	294	44	84
803	289	44	86
795	294	45	85
792	286	44	88
793	283	43	90
787	286	43	89
783	285	43	89
778	284	43	88
774	280	42	89
774	280	41	89
769	281	42	89
767	277	42	90
764	279	42	90
760	279	42	89
761	278	42	89
758	280	43	87
753	281	44	86
753	276	43	88
749	277	43	88
751	272	42	90
748	275	42	89
747	272	42	89
743	276	44	87
743	271	42	89
743	270	42	90
741	271	42	89
737	270	43	89
734	270	44	89
733	270	44	90
733	268	44	91
728	270	45	89
728	264	45	89
726	266	45	90
721	265	46	89
723	266	46	90
718	265	47	90
715	264	48	90
714	264	48	89
711	263	48	88
712	264	47	88
709	263	48	88
706	263	47	87
704	262	47	87
701	265	48	85
700	263	48	85
696	265	49	83
694	261	49	84
691	265	49	83
690	265	49	83
691	264	49	84
685	268	50	82
684	270	49	82
680	270	49	82
677	268	49	82
678	264	48	85
675	264	48	85
672	264	48	85
669	265	48	84
666	263	48	84
666	265	48	84
662	262	48	84
657	267	49	82
654	265	49	82
652	265	49	82
651	266	49	81
648	264	49	81
644	268	49	80
639	265	50	80
637	269	50	80
637	269	50	80
632	266	50	80
629	272	50	80
625	266	50	79
622	272	50	79
622	265	50	79
620	270	50	79
616	272	50	79
612	270	50	79
609	270	50	80
609	272	50	80
605	270	50	80
602	271	50	80
600	268	49	81
597	269	49	81
597	271	49	81
593	271	49	81
590	273	49	81
587	276	49	81
583	277	49	80
584	274	49	81
580	278	49	80
578	279	50	80
574	278	50	80
570	279	50	80
572	282	51	79
568	283	51	78
565	283	51	79
562	284	52	78
558	285	52	78
558	285	51	78
554	287	52	77
550	288	52	76
547	287	51	77
543	287	51	78
544	286	51	78
540	289	50	78
536	285	49	80
533	284	48	81
528	285	48	81
530	288	48	80
525	282	47	83
520	283	48	84
518	278	47	87
514	280	47	88
515	282	47	88
511	278	47	90
508	283	48	90
504	287	49	88
502	286	49	87
501	288	50	87
499	290	51	86
496	295	52	83
494	301	53	80
493	305	54	77
493	301	55	78
492	306	56	76
492	309	56	75
492	309	57	75
493	311	58	74
493	311	58	74
493	314	59	73
493	315	59	73
493	319	60	72
492	319	61	72
492	318	62	72
493	322	62	71
493	323	63	71
494	324	63	71
494	327	64	70
494	325	64	71
495	331	64	69
495	330	64	70
496	332	65	70
495	332	65	71
496	331	66	71
495	332	66	72
495	335	66	71
492	335	66	71
490	335	66	72
490	335	66	73
488	333	66	75
486	336	65	75
483	337	66	76
480	336	65	78
481	337	66	77
477	336	66	79
475	340	67	79
471	338	67	80
470	343	67	79
470	341	68	79
469	345	68	78
466	344	68	78
465	347	69	77
463	351	70	76
462	350	70	76
460	348	68	77
458	350	67	79
458	352	68	78
457	350	67	80
456	351	67	81
456	350	66	82
454	345	64	86
455	350	64	85
455	346	64	88
455	344	63	90
455	346	62	91
453	345	61	92
455	347	61	92
455	350	60	92
455	351	61	90
455	349	60	92
458	349	58	93
463	351	57	93
465	351	55	93
465	350	55	94
467	351	55	93
467	353	56	93
467	355	56	93
468	355	58	92
467	355	58	92
463	358	60	91
463	367	65	87
458	371	70	84
453	373	73	81
451	374	76	79
448	375	77	79
443	379	79	77
437	382	79	75
430	374	76	79
432	373	76	81
427	376	77	82
423	375	77	82
417	376	77	83
411	376	77	84
411	377	78	83
405	380	79	82
396	373	75	85
395	385	78	81
387	382	78	81
390	390	82	77
379	375	77	84
379	383	80	83
369	377	77	87
368	383	78	85
367	380	76	85
364	386	78	83
360	386	78	82
354	379	75	85
352	392	78	81
351	391	79	80
344	381	74	84
345	389	76	83
344	386	77	84
344	389	80	84
343	385	81	86
344	392	87	84
340	390	87	85
336	382	83	90
338	391	83	89
335	384	80	91
336	388	80	92
334	384	77	94
334	383	75	97
330	382	70	99
335	382	70	100
332	382	70	102
330	381	68	103
337	396	75	96
333	398	79	92
333	404	83	86
328	393	78	91
336	403	80	87
330	390	75	92
334	399	75	90
336	392	75	91
341	403	79	86
340	405	81	82
343	405	81	79
343	408	83	76
352	408	83	74
363	404	83	73
374	403	82	73
386	402	82	71
386	403	82	70
399	402	82	68
413	402	83	67
427	401	83	65
440	397	83	64
440	398	84	63
453	395	84	64
466	394	84	64
479	393	84	63
490	391	85	63
490	391	85	62
502	388	86	63
511	387	87	63
512	383	85	64
516	381	86	64
516	380	85	65
517	380	87	65
517	378	88	65
516	375	88	66
516	373	89	66
516	372	89	67
517	369	89	68
517	367	89	69
518	366	89	69
518	361	88	70
518	361	88	71
519	358	87	71
521	358	87	70
522	353	87	70
526	349	89	70
526	349	89	70
534	344	89	70
538	338	89	72
543	333	90	72
547	329	90	73
547	329	90	73
551	323	90	73
555	318	90	75
555	307	88	80
558	303	88	81
558	304	88	81
559	301	88	80
560	294	86	82
563	294	87	80
560	284	82	82
567	289	83	81
566	285	83	80
569	283	85	79
570	281	86	77
570	278	87	76
571	278	88	76
572	276	88	74
573	267	88	77
575	268	88	75
576	253	87	80
576	256	87	80
579	254	88	80
582	247	88	82
587	239	88	84
593	235	88	85
593	238	88	84
595	238	89	82
599	234	89	81
603	233	89	80
606	227	89	82
607	225	89	84
608	222	88	86
611	218	88	88
614	221	87	89
615	220	87	89
615	221	87	88
616	220	87	89
618	218	87	90
621	217	86	91
624	217	85	91
624	218	85	91
626	218	85	91
627	220	85	90
630	221	85	89
632	220	85	89
633	220	85	89
634	222	84	88
636	222	84	87
638	219	83	89
641	220	84	89
640	218	83	91
644	219	84	91
645	214	84	93
648	213	83	95
651	211	83	97
651	215	84	96
654	208	84	99
657	209	85	99
661	204	84	101
664	203	84	102
664	207	84	101
666	203	84	102
667	202	84	103
669	200	83	104
670	199	82	104
670	202	83	103
670	198	82	105
672	196	81	106
673	196	81	106
673	195	80	106
673	194	80	105
672	194	80	105
669	195	79	103
665	195	79	102
662	193	79	103
662	191	79	103
659	192	79	103
655	190	79	103
653	188	78	103
648	187	78	103
648	187	78	103
646	186	78	103
642	186	78	102
640	184	79	103
637	185	80	100
637	185	80	100
636	182	80	101
637	181	79	100
636	181	79	99
635	180	79	99
636	180	79	98
636	179	79	98
636	178	79	97
636	177	78	97
636	175	78	96
637	176	77	96
636	174	77	96
636	174	77	95
635	173	77	94
633	173	77	93
634	173	76	92
632	173	76	91
630	172	75	90
628	171	75	90
625	171	75	89
626	170	75	88
623	170	75	88
621	170	74	87
620	169	74	87
617	170	74	86
617	169	74	86
614	171	74	85
613	171	74	84
610	171	74	83
609	169	74	83
609	169	73	83
607	170	73	82
603	171	73	82
602	170	73	82
599	172	73	81
601	171	72	81
598	170	72	81
596	170	71	81
594	170	71	81
592	171	70	81
593	170	69	82
591	172	69	81
590	172	67	81
587	174	65	81
585	176	64	81
586	173	62	83
585	175	61	83
583	173	59	85
580	176	58	86
579	175	56	87
580	174	55	88
577	176	54	89
574	177	52	89
572	178	50	90
571	180	49	89
571	180	49	89
569	181	49	89
567	184	48	88
565	184	49	89
563	186	49	88
563	186	49	88
561	187	49	88
559	189	50	87
557	190	50	87
555	192	51	87
554	192	51	87
553	193	52	87
552	194	52	86
551	195	53	87
550	196	53	86
550	196	54	86
549	197	54	86
548	200	55	86
547	200	55	86
547	202	55	85
547	201	55	85
545	202	55	85
545	202	54	85
545	204	54	85
544	205	54	84
544	205	54	83
546	205	54	83
546	206	53	83
546	207	53	83
547	207	52	82
547	207	52	82
548	207	51	82
549	207	51	83
550	207	50	83
551	207	49	83
551	207	48	83
553	208	48	83
556	209	48	82
557	210	48	81
561	211	49	80
560	211	49	80
562	215	50	78
565	214	50	78
568	216	51	77
572	215	51	77
572	215	51	77
575	215	51	78
578	216	50	78
581	216	50	78
584	215	49	79
583	215	49	79
587	216	48	79
588	216	47	79
591	216	46	79
591	218	45	78
592	218	45	78
594	219	44	78
594	220	44	78
596	221	44	78
595	220	44	79
595	221	43	79
596	222	43	79
597	221	43	80
597	223	44	79
597	223	44	80
597	223	45	79
597	224	46	79
598	225	47	78
599	225	48	78
599	225	48	78
600	226	48	78
602	226	47	78
603	227	47	78
604	228	46	78
605	227	46	78
607	229	45	78
609	229	45	78
611	228	44	78
614	228	43	79
613	228	44	79
616	228	43	79
616	229	43	79
617	230	42	78
618	231	43	78
617	231	44	77
619	231	45	77
619	231	47	77
621	231	47	77
623	231	48	77
623	231	48	77
626	231	48	77
628	230	49	77
631	232	49	77
635	231	50	76
634	232	51	76
637	233	51	75
642	232	50	75
645	233	50	75
649	233	48	75
649	232	48	75
653	233	46	75
655	234	45	75
657	236	44	74
658	237	44	73
657	237	44	73
660	238	44	72
661	239	44	72
663	241	44	71
665	243	44	70
664	242	44	70
667	244	44	69
669	244	44	69
671	244	44	69
671	245	43	69
672	244	43	69
675	246	43	70
676	245	43	70
679	246	42	70
681	246	42	70
680	246	42	70
683	246	43	71
684	246	43	72
685	245	45	73
687	245	46	74
687	246	47	74
689	244	47	75
690	244	48	75
692	243	47	76
694	243	46	77
693	242	45	78
696	243	45	78
698	243	44	79
700	243	43	79
701	242	43	81
702	242	42	81
703	242	42	82
705	242	42	82
706	244	43	82
707	243	43	82
707	243	43	82
709	244	43	82
709	244	43	82
711	245	44	82
712	245	44	82
712	245	44	82
713	245	44	83
714	245	45	83
717	245	44	84
718	245	44	85
718	245	44	85
720	245	43	86
721	246	42	86
721	245	41	86
724	246	42	86
723	246	42	86
725	246	42	86
727	246	44	85
728	246	45	86
730	247	45	86
730	247	46	86
730	247	46	86
733	247	46	86
736	247	45	87
737	247	44	87
738	247	43	87
739	247	43	88
741	247	42	88
742	247	42	89
744	248	41	90
744	248	41	90
745	247	40	90
746	248	40	90
747	248	41	90
747	248	41	90
747	249	42	90
748	249	43	89
750	249	44	90
750	250	44	90
752	250	44	89
751	251	44	89
752	250	44	89
754	251	43	89
756	251	43	90
756	250	43	91
757	251	43	91
758	250	42	92
759	250	42	92
761	250	41	92
761	251	41	92
761	250	42	92
762	251	42	92
762	251	43	92
763	252	44	92
763	252	45	91
764	252	46	91
765	252	46	91
767	253	46	91
768	253	46	91
770	253	46	91
770	253	46	92
771	253	46	92
772	253	45	93
774	253	44	93
775	254	44	94
776	253	43	95
777	253	44	94
777	253	45	94
778	254	46	94
779	256	47	94
778	256	47	93
780	257	47	93
781	259	47	92
784	260	47	90
785	260	46	90
785	261	45	89
787	261	45	89
789	261	44	90
790	260	43	90
792	261	43	90
793	261	42	90
794	261	42	91
794	261	42	92
793	262	42	92
794	262	42	92
794	262	43	92
793	262	43	92
793	263	43	92
793	263	43	93
793	263	43	93
792	263	42	94
792	264	42	94
791	265	42	94
791	265	42	94
789	265	42	94
790	265	42	94
788	266	42	94
786	267	43	93
785	267	43	93
784	267	44	93
785	268	44	93
784	268	45	93
783	270	46	93
782	270	46	93
781	270	46	93
781	270	46	93
780	270	45	94
779	271	45	94
779	271	44	95
778	271	44	95
778	271	43	96
778	271	43	96
776	272	42	96
776	273	43	96
775	273	43	97
775	273	43	97
774	274	43	96
773	275	43	96
772	275	44	96
771	276	44	96
771	276	44	96
770	277	44	96
769	277	45	96
769	279	45	96
769	279	44	96
769	279	44	96
768	280	43	96
767	280	43	96
766	280	42	97
765	282	42	97
765	281	42	97
765	282	42	98
764	283	42	98
763	284	42	98
763	284	42	98
763	285	42	98
763	285	42	98
763	286	43	98
764	287	42	98
763	288	42	98
763	288	42	98
764	290	42	97
763	290	41	98
762	292	41	98
762	292	41	99
762	291	41	99
762	294	41	99
760	295	43	98
759	296	44	99
761	295	43	100
761	295	43	100
762	295	43	100
761	297	43	100
762	298	43	100
762	299	42	100
761	300	42	100
762	299	42	101
762	301	42	101
762	301	42	101
762	303	42	102
762	302	42	102
762	304	43	102
763	305	43	102
763	305	44	102
763	305	44	103
763	305	44	103
764	305	44	103
764	306	44	103
766	307	43	104
766	307	43	103
766	307	43	104
766	308	43	104
766	308	43	104
766	309	44	104
767	309	44	104
767	310	45	104
767	310	45	104
767	310	46	104
766	310	46	105
766	310	45	105
766	311	45	105
767	312	44	105
768	312	43	105
768	312	42	106
768	312	42	106
768	311	42	106
768	310	42	106
768	312	43	105
767	312	43	105
766	312	43	105
766	312	43	105
765	312	42	106
765	312	43	106
764	311	43	106
765	311	42	106
766	311	42	106
765	310	42	106
765	310	41	107
765	308	41	107
765	308	41	108
763	306	40	108
762	305	40	110
762	303	40	111
760	304	39	111
760	303	40	111
759	303	39	111
760	303	40	112
759	302	40	111
759	301	40	111
759	301	40	112
758	301	40	112
757	301	40	112
757	301	41	111
757	302	41	110
757	303	41	110
757	302	42	109
755	304	43	108
754	302	43	107
753	304	43	106
753	303	43	107
753	301	43	107
753	300	43	107
752	300	43	108
752	299	42	108
752	298	42	109
752	297	42	109
751	297	42	109
751	297	42	109
751	297	42	108
751	298	42	107
750	299	42	106
751	300	42	105
751	298	42	106
752	299	43	105
752	297	42	106
752	296	42	106
753	294	42	106
754	295	42	106
754	293	42	106
754	293	42	106
755	292	42	106
757	291	42	105
757	290	42	106
759	290	42	105
760	290	42	105
760	288	41	106
761	286	42	106
762	285	42	106
764	283	41	106
764	283	41	107
765	282	41	107
766	281	41	107
768	279	41	108
769	278	41	107
769	278	41	107
770	277	41	107
772	277	41	107
774	276	41	107
775	274	41	107
775	274	40	107
777	273	40	107
777	272	41	106
779	271	41	107
780	269	41	107
779	269	41	107
781	268	41	106
783	268	41	106
783	267	42	105
785	266	42	105
785	267	42	105
786	266	42	104
787	265	42	104
788	265	42	103
790	265	42	102
788	265	42	101
790	265	42	102
789	264	42	101
789	263	42	101
790	262	43	100
789	263	44	100
789	262	44	99
789	261	44	98
788	260	43	98
787	261	44	97
787	260	44	97
787	259	44	97
786	259	44	98
786	258	44	98
785	257	43	98
785	257	43	97
785	257	43	97
784	256	42	97
783	256	42	97
782	255	42	97
782	256	42	96
781	257	43	95
779	257	43	95
777	257	43	94
777	256	43	93
776	257	44	93
774	256	43	92
772	255	43	91
771	254	44	91
769	254	44	92
769	254	44	92
768	252	43	93
766	250	43	94
765	249	43	95
763	248	42	95
763	248	42	96
762	247	42	97
760	246	42	97
759	244	42	97
757	243	42	99
756	243	41	100
756	242	41	101
755	243	42	102
753	241	42	102
752	241	41	102
752	240	41	103
751	240	41	103
749	239	41	102
747	239	42	103
745	239	42	103
745	239	41	103
743	238	42	103
742	237	42	103
742	237	41	103
741	238	42	102
740	238	41	102
739	238	41	102
738	239	41	103
737	237	41	103
735	237	40	103
735	236	40	103
733	237	41	102
730	238	41	102
730	238	41	102
728	238	41	102
729	237	41	102
727	238	40	102
726	237	40	103
725	238	40	103
723	238	40	103
723	238	40	103
721	237	40	103
720	236	40	103
719	236	40	104
717	236	40	104
718	236	40	105
716	235	41	105
713	235	41	105
711	235	41	105
710	234	41	105
710	235	41	105
708	235	41	105
706	235	41	105
705	235	41	105
703	236	41	105
703	235	41	106
702	235	40	106
699	236	40	105
698	236	41	105
696	236	40	104
696	237	41	104
694	236	40	104
692	236	40	104
690	236	41	103
689	238	41	104
688	238	41	105
686	238	41	106
685	238	41	106
683	238	41	106
681	236	41	106
681	237	41	107
678	236	41	107
677	236	42	107
675	235	41	106
673	236	41	106
673	237	42	107
670	236	41	107
669	236	41	109
669	235	41	110
668	234	41	110
667	234	41	110
667	233	40	110
666	233	40	110
665	233	40	110
665	231	40	109
665	230	40	108
664	230	40	107
662	229	41	105
662	230	41	105
661	229	41	105
661	230	41	105
661	229	41	105
660	229	41	105
659	228	41	106
658	228	41	107
658	228	41	108
658	227	41	109
658	226	41	109
658	225	41	109
658	225	41	109
658	225	41	109
658	225	40	110
657	225	41	110
658	225	40	110
658	225	40	110
657	224	40	110
658	223	40	110
658	225	41	111
658	224	41	111
658	225	41	111
658	224	41	111
658	224	41	112
658	224	41	112
659	224	41	113
658	224	41	112
659	225	42	114
659	225	42	114
660	226	42	114
660	225	42	114
659	225	42	114
660	226	42	115
660	227	42	114
661	227	42	114
661	228	42	114
661	228	42	114
662	228	41	114
662	230	41	114
662	231	41	114
662	232	41	114
663	232	41	114
663	233	41	115
663	234	41	115
663	235	41	115
664	237	42	116
663	236	42	116
665	237	42	116
665	238	42	116
665	240	42	116
667	241	42	116
666	241	42	116
666	243	43	116
668	244	43	117
668	245	43	117
668	246	44	117
668	247	44	118
669	248	44	118
670	250	44	119
670	251	44	119
671	253	43	119
671	253	44	119
672	255	44	119
671	257	44	120
672	259	44	121
672	260	44	121
673	261	44	121
673	262	44	122
673	265	44	122
675	267	44	123
675	270	45	123
674	270	45	123
674	272	45	123
675	275	46	123
675	278	47	123
674	281	47	123
675	281	48	123
675	283	48	123
674	286	48	123
675	288	48	123
674	290	47	124
675	289	47	125
675	292	48	125
675	295	48	126
676	298	48	126
675	302	48	126
675	301	48	126
675	306	48	126
675	309	48	125
674	312	48	124
673	317	49	124
673	316	50	124
671	321	50	122
671	325	51	123
667	329	52	122
667	334	52	122
666	332	52	122
664	337	52	122
663	338	52	121
661	342	53	120
658	345	53	120
658	345	53	121
654	348	53	123
652	352	53	125
648	355	53	125
646	359	54	126
646	358	55	127
642	361	55	128
640	363	54	129
637	367	54	130
633	370	54	131
634	369	55	132
629	373	55	132
627	375	55	132
625	378	55	132
621	382	55	131
621	381	56	132
618	384	56	132
616	387	57	132
612	390	58	132
608	392	59	131
608	392	60	131
604	396	60	131
601	399	60	131
597	403	61	131
594	405	61	133
594	403	61	134
590	406	61	135
587	410	61	136
582	411	62	137
579	415	62	139
580	413	62	141
577	415	62	140
574	419	62	142
572	422	62	144
571	424	62	145
571	423	63	145
568	426	63	146
568	428	63	146
566	429	64	146
564	430	65	147
565	431	66	147
561	431	68	148
560	432	70	148
559	432	73	149
557	433	76	149
557	433	78	150
555	432	81	151
553	432	85	151
552	431	88	151
553	431	92	151
551	431	94	152
553	430	96	154
552	429	100	154
553	429	104	156
552	426	109	155
551	425	112	156
553	422	116	156
557	419	120	154
560	417	125	153
566	414	129	152
563	416	132	151
570	410	134	151
577	407	135	151
582	403	136	152
588	398	136	153
588	400	137	152
594	392	136	154
601	384	133	157
606	377	129	158
612	369	124	161
613	371	124	162
617	363	120	163
621	355	116	164
624	349	113	164
623	343	110	164
624	344	108	163
623	339	107	160
621	336	106	157
622	328	104	156
621	324	103	155
623	325	101	154
623	317	100	154
624	311	98	155
625	306	97	154
626	302	96	153
628	305	94	151
629	300	93	151
632	295	91	150
635	293	89	149
638	292	87	146
640	293	87	144
643	292	85	141
647	292	84	138
651	290	82	134
654	288	80	131
655	288	79	129
660	286	78	127
664	281	77	126
668	276	75	127
673	274	74	127
673	278	72	125
678	271	71	124
683	272	70	122
687	267	68	122
690	264	66	122
691	265	66	121
694	263	64	120
697	258	63	120
700	255	62	121
703	248	61	124
704	244	60	127
705	240	60	129
707	237	59	131
710	235	59	131
712	235	58	131
712	233	58	132
715	231	58	132
717	233	58	131
721	229	58	132
722	228	59	131
723	227	59	132
725	226	59	132
727	224	60	132
730	221	60	132
733	220	60	131
733	222	60	130
736	220	60	129
739	219	59	128
741	220	58	126
744	219	57	125
745	218	56	124
747	217	55	123
749	216	54	122
752	215	53	121
755	214	52	120
755	214	52	119
758	213	51	118
760	212	51	118
763	210	50	118
763	208	48	118
764	208	48	118
766	207	47	118
767	206	47	118
768	205	47	119
768	204	47	119
769	204	47	119
770	203	47	119
770	204	47	120
771	204	47	120
771	203	47	120
772	203	47	120
772	203	47	119
773	202	46	119
773	201	46	119
774	202	45	119
775	201	44	119
775	200	44	118
774	199	44	118
774	199	44	117
774	197	44	117
774	197	44	116
774	196	44	117
774	195	45	117
774	193	45	118
774	191	45	119
774	191	45	119
774	190	45	119
773	189	45	120
773	189	45	119
773	188	45	119
773	189	44	119
772	189	44	118
771	193	44	115
770	192	45	114
767	193	45	111
768	195	46	109
764	194	46	108
763	193	47	107
762	195	47	105
761	195	47	104
759	194	47	102
758	190	47	103
758	189	47	103
757	188	47	103
757	189	47	102
756	187	47	102
756	188	47	101
756	184	47	103
754	180	47	104
754	179	47	105
753	178	48	106
753	177	48	106
751	177	49	105
749	175	50	106
748	175	51	105
746	174	51	105
744	173	51	105
742	171	51	105
740	170	51	104
741	170	50	104
737	168	50	104
735	167	49	104
733	165	49	104
731	165	49	104
731	164	49	104
729	162	48	104
728	160	48	105
726	158	48	105
726	157	48	106
726	158	48	106
725	157	48	106
725	158	48	105
723	158	48	104
722	158	48	103
722	159	48	102
719	160	48	100
720	157	48	101
718	159	48	99
717	155	48	100
718	156	48	99
716	153	47	101
717	155	47	100
716	156	47	99
718	154	48	100
717	151	47	101
718	156	48	99
718	156	48	99
716	157	49	98
716	158	50	97
716	160	51	95
713	166	52	92
712	169	53	88
711	170	54	86
709	171	55	84
710	172	55	84
709	172	55	83
708	171	54	83
707	171	54	84
705	169	53	85
707	168	52	86
706	168	51	87
705	167	50	89
703	167	50	89
703	164	49	92
703	164	49	93
700	168	49	91
698	169	49	91
695	168	49	91
694	167	49	92
695	165	48	94
691	165	48	94
691	161	47	96
690	161	46	96
691	159	45	97
691	159	45	98
692	159	44	99
691	159	44	98
692	162	43	97
692	164	42	96
692	165	42	95
693	166	42	94
693	167	42	93
692	168	43	92
692	168	43	91
693	169	44	91
693	168	44	90
691	168	44	90
691	167	43	90
689	166	43	91
691	166	43	91
690	165	42	92
690	164	42	93
689	163	42	94
688	162	42	95
689	161	43	96
688	161	43	97
687	161	43	98
686	161	43	99
686	161	43	99
685	161	44	99
685	161	44	99
685	161	44	98
685	163	44	98
685	162	45	97
685	163	45	97
688	163	45	96
690	164	44	96
693	167	43	94
696	167	43	94
696	167	42	94
698	167	42	94
700	168	42	93
702	169	42	93
704	169	43	93
704	169	43	93
704	170	43	92
704	171	43	92
704	170	43	92
703	171	43	91
703	171	43	91
703	170	43	92
702	170	43	93
703	170	44	93
701	171	44	93
703	170	45	94
701	170	45	95
702	171	46	95
700	171	46	95
702	173	46	94
700	173	46	94
701	172	46	94
700	174	46	94
700	173	45	96
698	174	45	96
699	173	45	96
699	176	44	95
699	175	44	96
698	178	43	96
697	179	43	97
698	178	43	97
696	180	43	98
694	180	43	99
693	183	44	99
691	187	45	98
692	185	46	99
689	190	46	98
688	191	46	97
688	194	47	98
687	194	46	99
687	193	46	100
686	194	46	101
687	197	45	101
685	197	45	101
686	199	44	102
685	199	44	102
685	202	44	101
684	204	44	101
686	210	45	99
686	206	45	100
686	208	44	101
686	208	45	101
686	207	45	103
686	208	46	103
687	205	46	105
686	206	46	105
686	204	46	106
685	209	46	104
685	209	47	104
684	209	48	103
685	210	48	102
683	207	48	104
684	208	48	105
684	209	49	104
684	208	49	105
684	209	49	105
685	207	49	106
685	205	49	108
686	204	49	109
688	204	49	109
688	203	49	110
688	204	48	110
689	204	47	110
690	205	47	110
692	204	48	111
692	204	48	112
693	203	48	113
694	201	49	113
696	200	49	113
697	199	50	113
698	200	50	114
699	198	50	115
701	197	50	116
703	196	50	117
705	197	51	116
704	197	51	117
706	199	52	115
708	199	53	115
707	201	54	113
709	200	56	113
708	200	57	113
711	199	59	113
711	198	60	113
714	200	61	112
717	200	61	111
714	197	60	113
719	201	60	110
722	201	59	109
723	202	59	107
728	201	59	108
727	202	59	108
731	202	60	107
732	198	61	110
736	197	61	112
738	195	61	114
737	190	60	118
742	193	61	118
743	189	60	121
746	190	60	121
749	193	61	121
749	190	61	122
752	192	61	121
755	192	61	122
759	196	61	120
761	194	61	120
759	192	61	122
765	192	62	122
767	190	63	123
770	190	63	124
773	190	62	125
772	190	62	126
777	191	63	126
780	191	64	127
785	191	66	126
786	195	67	125
787	192	70	125
788	197	71	125
794	192	75	125
795	196	79	125
795	197	81	125
800	195	83	126
794	196	85	127
799	195	85	128
794	196	84	130
793	198	84	130
799	197	86	130
795	199	87	130
794	201	89	131
796	202	92	130
794	202	94	131
792	203	95	132
789	204	91	134
792	204	89	135
793	205	87	135
792	204	85	136
798	210	89	133
791	210	87	134
794	214	89	132
791	211	87	133
794	215	88	131
789	213	84	132
789	213	82	133
788	213	79	134
786	215	76	134
787	212	74	135
787	215	73	134
784	219	72	132
781	221	72	132
780	226	73	130
779	225	72	129
777	229	72	127
772	230	72	126
769	227	71	128
766	230	71	128
766	230	71	127
763	230	70	128
759	231	70	128
758	232	71	128
754	232	71	128
755	234	72	127
751	229	72	129
748	231	72	128
745	234	73	128
742	232	74	130
741	234	74	129
740	236	74	129
739	239	74	130
737	238	73	131
735	241	73	132
734	239	73	133
733	241	72	133
730	244	72	133
727	243	72	134
725	247	71	134
725	245	71	136
721	249	71	135
719	252	72	135
715	257	72	134
712	260	74	133
711	259	75	134
708	260	76	135
705	265	77	135
702	270	79	134
699	275	80	133
699	277	81	131
695	281	82	130
692	283	82	129
691	287	81	129
688	289	81	129
688	286	81	129
686	289	82	129
683	293	83	129
680	297	84	128
678	300	86	128
677	299	87	128
674	301	89	130
671	304	90	131
666	306	92	132
664	306	93	135
664	305	94	137
658	307	95	138
655	309	95	140
651	312	95	141
649	314	93	141
651	313	93	143
648	316	91	144
646	318	90	145
644	320	90	147
643	323	89	148
642	323	89	150
643	325	89	151
641	327	89	153
640	330	89	154
640	334	88	154
639	334	88	154
640	333	88	156
642	333	88	160
642	340	89	160
644	346	90	160
643	342	90	162
646	347	92	163
646	349	93	165
645	350	94	167
646	336	95	175
647	324	94	185
647	324	95	194
647	322	96	201
646	320	97	206
644	322	98	210
645	319	100	214
643	321	102	217
641	328	103	217
639	325	106	220
637	344	108	215
636	345	111	213
635	347	112	212
637	346	114	214
635	356	116	210
634	370	116	202
636	379	116	193
636	383	116	188
637	386	115	185
638	387	115	184
641	391	115	181
640	390	115	181
643	394	115	179
648	393	116	180
649	395	118	179
652	398	121	178
651	397	123	177
654	398	124	178
656	400	126	178
657	400	129	178
658	399	131	178
656	398	132	177
657	400	134	179
656	400	137	179
657	400	139	180
658	403	141	181
657	400	144	182
658	405	146	182
661	405	148	182
664	405	150	184
662	401	153	187
662	402	156	189
663	399	156	190
669	398	155	193
678	394	152	197
685	395	148	200
687	391	145	202
695	391	142	203
702	386	140	206
711	387	137	208
720	386	135	207
721	386	134	207
726	382	134	207
733	382	135	208
741	379	137	208
745	378	139	207
744	377	141	207
749	376	143	206
757	378	145	204
757	381	149	198
765	378	149	197
761	379	150	196
761	378	153	195
757	377	159	194
755	380	163	192
751	381	168	191
750	381	170	191
749	385	173	188
745	385	176	187
743	393	180	186
740	389	182	187
738	387	184	187
735	393	183	187
729	386	184	187
721	391	185	186
713	385	187	187
709	386	188	188
698	385	191	186
680	386	197	184
663	384	202	184
647	387	207	181
654	373	203	188
629	385	208	184
614	386	212	181
593	384	215	179
573	383	218	178
584	367	212	186
557	375	216	184
532	378	221	180
508	378	226	176
488	374	227	173
486	376	226	171
467	375	227	171
448	375	228	170
433	373	228	170
420	369	227	172
420	372	225	172
412	367	225	172
405	366	224	172
402	363	224	172
399	358	221	171
400	361	219	169
396	353	218	170
393	346	217	171
385	342	219	171
381	337	220	169
380	342	222	165
374	332	222	166
370	326	223	166
366	323	227	164
361	319	231	162
363	317	231	163
359	315	234	160
357	310	233	159
353	309	236	156
350	307	240	152
347	306	240	151
339	299	242	151
337	297	241	153
332	285	241	156
328	280	241	157
328	276	239	159
322	272	239	160
318	268	242	159
312	262	242	158
307	256	240	157
310	259	239	155
304	251	240	156
299	247	240	156
297	241	241	155
294	235	241	155
294	233	240	155
293	230	240	154
293	225	241	155
292	223	241	153
290	217	243	151
293	217	247	151
291	210	246	154
291	206	245	155
294	202	244	156
295	198	241	159
298	198	240	159
297	197	237	160
301	198	235	158
303	196	232	159
309	192	233	160
307	189	230	163
307	180	226	168
319	181	230	169
320	181	230	170
325	177	230	169
323	171	228	172
332	170	226	173
337	173	227	169
336	179	228	164
335	180	231	161
341	174	228	162
344	171	227	162
347	172	226	159
353	175	230	156
351	176	233	154
351	175	233	153
356	173	232	154
358	173	230	154
361	170	229	156
363	172	229	156
367	164	229	159
369	157	228	166
373	157	228	168
376	157	227	169
376	158	226	169
381	158	224	169
383	164	224	166
383	167	224	163
384	169	223	162
385	170	223	159
384	167	223	161
382	169	223	160
379	163	222	164
376	159	223	169
374	156	224	173
370	152	222	176
369	148	221	180
367	138	220	188
362	121	215	201
365	118	213	209
370	114	214	215
372	117	215	218
366	116	216	218
361	121	215	218
363	120	216	218
354	124	217	217
347	127	216	216
342	128	215	216
336	129	214	216
338	129	217	217
330	129	216	217
331	128	220	217
327	130	221	217
326	134	224	216
323	133	224	216
321	133	222	215
318	133	221	215
316	136	218	214
316	135	215	216
314	135	213	217
313	135	212	220
306	134	209	223
305	134	206	226
303	134	204	229
305	134	205	231
305	137	207	231
304	136	209	232
306	137	213	232
305	138	213	233
305	139	214	233
301	139	213	233
304	141	213	233
300	145	211	232
297	145	214	232
295	146	217	232
293	147	220	233
291	146	221	234
289	158	221	229
288	152	220	233
287	149	217	236
291	148	215	239
293	149	213	242
300	151	215	244
306	148	216	246
307	148	218	248
306	146	218	249
308	147	216	251
308	147	211	252
313	144	209	251
316	143	209	251
321	143	210	251
327	142	211	250
327	144	214	247
337	144	220	244
334	145	222	242
333	147	224	239
337	147	224	235
338	147	223	232
341	147	222	230
341	149	222	228
344	145	219	228
347	146	215	228
354	144	214	229
358	142	212	231
355	142	211	232
362	140	209	234
364	138	210	236
369	135	209	238
372	131	210	240
371	131	211	242
378	129	215	243
376	126	214	243
379	122	213	244
379	120	211	245
379	120	208	246
383	121	208	246
383	120	206	246
393	119	210	246
395	118	217	245
392	117	220	245
393	118	222	243
395	118	228	241
393	115	226	240
394	119	224	236
391	120	221	233
394	120	217	231
395	122	216	227
403	123	219	225
401	123	218	222
401	123	218	221
404	125	219	219
407	124	218	219
405	122	217	219
405	121	212	219
406	120	210	219
410	118	208	220
413	118	205	222
418	115	204	224
421	113	201	227
423	111	202	228
424	112	203	229
425	110	201	230
429	112	200	229
432	111	199	227
431	112	197	227
438	113	196	226
441	115	197	222
445	121	198	217
449	122	196	214
451	122	197	211
452	126	195	206
459	128	197	202
462	127	198	201
466	129	201	198
464	128	201	197
469	129	202	196
469	126	203	196
470	124	200	197
478	122	202	197
474	121	201	197
481	118	200	198
484	115	199	200
490	113	200	202
495	112	201	204
494	111	201	206
500	109	201	207
504	107	199	209
510	105	198	210
514	105	198	212
515	105	198	212
519	106	198	212
523	107	198	211
528	107	197	212
532	106	195	211
532	108	194	211
537	108	193	211
540	107	194	210
546	108	193	208
553	107	194	207
551	108	194	205
556	108	193	206
559	107	193	206
564	105	192	206
569	103	189	208
569	101	189	210
574	102	188	211
579	101	189	212
580	99	188	213
586	99	185	214
582	100	181	214
589	98	178	214
595	97	176	214
598	97	175	214
604	96	177	214
601	95	177	214
608	95	176	214
606	93	173	215
610	90	172	216
608	90	169	217
612	88	170	217
612	88	171	216
614	90	170	214
617	88	169	214
621	86	167	214
623	89	170	212
621	85	169	213
628	82	170	214
628	79	169	215
633	76	168	216
634	77	169	215
638	78	172	216
638	69	173	218
638	70	174	219
643	70	173	219
644	67	176	218
645	66	177	218
647	69	178	216
650	67	179	215
654	67	179	214
654	66	179	213
658	63	178	213
661	61	175	213
665	61	172	213
671	56	170	214
667	54	169	214
674	56	168	213
676	51	163	215
680	65	159	212
685	71	158	211
685	64	156	211
688	71	155	209
688	66	154	206
697	64	155	205
698	68	155	202
696	67	154	201
703	67	155	198
702	70	155	196
708	84	157	188
708	68	158	189
710	86	161	183
712	71	159	187
719	70	157	188
721	81	158	184
725	90	158	179
722	93	158	174
729	95	157	171
732	93	156	172
736	85	151	177
744	96	149	171
741	89	146	174
751	95	144	171
755	98	142	170
761	104	142	166
763	102	139	165
765	104	138	164
769	106	137	161
771	101	136	164
775	92	134	170
775	98	135	171
778	98	136	169
781	102	137	167
783	92	136	172
787	101	138	167
785	98	140	166
788	92	138	168
793	95	139	166
797	93	140	165
801	101	144	159
798	95	144	160
804	94	145	161
805	95	145	160
808	86	143	164
814	99	145	160
812	83	143	166
817	86	141	167
822	85	141	167
826	84	139	168
832	85	137	168
833	82	136	170
839	81	133	172
846	94	133	166
850	81	129	170
859	79	124	173
859	77	120	175
866	78	118	175
870	76	116	176
876	79	113	175
882	78	110	175
883	77	108	175
888	77	106	175
894	76	106	174
896	75	108	173
901	74	108	173
901	73	109	173
906	72	109	174
910	72	110	174
914	69	111	174
916	69	113	172
915	68	115	172
917	70	117	169
919	67	120	168
920	68	122	165
922	68	124	162
921	67	124	161
924	66	125	158
927	67	124	157
933	63	122	158
940	59	119	159
940	62	118	159
946	58	117	160
954	57	114	161
960	54	112	161
968	54	110	163
968	60	110	160
975	53	108	162
982	51	106	164
989	51	105	164
997	51	104	164
997	56	104	162
1007	47	101	165
1013	50	100	164
1022	47	98	166
1031	43	96	169
1031	45	96	169
1035	43	98	171
1043	40	98	173
1055	37	96	175
1063	36	95	177
1062	37	95	178
1068	34	95	180
1075	33	96	182
1079	31	97	182
1087	30	97	181
1087	30	98	180
1093	28	98	179
1097	27	99	179
1102	26	99	178
1106	24	100	179
1105	22	101	179
1110	21	101	181
1113	19	102	181
1115	19	103	183
1118	15	103	185
1118	13	103	186
1121	11	103	185
1122	9	103	184
1124	8	103	183
1126	7	103	180
1126	12	103	178
1128	10	103	177
1131	9	102	176
1133	8	101	176
1134	6	100	175
1133	7	101	174
1133	10	101	173
1134	8	100	173
1134	9	100	172
1133	12	101	170
1134	12	99	170
1135	12	99	169
1136	15	98	168
1139	15	96	167
1139	14	95	168
1141	16	94	168
1137	19	95	165
1141	18	92	166
1141	18	91	167
1139	19	90	167
1140	19	89	168
1139	21	88	167
1138	21	87	168
1138	20	85	168
1137	22	83	167
1137	22	82	167
1137	23	80	167
1136	25	79	166
1134	27	77	165
1132	29	76	164
1132	26	76	165
1129	28	75	165
1126	28	75	165
1123	29	74	164
1118	30	74	163
1118	28	74	164
1114	29	75	163
1108	29	76	162
1101	30	77	161
1096	31	78	160
1096	32	79	159
1090	34	80	157
1083	34	81	157
1075	33	82	156
1068	36	83	155
1068	36	82	154
1061	35	83	154
1052	36	84	154
1045	35	82	154
1037	36	82	153
1039	38	79	152
1031	37	78	152
1024	37	76	152
1018	38	73	152
1012	39	69	152
1013	40	66	150
1004	42	65	149
996	43	63	148
988	44	63	147
982	45	62	146
982	42	62	146
974	42	61	146
966	43	60	145
958	42	60	145
949	42	61	144
951	39	60	145
940	42	61	143
936	42	60	143
931	41	59	143
926	42	58	142
927	40	57	142
919	42	57	141
915	41	57	141
907	42	56	141
902	41	56	140
903	38	56	140
896	37	55	140
890	37	54	139
884	37	52	139
880	38	51	137
879	40	50	136
873	42	51	133
868	43	51	130
860	40	51	130
854	43	51	128
853	41	51	129
847	41	51	129
841	43	52	128
835	38	51	129
828	40	51	130
829	38	51	130
822	40	51	129
816	35	51	130
809	34	51	131
806	31	50	132
805	31	49	132
802	29	49	133
796	29	49	133
791	27	49	134
787	26	49	134
788	27	49	134
782	26	50	134
778	25	49	133
776	25	49	133
773	25	49	131
772	25	49	131
771	24	48	131
769	24	48	130
767	24	48	128
766	22	47	128
766	23	47	128
763	23	46	126
758	22	46	125
753	22	46	125
750	22	47	125
749	23	47	125
745	20	47	125
741	19	47	124
738	19	47	124
734	17	47	124
734	16	47	125
730	17	47	124
725	17	47	124
722	15	46	124
718	15	46	124
718	14	46	124
715	15	46	124
710	15	46	123
706	14	47	123
703	13	47	123
703	12	47	123
700	11	47	122
696	11	47	122
691	11	48	121
688	11	47	120
688	11	48	120
685	10	47	120
682	10	47	119
677	10	47	119
674	10	46	119
674	10	46	118
671	10	46	118
667	11	46	117
664	10	46	117
659	10	47	117
658	10	47	117
656	11	47	116
653	10	47	117
650	8	47	116
648	9	47	115
648	8	47	115
646	10	47	114
643	10	46	114
642	10	46	113
640	10	45	113
640	10	45	113
638	10	44	113
637	12	45	113
633	13	45	112
632	14	45	112
631	13	45	113
629	14	46	112
626	15	46	112
624	15	46	111
624	16	46	111
622	16	46	110
619	15	45	109
618	16	45	109
615	17	45	108
615	17	45	108
613	17	45	108
610	18	45	107
608	18	45	107
606	17	45	108
605	17	45	108
602	18	45	107
601	17	45	108
597	17	45	108
594	18	45	108
595	18	46	108
592	18	45	108
590	19	45	108
588	18	45	108
586	19	45	107
586	19	45	107
583	20	45	107
582	19	44	108
580	18	44	108
577	20	45	107
577	18	45	107
575	20	45	106
574	19	45	106
572	18	44	106
570	19	43	107
570	18	43	107
569	18	43	107
568	17	42	107
567	17	41	107
565	19	41	107
565	18	41	107
564	18	41	106
562	19	40	106
560	20	40	106
558	19	41	106
558	19	41	106
556	20	41	106
555	20	41	106
553	20	41	106
551	20	41	106
552	20	42	106
550	22	42	106
550	22	42	106
549	23	41	106
549	24	41	106
549	23	41	106
549	25	41	106
549	26	40	106
550	27	40	106
550	29	40	105
551	29	40	105
551	31	39	105
552	33	39	105
553	34	39	105
554	36	39	104
555	36	39	104
556	38	39	103
557	40	39	103
558	42	39	103
560	44	39	102
560	45	39	102
562	46	39	102
564	49	39	101
566	51	40	101
567	53	40	101
567	54	40	101
569	56	40	101
572	57	40	101
574	59	40	100
575	60	40	100
576	60	40	100
578	61	40	100
580	59	40	100
582	58	40	100
585	56	40	100
585	57	39	100
