795	489	25	45
795	489	25	45
794	489	26	45
795	489	26	45
795	489	26	45
795	490	26	45
795	489	26	46
795	490	26	46
795	490	26	46
796	490	26	46
796	491	26	45
795	491	26	45
796	491	26	45
795	492	27	45
797	492	27	45
796	493	27	45
797	493	26	45
797	492	26	45
797	492	26	45
797	492	26	46
798	491	26	46
798	492	26	46
798	493	26	46
799	492	26	46
799	493	26	46
798	493	26	46
798	494	26	46
800	494	26	46
799	493	26	46
799	493	26	46
799	493	26	46
800	493	26	46
800	493	26	46
800	493	26	45
800	494	26	45
800	494	26	45
801	494	26	45
802	494	26	45
801	494	26	45
802	494	26	45
801	494	26	46
802	494	26	46
801	494	26	46
802	494	26	45
803	494	26	45
802	495	26	45
802	495	27	44
803	495	27	45
802	494	27	45
802	494	27	45
803	495	27	45
802	495	27	45
804	495	27	46
803	495	27	46
804	494	27	46
803	495	27	46
805	495	27	45
805	496	27	45
805	496	27	46
806	496	26	45
806	496	26	46
806	496	27	46
805	495	27	46
806	496	27	46
806	496	28	46
806	495	28	46
806	496	27	46
807	496	27	46
807	496	27	47
807	495	27	47
808	495	26	46
807	495	26	46
808	496	26	46
807	496	27	46
808	497	26	46
808	495	26	46
809	496	26	46
808	496	27	46
809	496	26	46
809	496	27	46
809	496	27	46
809	496	27	46
810	496	27	46
810	496	27	46
810	496	27	46
809	496	27	46
809	495	28	46
810	496	28	46
809	495	28	47
810	496	28	46
811	495	28	47
810	496	28	47
811	495	27	47
811	496	27	47
811	496	27	46
810	497	27	46
812	496	27	46
810	497	27	45
811	497	27	45
812	496	27	45
811	495	27	46
811	495	27	46
812	496	27	46
812	494	27	47
812	495	27	46
811	495	27	46
812	495	27	46
811	495	27	46
812	496	27	46
812	495	27	46
813	496	27	46
812	496	27	46
812	495	27	46
813	495	27	45
812	494	27	45
812	496	27	45
812	495	27	45
812	495	27	45
811	494	27	45
811	495	27	46
811	494	27	46
811	495	27	45
812	495	27	45
811	495	27	46
812	495	27	46
812	495	27	46
810	494	27	46
811	495	27	46
811	495	27	46
811	496	27	46
812	495	27	46
811	494	27	46
812	495	27	46
812	496	27	46
812	495	27	46
811	496	27	46
812	496	27	45
812	496	27	45
811	496	27	45
813	496	27	45
811	496	27	46
812	495	27	46
811	495	28	46
812	496	28	46
812	496	28	46
811	496	28	46
812	497	27	46
811	495	28	46
811	496	27	46
811	496	27	46
812	497	27	46
811	497	27	47
811	496	27	47
811	496	27	47
811	496	27	46
811	497	27	46
810	497	27	46
810	497	27	46
811	497	27	46
810	497	27	46
811	498	27	46
809	497	28	47
809	497	28	47
810	497	28	47
811	498	28	46
810	497	28	46
810	497	28	46
810	498	28	46
811	498	28	46
810	498	28	47
810	499	28	47
810	499	28	47
810	499	28	47
810	499	28	47
811	499	27	47
810	500	27	47
811	500	27	47
810	500	27	47
810	500	27	47
811	501	27	46
810	500	27	47
810	501	27	47
810	499	27	47
809	500	27	48
809	500	27	48
810	501	27	47
810	501	27	47
809	502	27	47
810	502	27	47
809	501	27	47
809	501	27	48
809	501	27	48
809	502	27	47
809	503	27	47
809	502	27	47
809	503	27	47
809	503	27	47
808	503	27	47
809	503	27	47
808	503	27	47
808	503	27	47
807	504	27	47
807	504	27	47
807	503	27	48
808	504	27	48
807	504	27	47
807	504	27	47
808	504	27	47
807	504	27	47
807	504	27	47
807	504	27	47
807	505	27	47
808	505	26	47
808	505	26	48
807	505	26	48
807	505	26	49
807	506	26	49
807	506	26	49
806	506	26	48
807	506	26	48
806	506	26	48
807	507	26	47
807	508	26	47
806	508	26	47
806	507	26	48
806	508	26	48
806	507	26	48
805	508	27	48
805	507	27	47
805	508	27	47
805	509	27	47
804	509	28	48
804	508	28	48
804	509	28	48
804	509	28	48
803	509	28	49
802	509	28	49
803	508	28	49
803	508	28	49
803	506	28	49
802	502	28	49
803	500	28	48
802	498	28	48
802	495	27	48
802	492	27	48
801	488	27	48
801	485	27	48
801	482	27	48
802	478	27	48
801	475	27	48
801	471	27	48
801	468	27	48
800	464	27	48
800	462	27	48
800	459	27	48
799	455	27	48
798	451	27	48
799	449	27	48
798	446	27	47
799	442	27	47
798	439	27	47
798	436	26	47
797	435	26	46
797	431	26	47
796	428	26	47
796	425	27	48
796	422	27	48
796	421	27	47
795	418	27	47
796	417	27	47
794	414	27	46
794	412	27	47
794	411	27	47
793	408	27	47
793	406	27	47
794	404	27	48
792	403	27	48
793	402	26	48
793	401	26	48
792	399	26	47
792	398	26	47
792	397	26	47
791	396	26	47
792	396	26	47
791	395	26	48
790	394	26	48
791	394	26	47
790	395	26	48
791	395	26	47
790	394	26	47
789	395	26	47
789	395	26	47
790	396	26	47
789	396	26	47
789	396	26	48
788	397	27	48
788	397	27	47
788	398	27	47
787	399	27	47
787	399	26	47
787	399	26	48
788	400	26	48
787	400	26	48
786	401	26	48
786	401	26	48
786	402	26	48
786	402	26	48
786	401	26	48
785	400	26	48
785	397	27	48
784	394	27	49
784	392	27	48
783	390	27	48
783	388	27	49
783	385	27	49
783	384	27	49
783	382	27	49
783	382	27	49
783	380	27	49
782	379	27	50
783	380	26	50
782	380	26	50
783	380	26	49
782	380	26	49
782	381	26	49
782	381	26	49
781	381	26	49
781	383	26	50
781	382	26	50
781	383	26	50
781	384	26	49
780	384	26	49
780	385	26	49
779	385	26	49
780	385	27	49
779	386	27	49
779	386	27	49
779	387	27	49
779	388	27	50
778	389	27	50
779	389	27	50
778	390	27	50
777	390	27	50
777	391	27	51
778	391	27	51
777	392	27	51
776	393	27	51
776	394	27	51
777	394	27	51
777	394	27	50
777	394	27	51
776	394	27	51
775	396	27	51
776	396	27	51
776	397	28	51
775	398	28	51
776	398	28	52
776	398	27	52
774	400	28	51
775	400	27	52
776	401	27	51
775	403	27	51
775	404	27	51
775	404	26	50
775	405	26	50
775	407	27	50
774	407	27	50
774	408	27	50
774	408	26	50
774	409	26	50
774	410	26	50
774	409	26	50
774	410	26	50
774	411	26	50
772	411	27	50
773	412	27	50
772	413	27	50
772	414	27	50
772	416	27	49
771	417	27	48
771	418	27	48
771	419	27	47
770	421	28	47
770	422	28	46
770	423	28	46
770	426	28	46
769	430	28	46
770	433	28	46
770	437	28	46
769	440	28	47
770	444	28	47
770	449	27	48
770	451	27	48
770	454	27	48
771	458	27	48
770	462	27	48
771	465	28	48
770	468	28	48
770	471	28	48
767	427	29	48
765	426	30	45
766	422	33	39
763	428	34	37
763	430	33	36
762	431	32	35
763	433	31	34
764	435	30	36
764	436	29	37
765	437	29	39
764	438	29	41
764	440	29	43
764	440	29	46
764	441	29	48
764	441	29	50
764	441	29	52
763	442	28	53
764	443	28	53
764	444	27	54
763	444	27	54
763	445	27	55
763	445	27	55
763	446	28	55
762	446	28	55
763	447	28	55
763	447	28	54
762	448	28	55
761	448	28	55
762	450	28	55
761	450	28	55
762	450	28	55
761	452	28	55
761	453	28	55
761	455	29	55
761	455	29	55
760	456	29	56
760	456	29	55
760	457	29	56
760	458	29	56
760	458	29	56
760	458	29	57
759	460	29	57
760	461	29	57
759	461	29	58
759	462	29	58
759	463	29	58
759	465	29	59
758	466	29	58
759	467	29	58
759	467	28	58
759	469	29	58
758	470	28	58
758	471	28	58
758	471	28	58
758	472	29	59
757	472	29	59
758	473	29	59
757	474	29	59
756	475	29	59
757	475	29	60
756	476	29	60
756	478	29	59
756	479	29	59
756	479	29	59
756	480	29	59
756	482	30	59
755	483	30	59
755	483	30	59
754	484	30	59
754	485	30	59
754	486	30	59
754	487	30	60
754	488	30	60
753	488	30	60
754	489	30	60
753	490	30	60
754	492	30	60
753	493	30	60
753	493	30	60
754	495	30	60
753	495	30	60
753	497	30	60
753	497	30	61
753	498	30	61
753	500	30	61
752	500	31	62
753	501	30	62
753	502	30	62
752	503	30	62
752	504	30	62
752	504	30	62
752	506	30	62
752	506	30	63
752	508	29	63
752	508	29	63
752	509	29	63
752	511	29	63
752	512	29	63
751	513	30	63
751	514	30	63
751	515	30	62
751	516	30	62
750	518	30	62
750	517	30	63
750	518	30	63
749	520	30	64
749	521	30	64
749	522	30	65
749	523	30	65
749	524	30	65
748	526	30	65
749	529	30	65
749	529	30	65
749	532	30	65
749	533	30	65
749	535	30	65
748	538	30	65
748	539	30	66
748	541	31	66
747	543	31	66
747	544	31	66
747	545	31	66
746	547	32	66
746	547	32	66
746	549	32	66
746	549	32	66
746	551	31	67
747	552	31	67
747	554	31	67
746	554	31	68
746	555	31	68
745	556	31	68
745	557	31	68
745	558	31	67
745	560	31	68
745	561	31	67
745	563	31	68
745	564	31	68
745	565	31	68
745	565	31	69
745	566	31	69
745	568	31	69
745	569	31	69
745	571	30	69
745	572	30	69
745	573	30	70
745	575	30	70
745	576	30	69
745	578	30	70
745	579	30	70
744	580	31	70
744	581	31	70
744	582	31	69
744	583	31	69
744	584	31	70
743	585	32	70
744	587	32	70
743	588	32	70
743	589	32	71
743	589	32	71
743	591	32	71
744	592	32	71
744	593	32	71
744	594	32	71
744	596	32	71
744	597	32	71
744	598	33	71
744	600	33	71
745	600	33	71
745	601	33	72
744	602	33	72
744	603	33	73
745	604	33	73
744	605	33	74
745	606	33	74
746	608	33	74
745	609	32	74
746	611	32	74
746	611	32	74
746	612	32	74
747	613	32	73
746	615	32	74
747	615	32	74
747	616	32	74
748	617	32	74
748	618	32	74
748	619	32	74
748	620	33	75
749	621	33	75
748	621	32	75
749	622	32	75
749	624	32	75
750	625	32	75
750	626	32	75
750	627	32	74
750	628	32	74
751	629	32	75
751	629	32	75
751	630	32	75
751	630	33	75
751	630	33	75
751	631	33	76
751	631	33	76
752	631	33	76
752	632	33	76
751	633	33	76
752	633	33	75
752	634	33	75
752	635	33	75
753	633	33	75
753	633	33	76
753	629	33	75
753	625	33	75
753	620	34	75
752	615	34	75
753	609	34	75
753	600	34	74
753	595	34	74
753	589	34	74
753	583	34	73
753	577	34	73
753	571	34	73
753	565	34	73
753	561	33	72
754	556	33	71
754	551	33	71
754	546	33	72
753	543	33	72
754	540	33	72
754	537	33	72
755	536	32	72
755	532	32	71
755	530	32	71
755	527	32	71
755	525	32	72
755	523	32	72
755	521	32	72
755	520	32	71
755	518	32	72
756	516	32	72
756	515	32	71
755	513	32	71
756	512	33	71
755	511	33	71
755	511	33	71
755	509	33	71
756	506	33	71
755	506	33	71
755	503	34	71
756	503	33	71
756	501	33	71
755	499	33	70
755	499	33	70
755	498	33	70
756	497	33	70
756	496	32	70
755	493	33	70
756	492	33	71
755	490	33	70
755	489	33	71
755	488	33	71
755	487	33	71
755	484	33	71
755	483	32	70
755	481	32	70
755	481	32	70
756	478	32	70
755	475	32	70
755	474	33	71
754	471	33	70
755	470	33	70
755	467	33	70
755	466	33	70
755	464	33	69
755	462	33	69
755	461	33	69
755	457	33	69
755	457	33	69
755	454	33	69
754	452	33	69
755	451	32	69
754	448	32	69
755	448	32	69
755	445	32	69
755	444	33	69
755	442	33	69
755	439	33	69
756	437	33	69
755	435	33	69
756	433	32	70
756	432	33	69
756	430	33	69
756	428	33	68
756	427	32	68
756	426	32	69
756	426	32	69
756	425	32	69
757	424	32	69
756	423	32	69
757	423	32	69
757	422	32	70
757	422	32	70
757	422	32	70
757	421	31	70
757	421	31	69
757	421	32	70
757	420	32	70
757	420	32	70
757	420	32	69
757	419	32	68
757	418	32	68
757	419	31	69
758	418	31	68
758	418	31	68
758	418	31	68
758	417	31	68
758	416	31	68
758	416	31	68
758	416	31	68
758	416	31	69
758	416	31	69
758	416	32	68
758	416	32	68
758	416	32	68
758	415	32	69
758	414	31	69
759	413	31	68
758	414	31	69
759	414	32	68
758	414	32	68
758	413	32	68
758	413	32	68
758	413	32	68
759	413	32	68
758	412	32	68
758	411	32	68
758	411	32	67
758	411	32	67
758	409	32	67
758	408	31	67
759	406	31	67
759	404	31	67
759	402	31	67
759	402	31	67
759	399	31	67
759	398	31	67
760	396	31	68
760	395	31	68
760	393	31	68
760	393	31	67
759	391	31	67
760	390	31	67
760	389	30	66
760	388	30	66
760	388	30	66
760	387	30	67
761	387	30	67
761	387	30	66
761	386	30	66
761	386	30	66
761	385	30	67
761	385	31	67
761	385	31	67
761	384	31	67
761	384	31	67
762	384	31	66
761	384	31	66
761	384	31	66
761	384	31	66
762	384	31	66
762	384	31	65
762	382	30	66
763	382	31	66
762	382	31	66
762	382	31	66
763	381	31	67
762	380	31	67
763	380	31	67
763	379	31	67
763	380	31	67
763	379	32	67
764	378	32	67
764	379	32	67
764	377	31	66
764	378	31	67
764	378	31	66
764	378	31	66
765	378	31	66
765	378	31	67
765	378	31	67
765	376	31	66
766	376	31	67
766	375	31	68
766	375	32	68
766	374	32	67
766	375	32	67
767	374	31	66
767	374	31	66
768	374	31	66
767	374	31	66
767	374	31	66
768	373	31	65
768	373	31	66
768	373	31	65
769	372	31	65
769	372	31	65
770	372	31	66
770	371	31	66
770	370	31	66
770	369	31	66
770	370	31	67
770	369	31	66
771	369	31	66
771	368	31	66
770	368	31	66
770	369	31	66
770	368	31	66
771	368	32	66
771	367	31	66
771	367	31	66
771	367	32	66
771	366	31	66
772	365	31	66
772	366	31	66
772	366	32	66
772	365	31	66
772	364	32	66
772	364	32	66
773	364	32	66
773	363	32	66
773	363	32	66
773	362	32	66
773	362	32	66
774	361	32	66
774	362	32	67
775	361	32	66
775	360	32	66
775	361	32	67
776	360	32	67
776	360	32	66
776	359	32	66
776	358	32	66
777	359	32	67
776	359	32	67
776	358	32	67
776	358	31	66
776	357	31	66
776	356	31	66
776	357	31	66
776	356	31	66
776	355	31	67
777	355	31	66
776	354	31	66
776	354	31	67
776	353	31	67
776	353	31	67
775	353	31	67
775	352	31	67
775	352	31	67
775	352	31	67
775	351	31	67
774	351	32	67
774	351	32	67
774	350	32	67
773	350	32	66
773	350	32	66
773	350	32	66
773	349	32	66
772	349	32	66
772	349	32	66
772	349	32	66
772	348	32	66
772	348	32	67
771	347	32	67
771	347	32	67
771	347	32	67
770	347	32	67
770	347	32	67
770	346	32	67
770	346	32	67
770	346	33	67
770	345	33	67
770	345	33	66
769	346	33	67
769	345	33	67
769	344	33	67
769	345	33	67
769	344	33	67
769	344	33	68
769	344	33	67
769	343	33	68
769	343	33	68
769	343	33	68
769	343	33	68
769	343	33	68
769	342	33	67
769	343	33	67
769	342	33	67
769	342	32	67
769	342	32	66
769	342	32	67
769	341	32	67
769	341	32	67
769	340	32	68
768	339	32	68
769	338	32	68
769	338	32	68
769	338	32	68
769	337	32	68
769	337	32	69
769	337	32	68
769	337	32	68
769	337	32	68
769	336	32	67
769	336	32	67
769	336	32	67
769	336	32	67
768	335	32	67
768	335	32	67
768	335	32	67
768	334	32	67
768	333	32	68
768	333	33	68
768	333	33	68
768	333	33	67
768	333	33	67
767	333	33	68
767	332	33	68
768	332	33	68
768	332	33	68
768	331	33	68
768	331	34	68
768	331	34	68
768	330	34	68
768	331	34	67
768	331	34	67
768	331	34	67
768	330	34	67
768	331	34	67
768	330	34	67
768	330	34	67
769	331	34	67
768	331	33	67
769	329	34	68
769	329	34	68
769	328	34	69
769	328	34	69
769	328	34	69
770	328	34	69
770	328	34	69
770	327	34	69
770	327	34	69
770	327	34	68
770	326	34	68
771	327	34	67
770	327	34	67
770	326	34	67
771	326	34	67
771	326	34	67
771	325	34	67
771	324	34	68
771	324	34	68
772	323	34	68
772	323	34	69
772	323	34	69
773	322	34	69
773	321	34	68
773	321	34	69
772	321	34	68
773	320	34	68
773	320	34	68
773	321	34	68
773	320	34	68
773	320	34	67
774	320	34	67
774	320	34	67
775	318	34	68
775	317	34	69
776	316	34	69
776	317	34	69
777	318	35	69
777	318	35	68
777	317	35	67
778	318	35	67
778	317	35	67
778	317	35	67
779	317	35	68
779	315	35	68
779	316	36	68
779	316	36	68
780	315	36	68
780	315	36	68
781	313	36	68
781	313	36	67
782	313	35	66
782	313	35	67
782	312	35	67
783	313	35	67
783	312	35	67
783	312	35	67
784	312	35	67
784	312	35	67
784	311	35	68
784	311	35	68
784	311	35	68
785	311	35	68
785	310	35	68
785	310	35	68
785	310	35	68
786	309	35	67
786	309	35	67
787	307	35	68
787	307	35	68
787	306	35	68
787	306	35	68
787	306	35	68
788	306	35	68
788	305	35	68
788	305	35	68
788	305	35	68
788	304	35	68
789	303	35	68
789	303	35	68
789	303	35	68
789	303	35	68
789	303	35	68
790	301	35	68
790	301	35	68
791	300	35	68
791	300	35	69
791	299	35	69
791	299	35	69
791	299	34	69
792	298	35	69
792	298	35	69
792	297	35	69
793	294	35	70
793	293	35	71
793	292	35	71
794	292	35	71
794	293	35	71
795	292	35	70
795	292	35	70
795	292	35	69
795	291	35	69
795	291	35	68
796	290	35	68
796	290	34	68
796	290	34	68
797	290	34	67
797	289	34	68
797	289	34	68
797	288	34	68
798	287	34	67
798	285	34	67
798	285	35	67
798	284	35	67
798	284	35	67
799	284	35	68
799	283	34	67
800	282	34	67
800	282	34	67
800	282	34	67
800	281	34	67
801	280	34	68
801	280	34	68
802	279	34	68
802	278	34	68
802	278	34	68
802	278	34	68
802	276	34	68
803	277	34	68
803	276	34	68
803	275	35	68
803	274	35	69
804	274	35	69
803	273	35	69
803	273	35	69
803	271	35	69
804	272	34	69
804	270	34	68
804	270	35	67
804	269	35	67
804	268	35	66
804	268	34	66
804	268	35	66
805	267	35	66
804	266	35	65
805	266	35	66
805	265	35	66
805	265	35	66
804	264	35	66
804	263	35	66
804	262	35	66
804	261	35	66
805	261	35	67
804	260	35	66
803	258	35	66
803	258	35	67
804	258	35	67
802	257	35	67
803	255	35	66
803	254	35	66
803	254	35	66
803	253	35	66
803	252	35	67
803	251	35	67
803	250	35	67
803	249	35	67
803	248	35	66
803	248	35	66
803	246	35	66
803	246	35	66
803	246	35	66
803	245	35	66
803	245	35	66
802	244	35	66
803	243	35	66
802	243	35	66
802	242	35	66
802	242	35	66
802	241	35	66
802	240	35	66
802	238	35	66
802	238	35	67
802	237	35	67
802	236	35	67
801	235	35	67
801	235	35	67
801	234	35	67
801	233	34	67
801	234	35	67
801	233	35	67
801	233	35	66
801	232	35	67
801	232	35	67
800	231	35	67
800	231	34	67
801	230	35	67
800	229	35	67
800	229	34	67
799	228	34	67
800	228	34	67
799	227	34	67
799	227	34	67
799	227	34	66
799	226	34	66
799	226	35	67
799	225	34	67
799	225	34	67
798	224	34	67
799	224	35	67
798	224	34	67
798	223	35	67
799	223	35	67
798	222	35	67
797	222	35	67
798	221	35	67
798	222	34	67
797	221	35	67
797	221	35	67
797	220	34	67
797	220	34	67
797	219	34	67
797	220	34	67
796	219	35	67
796	219	35	67
796	218	35	66
796	219	35	66
796	218	35	67
795	218	35	67
795	217	34	67
795	217	34	68
795	216	34	68
795	215	34	68
794	216	34	68
795	216	34	68
795	216	34	67
795	215	34	68
795	215	34	68
794	214	34	68
794	214	35	68
794	214	34	68
794	213	34	68
795	214	34	68
794	214	35	68
794	213	35	68
793	213	35	68
794	213	35	68
794	213	35	68
793	213	35	68
793	213	35	68
793	212	35	68
794	213	35	67
793	214	35	67
793	213	35	67
793	213	35	66
793	213	35	66
794	213	35	66
793	213	35	66
793	213	35	66
793	215	35	66
793	213	35	66
793	213	35	66
793	213	35	65
793	214	35	65
793	212	35	66
792	213	35	66
793	212	35	66
793	212	35	65
792	212	35	66
792	210	36	66
793	209	36	67
793	209	35	68
793	208	36	68
793	207	35	69
793	206	36	69
793	207	36	70
792	206	36	70
792	206	36	70
792	205	36	70
792	205	36	71
792	205	36	71
792	205	36	71
792	205	36	71
792	205	36	71
791	205	36	71
791	204	36	71
792	204	36	71
791	204	36	71
792	203	36	71
792	201	36	72
791	199	36	72
791	198	36	72
791	196	36	72
792	196	36	72
792	194	36	72
791	193	36	72
791	191	36	72
792	191	36	73
791	188	36	73
792	187	36	73
792	186	36	73
791	184	36	73
792	183	36	73
791	180	36	73
792	177	36	73
792	174	36	73
792	171	36	73
791	168	36	73
791	165	36	73
792	160	37	73
792	157	37	73
791	153	37	73
791	149	37	73
791	145	37	73
791	140	37	73
792	137	37	73
791	134	37	74
791	133	37	75
792	132	37	75
791	132	37	75
791	132	37	76
792	132	37	76
792	132	37	76
791	131	37	76
792	131	37	76
792	131	37	76
791	132	38	77
791	134	38	77
792	136	38	77
791	138	38	77
792	139	38	77
791	143	38	77
792	145	38	76
792	147	38	76
792	149	38	77
792	152	38	76
792	153	38	76
792	155	38	77
792	157	38	76
792	161	37	76
793	162	37	76
792	164	37	76
792	166	37	76
792	168	37	76
792	170	37	75
791	173	37	76
792	175	37	75
792	176	37	75
792	178	37	75
792	180	37	75
792	181	38	74
792	183	38	74
792	183	37	74
792	185	38	74
792	184	38	74
793	184	38	74
792	185	38	73
792	185	38	73
792	184	38	73
792	184	38	73
793	183	38	73
793	182	38	74
793	181	38	74
793	181	38	74
793	180	38	73
793	179	38	74
794	178	39	73
794	178	39	73
793	177	39	73
795	175	39	73
794	175	39	73
794	173	38	72
794	174	39	72
794	172	39	72
794	170	39	72
793	171	39	72
794	169	39	73
793	168	39	73
793	168	39	73
793	166	39	73
792	167	39	73
792	165	39	73
792	165	39	73
792	164	39	73
791	165	38	73
791	163	39	73
790	163	39	72
790	163	39	72
789	161	39	73
788	161	39	73
788	161	39	73
787	161	39	73
786	161	39	73
786	160	39	73
785	161	39	73
785	161	39	73
782	160	40	73
782	161	40	74
782	160	40	74
781	159	40	74
780	160	40	74
779	160	40	74
778	160	40	74
776	160	40	74
