799	490	19	45
801	490	19	46
804	490	20	48
808	490	20	48
811	490	20	49
817	491	20	51
820	491	20	52
824	490	20	53
827	489	20	54
832	489	20	55
836	488	21	56
839	486	21	56
843	485	22	56
846	485	22	56
849	485	22	57
855	484	22	57
858	484	22	58
860	483	23	58
864	482	23	58
867	482	25	58
870	482	26	57
873	483	28	56
876	485	29	56
878	485	30	54
880	486	32	53
883	489	34	51
885	490	35	50
888	493	36	50
892	495	35	49
895	497	35	49
900	499	34	49
904	500	33	48
908	501	33	46
911	503	33	45
914	505	33	44
918	508	33	44
922	510	33	43
925	510	33	42
929	513	32	41
932	515	32	41
937	517	31	42
942	518	30	42
945	519	30	41
949	520	31	40
953	521	31	40
953	523	34	39
956	525	36	39
961	526	36	40
960	528	38	41
963	528	40	42
969	530	41	44
976	531	39	46
977	530	41	47
977	531	44	46
977	532	46	45
979	533	48	45
980	534	49	46
980	533	49	46
983	534	49	46
984	534	50	46
986	536	50	46
988	537	50	47
990	537	50	48
992	536	49	48
994	536	49	48
996	537	49	49
998	538	49	50
1000	538	49	51
1002	538	49	52
1004	538	49	52
1007	539	49	52
1010	540	50	53
1013	540	49	53
1016	541	49	54
1019	542	49	55
1021	543	49	55
1023	543	50	55
1025	544	50	56
1027	544	50	56
1031	545	49	56
1032	545	50	56
1035	546	50	56
1035	546	50	56
1036	548	51	56
1038	548	51	56
1041	549	50	56
1044	549	49	56
1046	550	48	56
1047	551	47	56
1048	553	46	56
1046	554	46	57
1044	551	46	55
1044	553	47	54
1044	553	47	54
1044	554	47	54
1046	555	46	56
1047	556	45	57
1048	556	44	58
1047	556	44	58
1049	556	42	58
1048	557	42	59
1047	558	42	58
1047	559	42	59
1048	558	42	58
1049	558	41	57
1049	559	42	57
1048	560	42	57
1049	561	42	57
1047	562	43	58
1049	563	43	58
1050	564	43	59
1052	565	42	60
1054	565	41	60
1054	567	42	60
1055	568	42	60
1056	567	42	60
1055	569	43	60
1058	571	42	60
1058	572	42	60
1060	574	43	62
1061	575	43	63
1062	577	43	63
1063	578	45	64
1064	579	47	64
1064	580	48	64
1060	580	50	62
1062	582	50	61
1066	584	49	60
1068	586	49	61
1068	587	48	61
1071	589	48	63
1070	591	49	63
1070	593	50	63
1068	594	52	64
1070	596	52	64
1071	599	52	64
1069	602	51	63
1072	604	50	64
1070	606	51	63
1070	608	51	63
1070	612	52	63
1071	614	52	63
1072	616	52	63
1070	619	53	63
1070	622	54	63
1068	624	54	63
1069	627	55	63
1068	630	56	63
1068	633	55	63
1068	636	55	63
1067	640	55	62
1066	641	55	62
1065	644	54	62
1065	646	55	62
1066	648	55	62
1067	651	57	63
1064	653	59	63
1062	655	59	62
1062	657	59	62
1059	659	59	61
1054	660	60	60
1053	661	59	59
1054	662	58	58
1053	662	59	58
1051	662	59	57
1051	661	60	58
1052	659	60	58
1051	656	60	59
1050	655	60	59
1047	652	59	58
1042	647	59	58
1037	643	61	57
1036	641	60	57
1032	635	60	57
1029	628	62	56
1020	616	63	56
1016	606	64	55
1011	593	65	55
1005	578	66	55
1001	564	66	55
995	544	66	55
993	529	64	55
986	514	63	55
983	501	62	56
976	487	62	57
973	471	61	58
968	458	60	61
964	446	59	63
958	434	56	66
953	425	55	69
947	414	56	73
942	410	58	76
940	407	61	79
937	404	64	80
939	404	65	80
930	402	71	78
933	404	72	81
942	403	68	84
938	401	68	86
935	398	70	86
934	400	72	86
935	400	74	85
939	403	75	84
944	405	74	82
947	407	75	79
946	410	78	74
945	415	84	69
942	421	90	65
937	428	98	61
935	432	104	59
934	441	110	58
934	448	112	58
929	450	112	59
926	453	111	62
921	459	109	63
915	468	108	62
911	477	106	62
903	484	104	62
896	491	102	63
890	495	100	66
879	508	99	69
873	515	98	73
870	525	94	78
861	532	93	83
854	542	92	88
845	554	93	93
839	560	91	97
824	568	96	97
817	581	96	99
809	587	97	99
801	594	92	100
786	599	91	99
777	599	90	97
768	601	89	96
759	599	89	93
753	596	88	91
745	593	87	89
736	594	88	86
731	588	88	85
726	587	88	84
718	585	88	81
715	578	86	80
712	574	83	80
714	571	78	80
713	564	74	80
705	560	72	80
701	553	71	82
694	551	69	81
692	550	67	81
687	549	66	81
681	547	63	82
675	544	61	82
673	544	58	82
669	535	55	88
662	541	55	88
656	537	57	89
646	538	59	88
644	537	61	88
636	535	62	88
632	533	63	88
625	529	64	89
619	525	65	90
617	525	67	90
612	523	68	90
607	520	68	90
601	513	67	91
596	511	67	90
592	508	67	89
586	505	67	88
581	503	68	88
574	501	70	88
568	501	71	88
562	500	72	88
558	500	73	87
552	497	74	87
545	496	75	86
541	495	77	86
535	493	79	86
529	491	80	87
523	488	79	87
516	486	79	87
510	485	79	86
504	484	78	85
499	483	78	85
493	480	77	85
486	478	77	85
480	476	76	84
475	476	76	83
470	473	77	84
463	472	76	84
455	471	75	84
450	469	76	84
445	469	78	84
438	466	77	85
432	464	76	87
424	460	74	88
418	456	73	89
413	455	71	90
407	453	70	90
402	452	67	91
395	449	64	94
392	451	63	95
386	445	61	98
382	445	59	100
378	441	58	101
373	443	56	103
369	438	54	107
368	437	53	110
364	436	52	108
360	437	52	111
356	433	51	110
353	434	50	109
350	433	49	111
348	432	48	111
345	432	47	112
343	432	47	112
340	431	47	112
339	430	47	114
338	430	47	114
336	429	47	114
335	428	47	115
333	427	47	115
332	429	47	115
331	426	48	113
330	427	48	113
329	428	48	113
329	428	48	114
328	427	48	114
327	430	48	113
327	427	48	111
328	431	48	110
328	427	47	109
328	429	47	109
329	430	45	110
330	430	45	110
331	433	44	111
333	433	45	112
332	434	45	112
333	435	44	111
335	438	44	110
336	439	43	110
337	442	44	108
338	442	44	108
339	445	45	108
341	446	45	108
343	450	45	108
345	454	45	108
345	453	46	106
348	458	46	106
349	460	46	107
352	462	46	106
355	464	47	106
358	465	47	107
362	468	47	107
365	469	47	106
370	472	47	104
373	473	46	104
378	474	46	103
381	477	46	103
386	478	46	103
392	481	46	104
398	482	46	104
402	483	46	105
408	486	46	104
413	486	46	106
422	489	46	105
427	488	47	105
433	491	47	105
440	491	48	104
446	494	48	102
457	494	48	102
462	496	49	102
469	499	50	101
477	500	50	99
485	502	51	98
497	504	51	98
505	504	51	97
514	506	52	97
523	507	52	97
532	509	53	96
544	509	54	94
554	512	56	93
564	513	57	92
574	513	58	90
586	514	59	89
601	514	60	88
613	516	61	87
624	514	62	85
636	516	63	83
648	516	64	82
665	513	65	82
676	516	65	82
691	514	65	82
700	517	67	80
716	515	67	78
731	516	68	77
743	517	69	76
755	519	70	76
769	518	70	76
782	521	69	79
801	518	68	79
810	521	68	81
829	513	65	82
840	510	64	86
850	513	64	85
865	514	64	87
875	514	64	88
884	512	64	87
895	511	64	85
904	510	63	85
917	508	61	85
924	507	60	86
929	502	61	87
931	498	61	87
931	495	61	87
932	486	61	86
931	481	61	84
929	476	60	83
929	468	59	85
926	465	59	84
920	456	57	84
918	450	55	85
914	442	54	83
909	434	53	83
903	426	53	80
894	415	52	77
885	403	52	71
877	394	53	69
868	385	53	66
860	372	55	66
851	365	55	65
843	359	56	61
835	351	57	59
828	348	57	55
824	345	57	53
821	341	56	52
818	341	55	51
815	339	54	52
814	336	51	54
811	333	49	56
812	335	46	57
808	336	47	58
804	339	49	56
800	343	51	53
799	347	55	50
800	349	59	46
794	354	67	44
794	358	71	44
796	364	72	45
796	371	68	49
799	374	64	52
798	376	63	56
798	376	63	57
797	377	63	58
796	380	60	57
795	385	59	57
800	387	55	58
803	392	52	58
803	396	48	58
805	397	46	56
805	398	45	54
804	397	45	52
805	397	44	51
803	396	44	52
804	395	45	52
806	393	44	54
805	391	45	55
806	389	45	54
806	389	44	55
808	387	43	56
810	385	43	56
810	384	43	55
809	383	44	54
807	383	46	52
807	385	48	52
808	384	49	52
809	386	50	51
811	387	51	52
811	388	51	51
810	390	53	50
812	393	53	50
812	395	53	49
812	399	53	48
814	401	52	48
815	403	51	47
816	409	51	48
817	410	51	48
818	413	50	49
819	415	50	49
819	417	50	49
819	420	50	48
818	423	50	46
819	425	50	44
819	428	49	45
817	430	49	45
818	433	49	45
817	434	49	44
816	436	50	44
816	435	50	43
816	435	49	43
816	435	48	43
817	436	48	44
815	435	47	44
815	434	47	44
815	432	47	43
815	431	47	42
815	431	46	41
814	430	46	40
814	430	46	39
814	429	45	40
814	428	43	40
814	426	42	41
813	424	42	41
813	422	41	42
814	422	40	43
812	419	40	43
814	418	39	44
814	418	38	44
813	416	37	45
813	415	37	45
813	412	36	45
815	411	35	45
815	410	35	46
814	410	35	47
815	408	35	47
815	407	35	47
814	406	35	46
815	405	35	47
814	404	35	47
814	404	35	47
814	403	35	47
814	402	34	47
814	401	34	47
813	401	34	47
813	400	34	47
813	399	35	46
812	400	35	46
812	398	35	46
811	397	35	46
811	397	36	46
811	395	36	46
812	393	36	46
812	393	35	46
811	391	35	45
810	391	36	44
813	390	35	44
812	389	34	45
813	388	34	45
810	387	34	44
810	387	35	44
814	385	34	44
811	385	34	44
813	385	34	44
815	384	32	44
816	383	32	44
816	382	31	44
817	382	31	44
817	383	31	44
818	382	31	44
819	382	30	44
820	382	29	44
822	382	28	44
822	381	28	44
822	381	27	44
823	381	27	44
824	381	27	44
826	381	26	44
825	380	26	44
825	381	26	43
825	380	26	43
825	381	26	43
825	380	26	42
825	381	26	42
827	381	26	42
825	381	26	42
825	382	26	42
826	381	25	42
826	381	26	42
825	382	26	42
825	382	26	41
826	382	26	41
825	383	26	41
826	383	26	41
825	384	26	41
825	384	26	41
827	384	26	41
827	385	27	41
827	385	27	41
825	386	28	41
826	387	28	41
829	389	27	41
827	390	28	41
829	390	28	41
830	392	27	41
831	392	28	41
830	394	29	41
831	395	29	41
832	395	30	41
832	397	31	41
833	399	31	40
835	401	32	40
832	402	33	40
837	403	33	39
835	405	34	39
836	407	34	39
839	409	34	39
837	411	35	38
840	413	35	38
838	415	36	38
841	417	36	38
843	419	37	38
844	422	37	37
843	424	38	37
846	426	37	37
846	428	38	36
847	433	38	36
848	435	39	36
849	438	40	36
850	440	40	36
851	443	41	36
853	447	41	36
855	451	41	36
856	453	41	36
857	456	42	36
858	460	42	36
860	465	42	37
861	468	42	37
862	472	42	37
863	475	42	37
863	478	43	37
865	483	43	38
866	485	43	40
868	488	42	41
871	489	41	42
872	491	41	45
875	493	40	47
875	493	39	48
875	495	39	50
874	497	39	52
876	496	38	54
878	491	38	55
879	487	40	55
878	482	43	55
882	474	43	54
877	465	48	51
877	458	51	47
877	448	54	43
878	435	58	41
878	423	60	42
882	408	58	44
888	378	55	48
891	345	49	54
886	325	48	55
884	305	50	53
885	278	50	52
882	247	53	50
881	218	55	49
879	190	56	52
877	178	56	52
883	163	59	52
882	157	62	51
879	157	61	54
873	149	58	59
864	140	55	64
863	130	52	69
854	124	53	72
849	130	54	75
842	130	57	73
837	136	58	74
831	141	59	74
812	150	65	74
806	156	67	74
799	163	68	73
794	168	66	72
787	170	63	70
779	174	61	69
770	180	60	67
768	184	59	66
765	185	56	66
750	187	58	64
747	189	57	63
742	191	56	62
738	191	55	61
735	190	53	61
734	186	52	62
728	185	51	62
721	181	51	63
714	179	52	63
706	177	52	63
700	173	51	63
695	169	50	65
689	167	49	65
684	163	49	65
678	161	48	65
672	157	47	66
664	156	46	65
658	154	47	65
651	152	46	64
645	150	45	63
641	148	46	62
630	146	46	61
625	145	47	60
620	142	49	59
611	141	50	59
606	138	51	58
597	135	52	57
590	134	54	56
586	132	54	55
577	131	55	54
569	127	55	53
560	124	53	52
555	122	53	52
547	119	52	51
539	116	51	50
531	114	51	49
522	113	50	47
514	109	49	46
506	107	48	46
498	104	47	46
491	100	46	47
479	97	47	48
469	93	47	49
460	89	47	51
454	86	48	53
446	82	49	55
433	77	48	58
425	70	47	62
416	67	46	66
407	62	45	71
398	55	44	76
387	49	42	80
379	47	42	82
370	41	41	84
