423	250	43	68
422	251	42	68
421	251	42	68
421	251	43	68
420	251	43	67
420	251	43	67
420	252	43	67
418	251	43	66
419	251	43	66
418	251	43	66
417	252	43	66
418	252	43	66
416	250	42	65
417	251	42	65
417	251	42	65
415	251	42	65
415	250	42	65
415	251	42	65
415	251	42	65
414	252	42	65
413	252	42	65
413	252	42	65
413	252	42	65
412	253	41	64
412	252	41	64
411	251	41	64
411	252	41	64
411	253	40	64
411	252	41	64
410	252	41	65
409	252	41	65
410	252	41	65
408	252	41	65
409	252	41	65
409	252	41	65
409	253	40	65
408	253	40	65
408	252	40	64
408	253	40	64
408	253	41	64
407	253	41	64
407	253	40	64
407	253	40	64
407	253	40	64
408	253	40	64
409	253	40	64
408	253	40	64
408	253	40	64
409	253	40	63
409	254	40	63
410	253	40	63
411	252	40	63
411	253	40	63
413	253	40	63
414	252	40	63
416	251	40	63
417	252	40	63
418	251	40	62
419	252	40	62
422	251	40	62
422	250	40	62
424	250	40	62
425	250	40	61
425	250	40	61
426	250	40	61
426	249	40	61
426	249	40	61
426	249	40	61
427	248	40	61
426	248	40	61
427	248	40	61
428	247	40	61
427	248	39	61
428	247	39	61
429	248	39	61
428	247	39	60
429	247	39	60
429	248	38	60
429	247	38	60
429	247	38	60
430	247	38	60
431	246	38	60
430	246	37	60
431	247	37	60
432	246	37	60
431	247	37	59
432	246	37	59
432	246	38	59
431	246	38	59
432	246	38	59
433	245	38	59
433	245	37	59
434	245	37	59
434	245	37	59
434	245	37	59
434	244	37	59
435	244	37	59
435	243	37	59
435	243	37	59
436	243	37	59
436	242	37	59
436	242	37	58
437	242	37	59
438	241	36	59
438	241	36	59
439	241	36	58
439	241	36	58
439	240	36	58
440	240	36	58
439	240	36	58
441	240	36	57
441	239	36	57
442	238	36	57
442	238	36	57
444	237	36	57
444	237	35	57
446	236	35	57
447	235	35	57
448	233	35	57
448	233	35	57
449	232	35	56
450	231	35	56
450	231	35	56
451	230	35	56
451	231	35	56
452	230	35	56
452	228	35	56
453	229	35	56
453	228	35	56
454	227	34	56
455	227	34	56
456	226	34	56
455	225	34	56
457	225	34	56
457	225	34	56
458	223	34	56
458	222	34	56
458	221	33	56
459	220	33	56
459	218	33	56
459	217	33	56
460	215	33	56
460	215	33	55
461	212	33	55
461	211	33	55
461	209	33	55
462	209	33	55
462	207	32	55
463	206	32	55
463	203	32	55
464	202	32	55
464	201	32	55
465	199	32	55
465	198	32	55
466	196	32	55
465	194	32	55
467	194	32	55
467	193	31	55
468	192	31	55
468	192	31	55
470	192	31	55
470	190	31	54
471	190	31	54
471	190	31	54
472	188	31	54
472	187	31	54
473	186	31	55
473	186	30	55
473	185	30	55
474	185	30	54
474	184	30	54
474	183	30	54
474	183	30	54
475	182	30	54
473	182	30	53
473	182	30	53
472	180	30	54
472	180	30	54
471	179	30	54
470	178	30	54
470	178	30	54
469	177	29	54
469	177	29	54
469	176	29	54
468	175	29	54
468	174	29	53
467	173	29	54
467	172	29	53
466	171	29	54
466	170	29	54
466	170	29	54
465	170	29	53
465	169	28	53
466	169	28	53
465	168	28	53
465	169	28	53
464	170	28	53
464	169	28	53
464	170	28	53
463	170	28	54
462	171	27	54
463	171	27	53
462	172	27	53
461	171	27	53
462	172	27	53
461	173	27	53
460	174	27	53
461	175	27	53
461	175	27	53
462	176	27	53
461	177	27	53
461	177	27	53
462	177	27	53
461	178	27	53
462	179	27	53
462	180	27	53
462	181	27	53
462	182	27	52
463	183	27	52
462	184	27	52
462	186	27	52
462	188	27	52
462	190	27	52
462	191	27	52
461	192	26	52
461	194	26	52
462	196	27	52
461	198	27	52
461	200	26	51
461	202	27	51
460	204	27	51
460	205	27	51
459	207	26	51
460	208	26	51
459	210	26	51
460	213	26	51
459	214	26	51
459	216	27	51
459	217	26	51
458	219	26	51
459	221	27	51
457	223	26	51
458	224	26	50
457	224	26	50
458	225	26	50
456	225	26	51
456	226	26	51
455	227	26	51
456	227	26	51
456	229	26	50
455	230	26	50
454	231	26	50
455	232	26	50
455	233	26	50
454	233	26	50
454	234	26	50
453	234	26	50
453	236	26	50
452	236	26	50
453	237	26	50
453	237	26	50
453	236	26	50
453	236	26	50
453	235	26	50
453	235	26	50
453	235	26	50
453	234	26	50
454	234	26	50
454	233	26	50
455	234	26	49
455	233	26	49
455	233	26	49
456	232	26	49
456	232	26	49
456	232	26	49
457	231	26	49
457	231	26	49
458	231	26	49
457	230	26	49
458	229	26	49
458	229	26	49
458	229	26	49
458	228	26	49
459	228	26	49
460	227	26	50
458	227	26	49
460	228	27	49
459	227	27	49
460	226	27	49
460	226	26	49
461	225	26	49
461	226	26	49
460	226	26	49
461	226	26	49
460	226	26	49
462	226	26	49
461	225	26	49
461	225	27	49
461	225	26	48
461	224	26	48
460	224	26	48
461	224	26	48
461	224	26	48
461	223	27	48
460	223	27	48
461	223	27	48
460	223	26	48
461	223	26	48
461	223	26	48
460	222	26	48
460	222	26	48
461	222	26	48
460	222	26	48
460	221	26	48
460	222	26	48
459	221	26	49
459	221	26	49
460	220	26	49
458	220	27	49
459	220	26	49
459	220	27	48
458	219	26	48
458	219	27	48
457	219	27	48
458	219	27	48
457	219	26	48
456	219	26	48
456	218	26	48
456	219	26	48
456	219	27	48
456	218	27	47
455	218	27	48
455	218	27	48
455	218	27	48
457	218	27	48
456	218	27	48
457	218	27	48
457	218	27	48
457	218	27	48
457	217	27	48
458	218	27	48
459	217	27	48
458	217	27	48
458	217	27	48
460	216	27	48
460	216	27	47
460	215	27	47
460	215	27	47
460	216	27	47
460	215	27	47
460	214	27	47
461	214	27	47
461	213	27	47
461	213	27	48
461	213	27	47
461	211	27	47
461	212	27	47
461	211	27	47
460	211	27	47
460	211	27	47
461	211	27	47
461	211	27	47
461	210	27	47
461	210	27	47
461	210	27	47
462	210	27	47
461	209	27	47
460	209	27	47
461	208	27	47
461	208	27	47
461	208	27	47
461	208	27	47
461	208	27	47
461	208	27	47
460	208	27	47
461	208	27	47
461	208	27	47
461	208	27	47
462	207	27	47
461	207	27	47
461	206	27	47
461	206	27	47
461	205	27	47
462	205	27	47
462	204	27	47
462	205	27	48
461	205	27	48
462	205	27	47
462	205	27	47
461	203	27	47
462	204	28	47
462	204	28	47
462	203	28	47
462	204	28	47
462	203	27	47
462	202	27	47
462	203	27	47
461	202	27	47
462	202	27	47
462	202	27	47
463	202	27	47
462	201	27	47
462	201	26	47
462	201	26	47
462	201	26	47
462	200	27	47
461	200	27	47
462	200	27	47
462	200	27	47
461	200	27	47
461	200	27	47
462	200	27	47
461	199	27	47
461	199	27	47
461	199	27	47
460	200	27	47
461	200	27	47
460	199	27	47
461	199	27	47
459	199	28	47
460	198	27	47
460	198	27	47
459	198	28	47
459	199	28	47
458	198	28	47
459	199	28	47
459	198	27	47
459	197	27	47
458	198	27	47
459	198	27	47
457	197	27	47
458	197	27	47
457	197	27	47
456	198	27	47
457	197	27	47
456	197	27	47
455	197	27	47
455	198	27	47
455	197	27	47
455	198	27	47
454	197	27	47
455	197	27	47
453	197	27	47
453	198	27	47
453	197	27	47
451	197	27	47
451	198	28	47
451	197	27	47
450	198	27	47
450	198	27	47
449	199	27	47
449	199	27	47
448	199	27	47
448	200	26	47
448	200	26	47
446	200	26	47
447	200	26	48
447	201	26	48
446	201	26	48
444	200	26	48
445	200	26	48
444	200	26	47
444	200	26	47
443	200	26	47
443	199	26	47
441	200	26	47
440	198	26	48
440	199	26	48
440	199	26	48
440	198	25	48
439	199	25	48
438	198	25	48
438	199	25	48
436	199	25	48
436	200	25	48
434	201	25	48
433	202	26	48
434	201	26	48
432	202	26	49
432	202	26	49
430	202	26	48
429	202	26	48
429	203	26	48
428	203	26	48
428	203	26	48
426	202	26	48
425	202	26	49
425	202	26	49
424	202	26	49
423	203	26	48
424	202	26	49
423	203	26	48
421	202	26	48
421	202	26	48
420	201	26	49
418	202	26	49
418	202	25	49
418	203	25	49
417	203	25	49
416	203	25	48
414	204	25	48
414	204	25	48
413	204	26	48
411	204	26	48
411	204	26	48
410	205	26	48
410	205	25	48
409	206	25	48
407	205	26	48
406	205	26	48
405	206	26	48
404	207	26	48
403	207	26	48
402	207	27	48
402	207	26	48
401	208	26	48
401	207	26	48
402	207	26	47
402	208	26	48
403	208	26	48
404	208	26	47
405	208	27	47
405	207	27	47
406	208	27	47
407	207	26	47
408	207	26	47
410	207	26	47
412	206	26	46
414	206	26	46
418	205	26	46
424	204	26	46
429	204	26	46
436	203	27	46
444	202	27	46
451	200	27	47
463	200	27	46
472	199	27	46
481	200	27	46
489	198	28	45
495	198	27	45
505	198	28	45
508	197	28	45
511	197	28	45
513	197	28	44
514	198	28	44
514	197	29	44
515	197	29	44
514	197	29	44
515	197	29	44
516	196	28	44
517	196	28	44
517	195	28	45
518	196	28	45
519	195	28	45
521	194	28	44
523	195	28	44
525	194	28	44
528	194	28	44
529	195	28	44
531	194	28	44
534	194	28	44
536	193	28	44
538	193	28	43
540	193	28	43
542	193	28	43
545	193	28	43
546	193	29	43
547	193	29	42
549	192	29	42
551	192	29	42
553	191	29	42
554	192	29	41
556	192	29	41
558	191	29	41
559	191	30	41
562	190	30	41
563	189	30	41
564	189	30	41
566	188	30	41
568	188	30	41
571	187	30	41
571	186	31	41
574	185	31	41
574	186	31	41
574	185	31	40
576	184	31	40
576	184	32	40
576	183	32	39
577	183	32	39
577	182	32	39
579	180	32	39
581	180	32	40
582	180	32	39
584	179	32	39
585	178	32	39
587	177	32	39
588	177	33	39
589	176	33	39
591	176	33	38
592	176	33	38
594	176	33	38
597	174	33	38
598	174	34	38
600	173	34	37
604	172	34	38
607	172	34	37
609	171	34	38
612	170	34	38
614	170	34	38
616	169	34	37
620	169	34	37
623	168	34	37
626	167	35	37
628	168	35	36
630	166	35	36
634	166	35	36
636	166	35	36
639	165	35	36
641	164	36	36
643	163	36	36
647	162	37	36
649	162	37	35
652	161	37	35
655	160	37	35
657	160	37	35
660	159	38	35
664	159	38	35
666	159	38	34
669	159	39	34
672	158	39	34
675	157	39	34
679	157	39	34
682	157	39	33
686	156	40	33
690	155	40	33
696	154	40	33
700	154	41	33
706	154	41	33
710	155	41	33
715	155	41	32
722	155	42	32
726	155	41	32
731	155	42	31
735	156	42	31
739	156	42	31
746	156	42	31
749	155	43	31
753	156	43	30
755	156	43	30
758	157	43	30
760	157	43	30
762	157	43	30
765	159	44	29
767	159	43	29
769	159	44	29
773	160	44	29
775	161	44	28
778	161	44	28
781	162	44	28
783	162	44	28
786	164	44	27
789	164	44	27
792	165	44	27
794	165	44	27
797	167	44	27
801	167	44	26
803	168	45	26
806	169	44	26
809	169	44	26
813	171	44	26
817	172	44	25
819	173	44	25
823	173	44	25
826	175	44	25
829	175	44	24
832	175	44	24
835	177	45	24
839	178	44	24
841	179	44	24
844	182	45	24
848	183	44	24
850	186	45	24
852	187	45	24
856	189	45	24
857	190	45	24
859	192	45	24
861	194	45	23
862	196	45	23
863	197	45	23
865	199	45	23
867	201	45	23
869	202	45	22
870	203	45	22
872	203	45	22
873	203	45	22
873	203	45	22
873	203	45	21
874	203	45	21
874	202	45	21
873	202	45	21
873	202	45	21
872	201	45	21
872	200	45	20
872	199	45	21
871	198	44	20
870	195	44	21
869	195	44	21
869	194	44	21
869	193	44	20
867	192	44	20
866	191	44	20
867	190	44	20
866	189	44	20
866	188	44	20
867	187	44	20
867	185	44	20
868	186	44	19
868	184	44	19
869	183	43	20
869	182	43	20
871	181	43	20
871	180	43	20
872	179	43	20
873	179	43	20
874	178	43	20
875	177	42	19
876	177	42	18
878	175	42	18
878	175	41	18
880	174	41	18
882	173	41	19
883	172	41	19
883	171	41	19
886	168	40	19
886	168	40	19
889	167	40	19
891	166	40	19
893	165	40	19
894	164	41	19
895	163	41	19
896	160	40	19
897	159	40	20
899	158	40	19
900	158	41	19
901	156	40	19
903	155	40	19
904	154	40	19
904	154	40	19
906	153	40	19
908	152	39	19
910	151	39	19
911	150	39	18
913	149	39	18
914	148	40	19
915	148	40	19
919	148	39	19
920	147	39	18
922	146	39	19
924	146	39	19
927	145	38	18
929	146	38	18
933	145	38	18
935	145	38	18
938	144	38	18
941	144	37	18
945	144	37	18
948	143	37	18
951	143	37	17
954	144	37	17
957	142	37	18
961	143	37	17
965	142	37	17
969	142	38	18
972	142	38	18
977	144	38	17
984	143	38	17
989	144	38	17
993	143	37	17
995	143	37	17
998	142	37	17
999	140	37	18
1000	139	37	18
1001	138	37	18
1001	137	37	18
1001	136	37	18
1001	133	37	18
1000	131	37	18
1000	130	37	18
999	128	37	18
999	126	37	17
1000	123	37	17
1000	121	37	17
1001	118	37	17
1002	115	37	17
1003	111	36	18
1005	106	36	18
1007	101	36	18
1008	96	36	18
1009	91	36	18
1011	85	36	18
1014	75	35	18
1015	69	35	18
1017	61	35	19
1019	53	35	19
1020	45	35	20
1022	36	34	20
1021	30	34	20
1022	23	34	21
1022	18	33	21
1021	13	33	21
1021	7	33	21
1021	3	33	22
1020	0	33	21
1019	0	33	20
1020	0	33	18
1019	0	34	15
1017	0	36	13
1011	0	40	12
1014	0	43	10
1009	0	46	10
1003	0	49	10
1005	0	50	10
1002	0	55	10
997	0	58	10
989	0	60	10
1026	19	59	11
1054	1	62	11
1062	0	66	11
1022	9	65	15
1016	10	63	18
1009	5	62	21
1001	5	61	22
993	3	60	24
986	3	59	25
977	1	58	25
968	2	57	24
960	2	57	24
953	2	56	23
947	2	56	22
941	0	55	22
930	1	55	21
921	1	54	20
913	1	54	19
904	1	54	18
894	1	54	18
882	0	54	17
874	1	54	16
864	1	54	16
854	1	54	15
844	0	53	15
830	0	52	15
820	1	52	14
810	1	51	13
803	1	51	13
794	1	51	12
783	1	52	12
775	1	52	12
769	1	54	12
763	0	55	12
760	1	56	12
758	1	59	12
758	1	61	13
757	2	63	13
759	3	64	14
722	43	61	17
725	43	60	18
727	44	60	18
727	40	59	19
729	39	58	20
730	37	57	21
731	38	57	21
733	32	56	21
756	1	57	21
758	2	58	21
751	1	60	22
738	14	58	26
745	2	59	26
732	14	59	27
725	15	58	28
725	14	58	29
717	12	58	30
709	13	56	31
711	12	56	32
703	11	56	32
703	11	56	34
696	9	56	34
694	8	56	35
689	7	55	36
687	5	56	36
684	7	56	37
684	4	56	37
682	5	57	37
679	3	58	37
680	6	58	37
671	4	58	37
605	0	60	37
599	1	60	37
599	11	60	37
596	24	60	39
597	37	60	39
596	52	60	39
596	64	60	39
596	75	60	39
595	85	61	39
593	96	61	39
593	111	60	39
592	122	60	39
590	133	60	39
591	144	60	39
589	154	60	39
588	169	60	39
588	178	60	38
585	186	60	38
582	190	60	38
581	190	59	38
578	191	59	38
574	190	59	38
572	190	58	38
569	190	58	38
566	190	58	38
560	191	58	38
554	192	58	38
550	191	58	38
552	191	58	38
496	242	58	39
497	238	57	40
525	185	57	40
544	185	58	40
548	187	58	40
498	235	57	40
499	232	57	41
496	229	57	41
497	229	57	42
497	227	57	42
495	225	56	42
499	223	56	43
492	219	56	43
496	219	55	44
494	217	55	44
494	215	55	44
489	212	55	44
488	212	55	44
490	211	55	44
491	210	55	45
488	209	55	45
488	205	55	45
486	204	55	45
484	201	55	46
482	201	55	46
480	199	55	46
480	193	55	46
500	149	57	45
503	149	57	45
500	147	58	45
500	147	59	44
485	191	59	44
504	147	61	43
501	147	61	42
501	147	62	42
502	146	63	41
501	146	63	41
498	146	64	41
495	144	64	41
492	151	65	41
492	144	66	40
491	143	67	40
479	184	66	40
491	141	67	39
488	140	68	39
485	145	68	39
484	139	69	39
486	139	69	39
483	144	69	39
484	138	70	39
482	144	70	39
481	138	71	39
481	134	71	38
482	138	72	39
482	134	72	38
473	139	73	38
469	134	74	38
469	137	74	38
468	133	76	37
467	137	76	37
463	133	78	36
457	137	79	37
452	132	82	36
449	135	83	36
444	132	84	35
441	135	85	35
433	133	87	35
428	136	88	35
421	132	90	34
414	134	93	33
406	133	95	33
401	137	96	33
391	133	97	33
385	134	100	32
380	136	101	33
372	132	102	33
367	135	103	33
361	132	104	33
356	133	105	33
351	132	107	32
349	135	107	33
344	131	108	32
343	130	109	32
344	133	109	33
340	130	110	32
344	132	110	33
339	127	110	33
342	131	111	33
339	126	112	33
342	129	112	34
339	124	113	33
341	130	113	33
341	123	114	33
343	130	114	34
341	122	114	34
342	125	114	34
338	120	116	34
339	126	116	34
339	117	117	33
342	124	117	34
339	118	118	34
338	124	118	34
351	138	117	35
343	114	118	35
342	123	118	35
341	112	118	35
343	120	118	35
342	111	119	35
342	117	119	35
423	173	119	36
430	173	119	38
434	175	118	41
435	176	117	44
435	175	116	45
432	174	116	47
428	168	117	47
428	168	117	48
423	165	118	48
416	163	121	48
415	162	124	47
413	163	127	48
413	162	129	48
412	163	130	48
407	159	133	48
404	157	138	47
406	159	140	48
401	157	145	49
401	158	146	49
392	153	153	47
411	163	153	51
417	166	150	55
420	169	149	58
432	176	146	62
397	151	150	61
400	153	152	62
395	150	155	62
400	153	158	65
402	156	158	67
420	159	154	72
423	165	151	75
423	163	149	79
437	171	144	85
425	149	144	86
429	156	143	87
432	162	141	90
406	139	148	86
424	144	147	87
422	151	146	88
431	154	144	91
410	130	147	90
411	139	150	89
429	148	148	90
417	143	148	90
439	157	143	94
430	144	142	95
422	141	143	95
425	149	143	96
414	133	145	94
430	140	143	96
416	128	144	95
424	139	143	96
414	128	147	94
414	134	148	94
398	122	153	91
400	121	155	91
398	122	157	90
413	126	155	91
414	132	155	92
415	134	155	92
408	124	157	91
413	135	156	93
404	124	159	92
434	139	154	96
441	142	146	102
433	129	145	103
424	120	147	101
414	121	152	98
434	130	149	99
426	119	150	98
422	122	153	97
415	116	157	94
413	121	158	93
440	133	152	97
433	124	150	98
430	121	152	98
424	115	155	96
423	113	158	94
413	112	161	92
456	146	156	97
411	106	161	94
424	121	160	95
423	117	161	93
434	117	164	93
440	129	163	94
444	133	159	97
453	143	154	101
471	134	154	103
421	108	155	102
421	101	157	101
421	102	160	100
405	97	164	97
404	105	165	97
404	104	168	96
452	133	165	100
400	96	166	100
390	97	169	98
382	94	171	99
409	100	172	99
359	65	176	98
393	99	176	100
445	135	170	106
396	86	170	107
447	128	168	110
400	94	169	110
406	94	170	111
352	56	176	107
335	62	181	106
334	68	184	105
362	66	187	104
327	67	191	103
368	69	195	102
329	73	197	102
299	36	204	100
297	45	208	99
292	49	212	98
339	94	212	100
292	56	219	99
291	52	226	98
288	56	231	98
324	61	233	98
309	64	235	100
276	74	238	102
271	71	242	103
300	75	242	105
266	35	248	104
289	45	250	104
284	50	253	105
296	62	255	107
291	69	256	108
267	29	261	108
240	28	265	108
216	25	279	104
338	93	278	108
426	124	273	114
401	155	264	124
425	137	262	126
446	135	258	131
421	135	255	134
445	128	252	138
430	117	250	141
409	112	248	145
443	133	243	151
458	108	241	153
447	137	237	158
420	120	235	162
451	111	234	163
445	103	231	166
422	108	230	170
407	89	232	171
441	127	229	176
457	110	226	179
429	107	224	182
456	101	222	185
444	97	221	188
434	82	222	189
462	76	224	190
441	103	222	193
462	109	219	196
467	102	215	200
469	94	214	202
480	95	212	203
467	98	210	205
470	93	207	207
447	87	208	208
429	76	211	208
471	83	212	209
456	75	212	209
446	97	211	212
409	89	211	214
477	93	209	216
480	100	206	219
442	90	205	221
469	87	204	222
437	70	206	223
476	85	206	224
461	83	206	225
430	75	207	225
463	70	209	225
437	77	209	226
458	89	207	228
472	82	208	229
554	0	214	223
503	44	218	222
456	87	216	225
464	71	216	225
432	78	216	227
451	74	216	228
456	78	215	230
470	77	214	230
448	69	215	230
411	60	217	230
470	89	217	232
449	78	216	234
412	67	217	234
443	54	219	234
470	63	220	235
450	63	221	236
459	81	218	239
432	67	218	240
458	59	218	240
476	63	219	241
458	48	220	241
469	70	219	245
445	52	220	245
472	60	220	246
508	57	220	246
485	44	222	247
510	58	222	247
494	41	223	247
518	57	224	248
486	65	224	248
513	62	223	249
542	33	226	248
521	16	228	247
577	0	235	242
601	0	243	236
554	73	241	240
597	33	242	240
568	41	242	240
611	27	244	240
567	65	241	242
588	74	240	244
640	25	242	242
608	7	247	238
637	0	255	232
663	0	270	219
611	23	272	219
572	92	269	222
570	46	269	222
634	15	270	222
630	21	270	222
603	0	274	219
581	27	277	219
617	0	280	217
624	16	282	215
611	25	282	215
652	0	291	208
600	24	292	207
647	0	305	197
604	31	305	197
628	0	307	195
616	8	309	193
595	34	308	194
625	0	312	191
600	30	312	192
653	0	319	186
621	0	323	183
589	22	323	183
621	0	327	180
583	14	329	178
626	0	336	169
609	20	336	170
618	0	342	163
579	15	344	163
621	0	351	152
572	38	344	158
615	8	345	157
565	59	342	161
541	21	343	161
631	0	344	158
578	4	351	155
568	29	351	156
593	0	356	151
561	92	352	155
575	33	352	156
553	36	350	157
586	24	349	158
628	0	352	154
610	0	358	149
584	8	360	146
556	15	361	146
589	0	368	138
598	8	366	138
560	39	365	139
561	34	362	142
591	0	366	137
567	13	368	135
553	26	368	136
593	0	375	127
568	38	369	132
552	69	362	139
538	19	364	138
564	38	360	142
559	36	358	144
549	37	356	146
588	6	356	145
566	9	360	143
583	6	364	140
561	24	364	140
613	0	370	132
580	0	372	129
595	12	372	129
559	20	374	128
