567	398	94	135
565	401	92	134
565	403	91	134
565	405	91	134
563	406	91	134
562	407	91	134
562	409	91	135
561	410	91	135
560	412	91	136
559	412	91	136
559	413	91	137
557	415	91	138
557	415	91	139
556	416	91	140
555	418	91	140
555	418	91	141
553	421	90	141
554	421	91	142
552	423	91	143
552	423	91	144
551	425	91	144
550	427	91	144
551	427	91	145
549	428	91	146
549	429	91	146
548	430	91	146
546	432	91	146
547	432	92	147
545	433	91	147
545	434	91	148
544	436	91	149
543	437	91	149
542	436	91	150
540	437	91	151
539	439	91	151
538	439	92	152
536	438	91	153
534	438	92	153
533	437	91	154
530	434	92	155
530	433	92	155
527	429	92	156
526	427	92	156
523	424	92	157
523	422	92	158
521	420	92	158
521	415	92	159
519	415	92	158
519	412	92	160
520	410	91	160
519	407	92	161
522	404	92	162
523	402	91	162
525	401	91	162
526	401	91	163
528	402	91	163
530	403	92	163
533	405	92	164
533	406	92	165
536	408	92	165
537	409	91	166
538	411	91	167
538	413	91	167
539	415	92	168
539	416	92	169
538	418	92	169
537	420	92	170
536	422	92	170
534	423	92	171
532	426	92	173
530	428	93	173
527	430	93	174
527	433	93	175
524	434	94	175
523	437	94	177
520	438	95	177
519	441	95	179
517	443	95	180
515	445	96	181
515	445	96	182
512	447	96	183
512	448	96	184
510	449	96	185
510	450	96	186
509	452	96	187
507	452	97	187
508	454	97	189
508	454	98	189
507	455	98	190
508	455	99	190
507	454	98	190
506	451	99	192
504	448	99	193
505	445	99	194
504	440	100	194
503	436	100	195
501	429	101	196
502	422	100	196
500	415	101	197
499	407	101	198
498	400	101	198
495	390	101	199
495	382	101	200
494	375	101	200
494	366	101	200
492	359	101	200
490	350	101	201
490	343	103	201
488	335	104	202
486	328	105	202
486	322	105	203
484	312	107	204
483	308	106	204
481	300	107	205
480	295	108	206
479	290	107	206
478	281	108	208
475	276	109	208
474	270	109	209
472	266	109	210
471	263	109	211
470	256	107	211
469	252	107	211
469	251	107	213
466	248	108	215
464	246	108	217
465	239	108	218
463	237	109	218
461	235	109	218
461	233	109	218
459	231	109	220
457	228	109	220
456	226	110	221
453	223	111	221
454	222	111	224
450	219	112	223
449	215	112	225
448	215	112	228
446	211	112	229
445	207	111	230
444	206	112	231
442	204	112	231
440	204	112	233
439	204	113	235
437	202	113	236
435	203	114	238
433	203	115	240
432	204	115	241
430	205	115	243
429	206	115	244
426	205	116	244
425	207	115	246
423	207	116	247
422	207	116	248
421	204	117	247
418	205	118	248
416	204	118	249
414	204	118	251
411	205	118	253
411	207	119	253
408	209	120	254
407	213	121	256
406	217	121	256
404	219	121	257
403	221	122	258
403	222	123	258
402	227	124	260
400	229	124	261
400	230	125	261
398	233	126	261
397	234	127	262
396	236	128	262
394	237	129	263
393	239	130	264
392	241	131	266
391	243	132	267
388	247	133	268
386	250	134	269
383	252	135	270
380	255	136	271
378	258	137	271
376	261	138	273
373	263	139	273
372	266	139	273
370	270	140	274
368	273	140	273
364	278	141	274
360	280	142	275
356	286	142	276
352	289	143	277
348	294	144	279
340	300	144	281
335	306	145	282
331	310	145	283
324	316	145	284
318	323	145	285
312	330	145	287
308	333	144	288
303	338	144	289
297	344	144	290
294	349	144	292
289	354	144	292
286	359	145	294
283	363	146	294
281	368	147	294
279	371	148	295
277	375	148	295
275	379	149	295
274	382	150	295
271	386	151	296
269	390	153	297
267	395	155	300
266	400	156	301
264	402	157	302
263	404	160	304
261	408	163	303
260	411	166	304
257	411	168	303
253	413	172	303
250	417	175	303
246	421	178	301
242	425	181	299
241	424	184	297
239	430	187	293
236	432	189	291
234	433	191	289
230	436	194	287
227	437	197	284
222	441	199	281
222	445	202	278
216	445	203	277
217	446	204	275
214	448	206	273
213	452	208	270
212	452	212	269
214	452	219	266
215	453	226	265
249	450	239	263
234	450	249	264
216	454	262	264
208	456	272	264
203	455	279	263
201	456	282	263
198	457	285	263
197	457	287	262
195	458	288	261
193	457	289	261
197	457	291	261
194	456	290	261
194	456	291	263
195	455	292	264
192	453	292	265
195	452	295	265
194	451	296	268
195	448	298	271
198	445	299	273
206	441	307	273
201	437	302	274
211	434	306	275
212	431	307	274
216	427	307	272
218	422	306	270
225	418	307	266
227	416	301	262
231	414	298	259
236	411	297	253
245	408	301	249
247	407	301	245
248	406	299	243
254	403	297	240
258	400	298	236
261	397	295	233
262	394	292	230
269	394	292	228
272	391	289	224
276	389	288	221
279	387	283	217
288	386	283	215
287	383	279	211
291	381	275	207
293	379	272	204
299	377	270	198
302	377	267	194
305	376	266	190
307	375	265	188
312	372	264	184
315	371	263	181
317	370	263	179
320	368	263	176
321	365	262	173
324	367	262	171
327	362	263	168
330	363	263	165
335	361	262	163
337	359	261	161
341	358	260	159
346	356	259	156
347	355	258	155
352	355	259	154
352	353	258	154
355	352	259	153
357	349	260	151
360	350	260	151
364	347	260	149
364	346	260	147
368	345	259	147
372	344	260	146
373	344	259	147
377	343	259	146
379	340	260	145
382	339	260	142
385	337	261	137
387	338	260	138
390	337	260	135
393	336	259	134
396	335	257	132
400	334	256	130
403	333	255	126
406	333	254	124
407	336	253	124
413	337	252	125
415	334	251	123
419	337	250	122
422	336	250	122
426	338	248	124
430	335	248	123
435	337	246	125
437	335	246	125
442	335	245	126
445	335	244	128
448	333	244	130
451	331	243	131
454	330	242	134
455	327	242	135
458	326	241	135
460	323	241	136
463	321	240	138
465	316	240	137
468	315	238	138
471	311	237	138
472	310	236	140
476	303	236	140
477	301	235	140
479	297	235	139
480	294	234	139
481	291	233	138
482	287	232	137
482	284	231	137
482	282	231	137
481	278	230	138
481	274	230	138
478	270	229	138
478	266	228	138
476	264	227	138
476	259	227	140
474	257	225	141
472	250	225	143
471	247	224	143
471	244	224	144
471	240	223	144
470	240	222	146
468	234	222	146
468	231	221	146
467	230	221	148
466	227	220	149
465	224	220	151
464	221	219	153
463	217	217	154
463	215	216	154
461	211	215	156
462	211	214	156
461	207	213	157
460	206	213	157
459	207	212	159
458	208	211	160
458	210	210	161
458	213	210	163
457	215	209	165
456	219	208	165
456	222	208	166
456	225	207	167
454	230	206	168
455	232	206	167
455	237	206	168
455	238	205	169
455	240	204	170
454	247	204	170
454	250	204	171
453	254	204	171
454	257	203	172
453	258	203	173
453	264	202	173
453	266	202	173
453	269	201	173
452	271	201	173
453	273	201	172
454	273	200	172
454	273	199	171
453	269	199	170
453	270	199	170
453	269	198	171
453	266	198	170
453	266	197	170
453	264	197	170
453	262	197	170
453	262	197	170
453	261	196	171
453	261	196	171
453	260	196	171
453	259	196	171
452	261	195	170
452	257	195	169
452	257	194	170
451	256	193	170
451	255	193	170
451	253	194	171
450	252	193	172
450	252	193	172
449	254	193	172
450	254	193	172
449	255	192	172
449	258	192	173
449	260	192	173
448	260	192	172
448	263	191	172
447	265	191	171
448	267	191	172
447	268	191	172
446	269	190	172
447	272	191	172
445	274	190	172
446	276	191	172
445	277	190	172
444	277	190	171
445	278	190	172
444	278	189	172
445	278	189	172
444	279	189	171
443	278	189	171
444	278	189	171
442	277	188	171
442	277	188	171
441	278	189	171
441	277	189	170
440	278	188	170
439	277	188	171
439	277	188	171
438	277	188	171
437	278	188	170
437	281	188	168
439	278	188	169
437	281	187	168
437	278	187	169
436	279	187	169
436	282	187	167
438	280	187	168
437	279	186	169
436	281	185	168
437	277	186	169
436	278	186	169
435	280	186	169
435	277	186	170
435	277	185	169
434	278	186	169
434	281	186	169
433	277	186	170
433	278	186	169
432	278	185	170
432	279	186	169
433	279	186	168
431	281	185	168
432	279	186	168
431	282	185	167
432	279	185	168
431	284	184	167
432	280	185	167
431	281	185	167
431	279	185	168
429	281	185	169
429	281	185	169
429	280	185	169
428	282	185	168
429	281	186	169
428	282	185	168
429	283	185	167
429	281	184	169
428	282	184	168
428	285	185	167
430	282	185	168
429	282	185	168
428	284	185	168
429	282	185	169
428	283	185	169
427	286	185	168
429	282	185	169
428	283	185	170
427	285	185	169
428	285	186	168
427	284	185	168
428	287	186	169
428	285	185	169
428	286	186	169
428	286	186	169
428	286	186	169
429	286	186	168
429	286	186	168
430	284	186	169
430	286	186	168
430	279	186	167
431	276	186	169
430	269	186	168
430	264	186	168
431	259	187	168
430	254	187	167
430	248	188	167
432	245	187	168
431	238	186	167
432	234	187	169
431	232	186	169
432	228	186	170
432	225	186	170
433	223	186	170
432	224	186	170
433	222	187	170
432	222	187	171
431	220	187	171
431	221	188	172
431	220	188	172
431	220	188	171
430	222	188	172
432	220	188	172
431	223	187	172
432	221	188	172
431	221	188	172
431	222	188	173
430	223	188	172
431	222	188	172
431	222	188	172
429	223	188	172
430	223	188	172
431	224	188	172
430	224	188	172
430	224	188	171
431	226	188	171
430	226	188	171
430	225	189	172
430	226	188	172
430	225	189	172
429	226	188	172
429	228	188	172
430	226	189	172
429	226	188	172
428	226	188	172
426	227	188	172
425	228	187	171
423	229	187	171
420	231	187	170
418	232	187	170
415	231	188	170
412	231	188	170
410	233	188	170
406	234	188	169
402	235	188	169
398	236	189	168
395	236	189	168
392	238	189	168
388	239	189	168
385	240	189	168
382	240	190	168
379	240	190	167
376	242	191	167
372	243	190	167
370	244	191	166
367	244	191	165
364	245	192	166
361	246	193	165
357	246	192	165
354	247	193	165
352	248	193	165
349	248	194	165
346	250	194	164
343	249	194	164
341	250	195	164
340	252	195	164
339	250	195	164
340	252	196	164
343	251	196	162
345	251	197	162
347	250	197	162
349	249	197	162
351	249	197	163
353	248	197	163
354	249	197	165
355	247	197	164
356	247	197	165
356	246	196	165
357	247	196	166
357	245	196	165
356	247	196	166
356	246	196	165
356	248	196	166
357	247	196	165
356	246	195	165
356	247	196	166
356	246	195	166
356	246	196	167
356	246	196	166
355	246	195	166
355	248	195	167
355	246	196	166
355	245	195	165
355	247	196	166
355	246	196	165
355	247	196	166
355	246	196	165
354	245	196	164
353	246	195	164
352	246	194	165
350	246	194	164
349	245	195	165
347	248	195	165
344	247	195	165
342	246	195	165
339	247	195	165
338	248	196	165
335	247	195	165
332	247	195	164
330	249	195	165
327	248	196	165
325	248	196	165
323	249	196	165
319	248	196	164
317	250	197	165
314	252	197	164
312	249	197	162
310	253	198	163
306	249	198	163
304	249	198	164
301	250	198	164
298	250	198	163
297	250	199	163
293	251	199	163
290	250	199	162
288	249	200	162
286	249	201	162
284	250	201	162
281	249	201	162
281	248	202	162
279	247	203	162
278	246	203	162
277	246	203	162
274	246	203	162
273	245	204	162
271	245	204	162
271	244	204	162
269	242	205	162
267	242	205	163
266	241	206	163
264	240	206	163
263	240	206	162
262	239	207	163
261	238	207	162
260	238	207	163
258	237	206	163
257	236	206	163
256	234	206	164
256	233	206	164
254	233	207	163
253	231	207	163
252	233	207	164
251	231	207	163
247	230	207	163
248	230	207	163
245	228	208	163
245	227	207	164
244	226	207	165
244	224	207	166
241	222	208	166
241	223	208	166
240	223	209	166
239	222	209	165
235	221	209	165
235	220	208	165
235	220	208	166
235	219	209	165
233	219	209	164
232	216	209	165
229	216	210	165
229	216	209	165
230	216	209	165
229	214	209	165
226	214	210	165
226	213	209	165
225	213	209	164
225	211	209	165
223	209	209	166
222	210	210	166
221	209	209	166
220	210	210	164
219	207	210	165
217	207	212	165
216	210	212	163
218	212	213	161
217	207	212	162
214	208	213	163
213	206	213	163
211	206	213	163
213	206	212	163
212	206	213	163
211	205	213	163
210	206	214	162
211	208	213	160
213	221	212	153
209	208	214	154
213	226	212	147
208	212	214	150
211	216	213	149
208	213	215	149
211	227	213	143
206	222	215	141
204	214	217	145
206	226	216	141
207	230	216	136
211	241	213	128
215	247	210	120
223	252	204	114
224	253	200	108
226	254	197	105
230	255	193	103
231	256	192	102
232	254	190	102
234	255	188	101
234	255	187	101
235	255	186	101
235	254	185	100
236	255	185	100
237	254	184	100
238	254	183	100
239	254	182	100
239	253	181	100
241	254	180	100
244	253	178	98
244	253	177	98
245	253	177	98
244	254	177	97
244	254	177	97
244	253	178	97
243	253	178	97
245	254	178	97
243	253	179	97
244	252	179	97
245	252	178	97
246	252	178	97
242	253	178	97
243	250	180	96
242	252	180	96
243	251	181	96
242	251	182	97
242	250	182	96
242	251	182	96
243	249	182	96
242	250	182	96
242	248	183	95
243	249	183	96
243	248	183	95
243	248	183	96
244	247	183	95
244	248	183	95
243	248	184	95
243	246	184	95
243	248	184	95
244	245	185	94
243	247	185	94
242	246	185	93
242	246	186	94
242	244	186	93
243	246	186	93
242	244	186	93
243	245	187	94
241	243	187	93
242	244	187	93
243	244	188	93
242	244	188	94
243	242	188	93
241	243	188	93
241	241	188	92
242	243	188	92
242	242	188	92
244	242	188	93
242	241	188	92
243	241	187	93
243	241	187	93
243	240	187	93
243	239	188	93
244	239	187	93
244	240	187	93
243	238	187	93
244	239	187	93
244	238	187	93
244	238	187	93
245	238	187	92
244	237	187	92
245	237	187	92
246	236	187	92
245	236	187	93
244	236	187	93
245	235	187	93
245	236	187	93
245	235	187	93
246	235	187	93
245	235	187	94
245	233	188	93
245	235	188	93
245	234	188	93
245	234	188	93
245	234	188	93
246	232	188	92
245	233	188	93
245	231	188	92
245	232	188	93
244	232	188	92
244	233	188	93
244	232	189	93
243	232	189	92
243	231	189	92
244	231	189	93
243	232	189	93
244	230	189	93
244	232	189	93
243	231	189	92
242	232	189	93
243	230	189	93
242	231	189	93
242	231	189	93
241	231	189	93
241	230	189	93
241	230	189	93
241	230	189	92
240	230	189	93
239	230	189	93
238	230	189	93
238	229	189	92
237	229	189	92
238	229	188	93
237	229	188	93
237	228	188	92
236	228	189	92
236	228	188	92
236	228	188	92
235	228	188	93
235	228	188	93
234	227	188	93
233	228	188	93
233	227	188	93
233	227	188	93
234	226	188	92
232	228	188	93
233	226	188	92
232	226	188	92
232	226	188	92
231	226	188	92
231	226	188	92
231	226	187	92
231	227	187	92
231	226	187	92
230	227	188	92
231	226	188	92
232	226	188	92
233	225	187	92
236	225	187	92
239	223	187	92
243	222	187	92
244	222	186	93
246	221	186	93
247	221	186	93
249	220	185	93
252	219	185	93
254	218	184	93
257	219	184	93
258	218	184	94
261	217	184	94
263	217	183	94
266	216	183	95
268	215	182	95
270	214	182	96
273	214	182	95
275	212	182	96
277	212	182	96
280	211	182	95
281	212	182	96
284	211	182	96
286	214	182	96
289	214	181	96
290	214	180	96
293	217	180	97
296	218	180	97
299	220	179	97
303	222	179	98
305	224	178	98
307	226	178	98
311	229	177	98
314	233	178	97
318	237	177	97
321	240	177	97
324	244	176	96
327	249	176	96
331	253	176	96
334	258	175	96
336	262	174	96
339	266	174	96
342	270	174	96
346	275	173	96
349	279	173	97
351	282	173	97
354	283	172	97
356	285	171	97
361	285	171	98
364	286	171	99
367	286	171	99
369	286	170	100
372	287	170	100
375	286	170	101
378	286	169	102
381	286	169	102
385	285	169	103
387	285	168	103
390	285	168	103
394	284	168	103
396	283	168	104
400	283	167	104
402	282	166	104
406	282	166	104
410	281	166	105
413	280	165	105
416	280	164	105
418	279	165	105
422	278	165	106
