698	360	202	210
693	359	204	209
692	360	206	208
691	359	206	207
693	357	205	207
692	357	206	206
691	358	206	206
692	358	206	205
690	357	207	204
691	357	207	203
690	357	208	202
691	357	206	201
691	356	205	201
692	356	204	200
693	353	203	201
694	354	202	200
695	354	201	199
694	354	201	198
695	352	200	198
696	351	199	197
696	351	199	196
697	350	198	196
697	348	198	196
698	348	198	195
698	347	197	195
697	347	197	195
698	346	196	195
697	344	196	195
697	344	196	195
697	344	196	196
697	343	196	196
697	342	195	195
698	343	195	195
697	342	195	194
696	340	196	194
697	339	195	194
696	339	195	194
697	338	195	194
697	338	194	193
697	338	194	193
697	337	193	193
695	337	194	193
695	337	194	192
695	338	195	192
693	337	195	192
696	335	193	192
695	334	193	193
694	334	193	193
693	333	192	195
693	332	193	196
690	332	193	196
691	331	194	195
688	331	195	195
688	329	195	194
687	330	196	194
687	331	196	193
686	332	197	193
684	333	197	193
684	332	197	193
682	332	198	193
681	332	198	193
680	332	199	193
680	331	199	193
679	334	199	191
679	333	199	191
679	334	199	191
680	334	199	191
679	334	199	191
678	335	198	190
678	336	198	191
677	335	198	191
678	334	198	192
678	333	198	192
676	334	198	192
675	333	198	192
675	334	198	191
675	335	198	191
674	333	198	192
673	333	198	192
674	334	198	193
673	334	198	193
672	333	198	194
670	332	199	195
670	332	199	196
667	332	201	197
666	332	201	198
666	331	202	199
665	331	202	200
664	332	202	200
664	332	202	201
664	332	202	201
663	332	201	201
662	331	201	201
663	332	201	201
662	332	201	201
661	331	200	202
659	331	201	203
659	330	201	204
657	329	202	204
657	328	202	205
655	329	202	205
654	328	202	206
652	328	202	207
650	328	203	207
650	328	204	208
649	328	204	208
650	327	204	208
650	328	204	208
651	327	204	208
650	327	204	208
652	327	203	208
650	325	204	208
650	324	204	209
647	325	206	208
647	325	207	208
648	325	206	207
647	325	206	207
647	326	206	207
647	326	206	207
643	325	207	206
642	325	207	206
642	326	207	204
643	326	207	204
643	324	206	206
642	325	207	207
639	325	207	208
637	324	208	209
635	325	209	210
633	324	210	210
633	324	211	210
631	325	211	209
631	325	211	209
629	324	212	210
628	324	212	211
628	325	212	211
626	324	213	212
626	323	214	213
625	324	214	213
625	324	214	213
625	325	214	214
624	325	215	214
625	325	216	214
624	327	217	214
625	327	217	214
625	328	217	215
626	328	218	214
625	327	219	215
626	328	219	215
628	327	219	215
629	327	219	216
629	326	220	216
632	326	220	217
632	325	220	218
633	324	220	219
634	324	220	219
636	324	220	220
638	324	220	220
638	324	221	221
641	324	221	221
642	324	221	221
647	322	221	221
647	322	222	222
650	321	221	222
652	321	221	223
654	321	222	224
657	320	223	224
659	320	223	225
659	321	225	225
663	322	225	224
668	320	225	224
668	319	226	225
670	319	227	225
671	319	228	225
673	320	229	224
678	321	228	223
678	320	230	222
681	321	231	222
683	319	232	222
685	321	233	222
687	321	233	222
690	320	234	223
692	320	235	225
695	319	235	226
697	319	236	227
699	319	237	227
701	318	238	227
704	318	238	227
708	317	237	227
710	317	238	227
712	317	239	228
713	318	240	229
714	317	242	229
715	317	244	229
716	317	245	229
718	319	246	229
720	317	248	229
721	317	249	229
722	319	250	230
724	317	253	232
727	317	254	233
730	317	255	234
729	316	257	234
730	318	258	234
734	316	257	235
731	314	262	237
731	315	264	237
730	316	265	237
729	314	267	237
726	314	268	238
722	315	270	238
719	314	271	239
716	313	272	239
711	313	273	240
707	313	274	240
698	314	277	240
692	311	278	242
686	313	278	241
676	312	280	242
671	309	280	242
658	313	282	242
651	310	282	242
643	311	283	243
635	313	283	242
624	309	286	244
613	309	286	245
602	311	287	245
592	311	288	246
582	311	289	246
571	311	291	246
560	310	293	246
553	308	293	248
544	310	295	249
537	311	295	251
528	312	297	251
518	311	298	253
509	309	300	254
500	309	303	256
495	310	304	256
487	312	305	256
481	313	306	257
473	313	310	259
466	314	313	260
460	315	316	261
462	319	314	262
456	315	317	264
449	315	321	265
457	320	320	265
458	319	321	266
453	319	325	267
458	322	326	269
459	321	329	272
460	324	330	273
465	323	332	277
468	323	333	279
474	324	334	281
469	324	337	283
475	323	338	286
472	322	342	288
476	322	343	290
470	324	349	292
477	323	352	294
472	322	355	295
474	323	355	297
479	324	353	297
485	322	351	298
484	324	352	299
486	324	352	301
488	323	353	301
487	324	354	302
485	322	357	302
496	323	355	302
492	322	357	305
487	320	361	304
501	324	357	304
493	319	360	308
492	319	362	308
498	319	361	306
495	316	364	305
495	321	367	304
500	318	365	303
500	318	365	304
499	315	366	305
499	315	368	306
498	314	369	304
499	313	371	305
507	313	370	304
502	312	371	304
505	312	370	303
509	314	371	304
501	313	376	303
499	310	378	304
506	311	376	303
501	308	379	303
511	307	375	304
511	306	376	303
509	305	376	304
512	304	373	304
510	304	375	304
510	299	376	306
507	297	378	309
514	299	377	309
513	301	378	307
512	300	380	306
515	294	378	308
510	294	380	309
509	296	382	309
513	297	382	308
510	295	385	308
513	295	384	306
508	292	387	306
521	294	382	304
514	293	385	305
513	296	385	305
522	292	382	306
527	292	378	305
528	291	376	304
523	288	378	304
527	289	376	302
529	291	374	302
520	282	378	303
529	287	373	299
536	288	370	299
528	283	373	300
532	288	370	299
536	286	368	300
538	284	367	301
534	283	369	300
544	286	365	298
541	282	367	297
528	280	373	298
531	284	372	294
538	282	372	292
535	284	371	291
536	282	373	289
532	285	375	288
536	281	374	289
524	282	376	288
540	279	371	287
535	280	371	288
537	279	371	286
534	279	372	285
532	280	372	283
532	282	372	282
526	274	377	283
531	277	372	282
526	277	373	281
540	277	368	280
538	276	366	279
542	278	364	277
543	276	363	277
543	276	363	277
542	276	362	276
539	275	362	277
546	277	360	275
542	273	362	274
536	271	363	276
542	272	361	276
534	270	363	275
533	270	364	275
541	270	360	273
539	271	359	273
533	267	361	273
545	269	354	271
540	268	354	271
548	268	350	269
555	267	343	270
548	266	344	269
552	266	340	268
546	264	341	268
550	266	339	267
552	264	337	268
547	264	341	266
549	260	339	267
544	263	339	265
541	261	341	264
530	260	348	264
529	256	352	266
525	258	354	264
533	259	349	264
532	258	346	263
525	256	350	264
524	257	350	262
530	258	346	262
531	257	343	263
522	256	345	263
520	254	346	264
519	255	345	263
520	253	343	264
520	252	343	263
518	250	344	264
518	251	344	262
515	251	345	262
512	251	345	261
515	251	344	261
514	253	342	259
511	252	342	258
508	252	343	258
506	250	343	258
504	250	342	258
502	251	343	258
503	250	340	257
504	254	340	257
502	251	340	257
501	248	340	257
502	252	337	256
494	250	338	257
502	252	333	257
498	249	331	258
489	250	334	258
487	252	333	256
484	251	335	257
479	252	336	257
484	250	334	258
474	251	335	259
482	251	333	259
474	253	333	260
481	253	328	259
477	252	327	259
471	251	330	260
469	253	330	259
471	254	328	258
469	254	328	258
467	257	328	256
465	255	328	256
461	258	328	255
461	257	329	255
460	259	328	255
457	260	329	256
457	262	328	255
454	263	329	255
452	263	328	255
452	265	327	256
449	267	327	256
449	270	326	256
449	269	324	257
446	272	323	258
445	272	324	258
441	275	324	259
442	276	324	258
440	280	325	260
436	280	325	260
434	282	325	261
436	285	323	261
434	286	323	262
431	289	323	262
429	292	323	263
431	290	322	263
428	293	322	262
428	294	322	264
427	296	323	266
425	297	324	267
424	299	323	269
424	301	323	270
422	304	324	269
421	305	324	269
418	308	325	270
419	310	325	271
421	312	324	273
421	311	323	274
423	312	323	275
421	315	324	276
426	318	323	277
425	318	323	278
424	322	323	280
426	325	323	281
424	323	324	282
429	327	322	284
424	327	325	286
428	332	324	286
434	332	322	288
433	333	324	288
431	334	325	288
431	337	326	289
431	337	328	290
436	340	326	291
434	341	327	291
434	343	329	292
435	346	330	292
436	349	331	294
433	349	334	296
435	351	334	297
432	354	337	296
439	353	335	297
439	354	335	299
438	354	337	300
437	355	338	301
440	353	338	302
441	354	339	301
443	351	339	304
445	348	338	307
442	346	340	308
442	347	343	309
440	346	345	310
446	345	343	312
445	342	344	313
444	343	345	314
445	342	347	314
446	341	348	315
444	340	348	317
450	338	345	319
449	336	346	320
453	338	344	320
453	337	345	320
455	336	345	320
452	333	347	323
453	331	348	324
453	329	349	325
455	329	351	325
456	328	353	326
460	325	352	326
459	326	353	327
464	325	353	328
463	325	354	331
467	324	357	332
472	324	359	333
477	323	358	336
484	322	357	337
484	322	359	341
489	321	357	343
499	321	355	344
497	322	356	345
500	321	357	349
504	320	359	349
504	321	361	350
507	318	362	350
515	318	361	351
515	318	361	350
516	320	362	353
519	319	363	354
526	319	362	357
524	318	364	357
527	318	365	359
529	318	366	361
534	318	366	363
533	318	366	365
536	318	367	367
542	317	367	368
535	314	369	370
538	312	370	372
540	313	371	374
539	308	372	375
546	309	371	379
545	306	373	381
545	303	373	381
553	305	370	386
554	301	370	387
551	300	372	389
557	298	371	391
553	297	372	393
553	291	374	395
553	291	377	398
556	286	377	401
552	282	382	402
560	282	379	406
557	276	379	407
559	274	379	410
563	269	379	411
571	270	377	410
568	267	376	410
577	266	371	412
579	261	370	414
581	258	369	417
582	256	368	419
585	251	366	419
591	247	363	420
595	243	362	423
602	238	357	428
598	232	354	430
598	231	352	430
604	226	351	432
609	224	346	432
609	217	345	433
605	219	345	435
609	211	342	437
609	208	340	435
608	207	340	435
609	199	340	437
609	198	340	437
609	196	339	437
609	195	338	436
609	192	340	436
612	185	338	437
614	184	335	435
612	180	332	437
619	183	331	438
614	171	331	436
619	177	331	434
626	170	325	434
622	168	324	437
626	170	321	437
633	164	317	437
626	162	316	436
634	165	313	435
634	168	307	434
634	165	305	436
638	163	303	435
640	167	300	434
643	167	296	431
645	167	292	428
646	175	291	424
647	182	288	424
646	176	284	423
651	182	285	424
646	187	286	421
644	187	286	421
647	188	284	422
644	196	283	419
644	195	280	422
644	202	278	418
643	208	276	417
640	206	275	416
640	208	274	417
644	210	274	415
642	217	275	413
637	229	275	410
639	232	273	409
641	235	271	410
639	240	269	409
640	242	266	409
638	245	265	408
638	248	263	406
639	254	262	403
639	253	259	402
639	255	259	403
638	256	256	404
639	260	255	404
638	264	253	408
639	267	250	409
639	262	249	408
638	265	250	409
637	266	249	407
637	269	248	404
635	269	248	400
636	273	246	399
635	279	243	399
638	285	240	397
637	277	239	394
638	279	237	393
636	282	236	391
636	288	236	390
636	286	233	390
636	291	233	387
635	292	233	387
637	298	231	383
636	297	229	386
634	302	226	387
637	303	225	386
634	307	225	383
634	308	223	380
635	314	221	376
634	317	221	372
632	319	220	373
632	323	219	370
633	327	216	370
634	331	215	367
633	334	213	365
634	334	213	364
629	340	213	363
630	341	211	363
631	348	210	363
628	352	209	360
630	353	207	358
629	357	207	357
628	365	206	354
626	369	206	350
627	370	205	347
624	381	204	341
623	381	203	336
622	383	203	334
619	390	202	331
619	387	200	329
618	396	199	326
617	398	198	319
620	403	195	314
613	411	195	311
614	410	192	305
617	421	188	299
615	419	187	294
612	428	185	290
611	429	184	284
611	436	181	279
612	441	178	275
610	443	177	274
608	447	177	271
606	452	176	265
605	458	176	261
606	462	172	255
608	470	169	250
604	475	168	244
607	482	166	237
607	488	165	232
605	492	164	227
606	496	163	224
603	501	163	220
603	505	162	217
602	510	161	213
601	514	160	208
601	519	159	204
599	523	160	199
596	528	160	195
598	533	160	191
599	537	158	187
598	543	157	183
597	548	156	179
597	554	156	173
599	558	155	168
597	563	155	163
595	566	155	159
594	569	153	155
593	571	152	152
592	572	151	148
591	573	149	145
592	575	149	142
590	577	149	140
591	579	150	139
589	582	149	138
589	582	149	135
587	585	151	134
585	586	151	131
585	588	151	130
583	589	151	128
584	592	152	127
582	595	151	126
582	596	152	125
580	596	150	123
579	598	150	123
582	600	152	121
578	602	150	120
578	602	151	119
578	605	151	118
577	606	151	117
576	607	150	116
579	609	151	114
575	611	149	112
575	613	149	111
574	614	148	109
575	615	149	107
572	614	147	108
572	611	147	109
573	608	146	110
570	600	145	112
571	594	146	114
569	589	145	114
569	589	144	119
569	583	143	123
568	576	142	124
567	571	142	126
566	570	142	129
565	565	141	130
564	556	141	131
562	556	141	133
565	553	141	134
563	553	142	134
562	557	142	137
562	561	142	140
563	559	140	141
563	563	140	143
565	563	138	144
564	564	137	144
565	566	138	143
561	571	138	145
562	573	136	145
561	575	136	144
561	577	137	143
557	580	138	141
558	582	138	139
557	584	138	137
560	586	138	134
555	589	139	132
556	589	139	128
556	594	139	126
555	597	139	124
554	600	139	122
554	602	139	120
550	603	139	118
549	604	139	118
551	604	139	117
549	602	138	118
549	599	138	119
545	596	138	121
548	594	138	122
546	593	138	124
548	592	138	126
549	591	139	126
547	594	140	126
545	597	140	125
545	598	139	123
545	601	139	121
541	603	138	119
543	607	140	116
541	609	138	113
546	610	139	110
545	614	136	108
544	616	135	106
544	620	133	103
546	623	131	100
547	626	128	97
548	630	126	93
548	633	125	90
546	637	125	86
546	642	124	82
546	646	124	79
546	650	124	75
545	653	125	71
543	657	126	68
539	663	128	64
538	665	129	61
537	670	129	59
538	671	129	56
538	677	129	55
537	672	128	53
538	674	127	51
538	674	126	49
538	674	126	48
536	674	125	48
537	672	125	48
535	672	125	49
536	671	125	49
534	669	125	50
535	669	126	51
535	667	125	52
535	669	124	52
535	667	124	52
534	668	124	52
534	668	123	52
533	667	124	52
533	666	123	52
533	666	123	53
533	665	123	54
534	661	122	56
534	659	121	59
534	654	119	63
534	650	118	67
534	645	118	71
533	639	117	76
533	635	118	81
532	629	118	87
532	625	119	91
531	619	119	96
532	614	120	101
531	608	120	106
531	603	120	111
530	600	121	116
529	595	121	120
528	593	121	123
528	591	121	126
528	590	121	128
528	589	121	130
528	588	121	131
527	587	121	132
527	588	121	131
527	591	120	129
528	595	120	127
526	599	120	124
527	603	119	120
527	607	119	116
526	610	119	112
526	614	118	109
527	618	117	106
526	622	116	102
525	625	116	98
526	630	115	94
526	634	115	90
526	637	115	87
527	643	114	83
525	647	115	78
525	650	116	75
524	654	117	72
522	658	119	68
521	662	119	64
523	663	119	61
523	664	118	59
524	673	118	54
524	677	117	51
525	681	116	47
524	681	114	44
526	680	113	42
526	676	112	43
526	672	113	45
526	667	113	47
525	663	113	49
527	656	111	56
527	648	109	63
528	641	109	69
528	629	108	77
530	618	108	83
529	603	108	86
529	629	108	87
529	605	108	90
530	566	106	92
532	552	106	93
533	543	105	96
533	531	104	98
533	515	104	98
534	497	104	99
533	483	103	98
533	475	103	96
535	462	103	97
534	447	102	95
536	435	102	94
534	426	102	93
534	416	101	91
535	406	101	89
536	398	101	88
535	387	100	86
535	380	100	86
535	373	100	85
536	369	99	85
536	367	99	86
535	365	99	86
536	367	98	87
535	369	98	88
536	369	98	88
536	372	97	89
536	374	97	90
535	376	96	90
535	379	96	91
535	380	96	91
536	381	96	92
534	385	96	93
535	385	96	92
534	388	96	91
535	390	96	92
534	391	96	92
534	393	95	92
535	396	95	93
534	396	95	93
534	397	95	92
535	400	95	92
534	401	95	91
534	403	95	91
533	405	94	91
534	406	94	91
533	406	94	90
534	408	94	90
534	409	93	90
534	410	93	89
534	411	93	89
534	411	93	89
534	410	93	88
534	408	93	87
534	402	93	85
533	396	93	83
533	391	93	82
533	382	92	82
534	376	92	81
534	369	92	79
534	364	92	79
533	357	92	79
533	349	91	79
534	343	91	78
534	337	91	78
534	331	91	78
534	324	91	77
534	314	91	76
535	310	90	77
535	305	90	77
535	301	90	77
535	299	89	78
535	295	89	78
535	292	89	78
535	290	89	79
535	288	89	79
534	287	89	79
535	285	89	79
535	283	88	79
535	284	88	80
536	281	88	80
535	282	88	81
535	282	87	82
535	281	87	83
536	279	87	83
536	280	87	82
536	279	86	82
537	279	86	82
537	276	86	81
537	278	87	82
536	274	87	80
536	272	87	79
536	264	86	78
536	257	86	76
536	250	86	75
537	241	86	74
537	235	86	73
537	222	86	71
538	219	86	72
538	214	86	72
538	212	86	72
538	210	86	73
538	208	85	74
538	206	86	74
537	206	85	75
538	202	85	74
537	203	85	75
538	201	85	75
537	200	85	75
537	198	85	75
536	198	85	76
537	195	85	76
537	195	85	76
536	193	85	77
537	191	85	77
537	191	85	78
536	189	85	77
537	186	84	77
537	186	84	78
536	184	84	78
536	182	84	79
537	181	84	80
536	178	84	79
537	178	83	80
536	176	83	80
537	175	82	80
537	172	82	79
537	171	82	79
536	168	82	79
537	167	82	79
537	166	82	79
536	164	82	79
537	160	82	78
536	161	83	78
536	160	83	77
537	159	83	77
535	157	83	77
536	155	83	76
535	155	83	76
535	153	84	76
533	152	84	76
534	149	84	76
534	148	85	75
534	145	85	75
533	144	85	74
533	142	86	74
532	141	86	74
532	139	86	74
531	139	86	74
531	136	87	72
531	135	87	72
531	132	87	71
531	131	87	71
532	130	87	71
531	130	86	72
531	125	87	71
531	125	87	71
531	122	87	71
530	121	86	72
531	119	86	72
530	119	86	72
530	114	86	72
529	115	86	72
530	110	86	72
529	111	86	72
530	109	86	72
530	107	86	72
530	101	86	72
529	105	86	72
531	101	86	72
530	99	86	72
529	98	86	72
529	91	86	72
528	94	85	72
530	89	85	72
531	96	85	73
530	85	86	73
531	93	86	73
529	82	86	72
529	81	86	72
530	84	86	73
529	76	86	72
529	76	86	72
529	76	87	71
528	74	87	71
528	73	86	70
528	70	86	69
529	69	86	69
529	67	86	68
529	67	86	68
528	63	86	68
529	63	86	68
529	59	86	68
530	59	86	68
529	57	86	68
528	56	86	68
529	56	86	68
529	61	86	68
528	59	86	68
529	66	86	68
529	73	86	68
529	78	86	68
527	81	86	68
528	91	86	68
528	102	86	68
527	116	86	69
529	129	85	69
529	149	85	69
530	162	85	69
530	177	85	69
532	192	86	68
528	208	86	68
531	229	86	68
527	244	86	67
531	259	86	67
528	275	86	67
529	289	86	67
528	305	86	67
531	318	86	66
526	325	86	65
529	336	86	65
528	342	86	65
529	348	85	66
530	351	85	66
527	350	85	66
530	353	85	66
528	400	84	69
528	484	84	70
527	500	85	70
527	498	85	71
527	495	85	72
527	492	86	73
527	490	86	73
526	488	86	74
526	486	86	74
527	484	87	74
526	482	87	75
525	480	88	76
526	478	88	76
525	474	88	76
524	473	89	76
523	472	89	76
522	469	90	76
522	466	90	77
523	466	90	78
523	462	91	78
523	460	90	79
524	456	90	79
523	454	90	79
523	453	89	79
523	452	89	78
524	450	89	78
524	449	89	77
525	446	89	77
526	444	89	77
526	443	88	77
526	441	88	78
526	439	88	77
527	438	88	77
527	436	88	77
528	435	88	77
528	433	88	77
528	432	88	77
528	430	87	78
528	427	88	78
528	426	88	78
528	425	88	79
528	423	87	78
528	420	87	78
528	419	87	78
529	417	87	78
529	416	87	78
529	414	87	78
529	412	87	77
529	411	87	77
529	410	87	76
530	409	87	77
530	407	87	76
530	406	87	77
531	405	87	77
532	403	87	76
531	402	87	76
531	401	87	75
532	399	88	75
532	398	87	75
532	398	87	75
532	396	87	75
532	396	87	74
533	395	86	74
532	394	86	74
532	392	86	74
533	393	86	73
534	389	86	73
533	390	86	72
534	388	86	72
533	387	86	72
533	386	87	71
534	384	87	72
534	383	87	72
535	383	87	72
533	385	89	70
534	384	89	70
534	383	89	69
533	383	90	69
534	385	91	67
534	382	90	68
534	387	91	66
534	386	91	66
536	384	91	67
537	385	91	67
534	385	91	66
538	389	94	65
535	388	93	65
538	388	94	65
535	385	93	66
538	386	93	66
537	384	93	67
538	383	92	68
540	383	91	70
540	379	90	72
540	378	90	74
541	377	89	76
541	375	88	79
542	375	87	81
540	373	87	82
540	373	87	83
538	372	88	83
540	371	88	84
540	357	87	87
538	359	87	88
539	362	87	89
539	363	88	91
538	331	87	93
523	329	87	94
540	361	87	94
538	354	87	94
520	323	87	96
537	347	88	96
536	346	88	95
539	336	88	97
541	339	88	97
539	346	89	95
538	337	89	95
539	348	90	91
538	338	90	91
538	343	89	91
538	338	89	93
536	345	89	91
536	340	89	92
536	332	88	94
539	345	88	92
540	341	88	93
539	339	87	94
531	336	87	95
537	338	87	95
539	316	86	99
540	239	86	100
538	212	87	97
539	210	87	92
540	214	87	89
541	212	87	85
541	214	87	81
542	215	86	79
542	215	86	76
543	216	85	74
544	217	84	71
545	217	83	69
545	219	82	67
546	220	82	65
546	220	82	64
545	221	81	62
546	222	81	61
545	223	81	60
546	224	81	60
546	225	81	59
546	226	81	59
547	227	81	58
546	228	82	58
546	229	82	58
546	230	81	58
547	231	81	58
546	232	81	59
546	234	81	60
547	233	81	59
546	235	81	58
546	237	81	59
547	239	81	59
545	241	81	59
545	244	80	60
546	247	80	60
546	249	80	61
546	252	80	61
546	255	80	61
546	258	80	61
547	260	80	61
546	263	79	61
546	266	80	61
547	270	80	61
547	274	79	61
548	276	79	61
548	278	79	60
547	280	79	59
547	283	79	59
547	286	80	59
547	289	80	59
547	291	79	58
548	294	80	58
546	297	80	58
548	300	80	57
546	302	80	57
548	306	80	56
546	309	80	56
548	311	80	56
546	313	80	56
546	317	80	56
545	319	80	56
546	322	80	56
545	324	80	56
547	326	80	55
545	329	80	55
545	332	79	55
547	335	79	56
547	336	79	56
546	339	79	56
547	338	79	55
544	342	78	55
543	343	78	56
541	350	78	56
537	411	77	60
544	485	78	64
543	487	81	68
541	489	83	72
541	488	84	74
541	488	84	77
