1215	240	29	36
1211	240	31	33
1208	240	32	32
1206	240	32	32
1206	241	32	32
1203	241	32	32
1201	240	33	31
1200	240	33	31
1196	241	33	31
1194	240	33	31
1192	240	33	31
1191	240	32	31
1188	240	32	31
1185	241	33	31
1184	240	32	31
1181	240	32	31
1180	240	32	31
1178	240	32	31
1175	240	32	31
1173	239	33	30
1172	239	33	30
1172	239	33	30
1169	240	33	30
1167	239	33	30
1165	239	33	30
1163	239	33	30
1163	239	33	30
1161	239	33	30
1159	239	33	29
1158	239	32	30
1155	239	32	30
1156	238	32	30
1154	238	32	29
1153	238	32	29
1150	238	32	30
1148	238	32	29
1148	238	32	30
1146	238	31	30
1144	237	32	30
1143	237	32	29
1141	236	32	29
1140	236	33	29
1138	236	33	29
1136	237	33	29
1134	236	33	29
1132	236	33	29
1133	236	33	29
1131	235	32	29
1128	235	32	29
1127	235	32	29
1125	234	32	29
1126	234	31	30
1124	235	31	30
1121	234	31	30
1121	234	31	30
1118	233	31	30
1118	233	30	30
1117	233	30	30
1115	233	31	30
1113	233	31	30
1111	232	31	30
1111	232	30	30
1110	232	31	29
1107	232	31	30
1105	231	32	29
1103	232	32	29
1104	231	32	28
1102	232	32	29
1100	231	32	29
1097	231	32	29
1097	231	31	29
1097	230	31	29
1095	230	31	29
1094	230	31	29
1091	229	31	29
1089	230	31	29
1090	229	31	29
1088	230	31	29
1086	229	31	29
1085	229	30	30
1083	228	30	29
1084	229	30	30
1080	228	30	29
1079	228	30	29
1077	228	30	29
1075	228	30	29
1075	227	30	29
1073	227	30	29
1072	227	30	29
1070	227	30	29
1067	226	30	29
1068	226	30	29
1067	226	30	29
1065	225	30	29
1064	226	29	29
1062	226	30	29
1062	226	30	28
1060	225	30	29
1058	225	30	29
1056	224	30	29
1055	224	30	29
1055	225	30	29
1053	224	30	29
1051	224	31	28
1050	224	30	29
1048	224	30	29
1048	223	29	29
1047	224	30	29
1045	223	29	29
1043	224	29	29
1041	223	30	29
1041	223	30	28
1039	223	29	29
1038	223	30	28
1036	223	29	29
1035	222	29	29
1036	222	29	29
1033	222	29	29
1031	221	29	29
1030	221	29	29
1028	221	29	29
1029	222	29	29
1026	221	29	29
1025	220	29	28
1022	220	29	29
1022	221	29	28
1021	221	28	28
1019	221	28	28
1017	220	29	28
1016	219	29	28
1014	219	28	29
1015	219	28	28
1012	219	28	29
1011	219	28	29
1009	218	28	29
1007	218	28	29
1007	218	28	29
1006	218	28	29
1003	218	28	29
1002	218	28	28
999	217	28	28
1001	217	28	29
999	217	28	28
997	218	28	29
995	217	28	28
993	217	28	28
993	216	28	28
991	216	28	28
990	216	28	28
987	217	28	29
986	216	28	28
985	216	29	27
984	217	28	28
983	216	28	28
981	216	28	28
979	215	29	27
979	215	28	28
978	215	28	28
976	216	28	27
974	216	28	28
972	215	28	28
973	215	27	28
971	215	27	28
969	215	28	28
968	214	27	28
966	215	27	28
966	215	27	28
964	214	27	28
963	214	28	27
960	214	28	28
959	214	27	28
960	214	27	28
957	214	27	28
956	213	27	28
953	213	27	28
953	213	27	28
952	213	27	28
951	213	27	28
948	213	27	28
946	213	27	28
945	213	27	28
945	213	27	28
942	212	27	27
940	212	27	27
939	212	27	27
937	212	27	27
937	212	27	27
934	212	26	28
934	212	26	27
932	212	26	28
930	212	27	27
930	212	27	27
928	212	27	27
926	212	27	27
924	212	27	28
922	212	27	28
922	212	27	28
920	212	27	28
919	212	27	27
916	212	27	27
915	212	27	27
915	212	27	26
912	212	27	27
911	212	27	27
909	212	27	27
907	211	27	27
907	212	26	27
905	212	26	27
904	212	26	27
903	212	26	27
900	212	26	28
900	212	26	28
899	211	26	27
896	211	26	27
895	211	26	27
893	211	26	27
893	212	26	27
892	211	26	27
889	212	26	27
888	212	26	27
887	212	26	27
887	212	25	27
885	211	25	27
883	211	26	27
881	211	26	27
878	211	26	27
878	212	26	26
876	211	27	26
874	211	26	27
873	211	26	27
871	211	26	27
871	210	26	27
869	211	26	27
867	211	26	27
866	211	25	27
863	211	26	27
864	210	25	26
861	210	25	26
859	210	25	26
858	211	25	27
855	210	25	27
856	210	25	27
853	210	25	27
851	210	25	27
849	211	25	27
848	210	25	27
847	210	26	26
844	210	25	26
843	211	25	27
841	210	25	27
841	210	25	27
838	210	25	27
837	210	25	27
834	209	25	27
833	210	25	27
832	210	25	27
830	209	25	27
828	210	25	27
825	210	25	27
824	209	25	27
824	210	25	26
821	209	25	27
820	210	25	27
816	209	25	27
815	210	25	27
815	210	25	27
812	209	25	27
810	209	25	27
809	210	26	26
806	210	26	26
807	209	25	26
805	209	25	26
803	209	25	26
800	209	25	26
799	209	25	26
799	209	25	26
796	210	24	26
794	209	25	26
792	210	25	26
790	209	25	26
790	210	25	26
788	209	24	26
785	209	24	26
784	209	25	26
781	209	24	26
781	209	24	26
781	208	24	26
777	209	24	27
776	209	24	27
773	209	24	26
774	209	24	26
771	209	24	26
768	208	25	26
767	208	25	26
765	209	24	26
765	208	24	26
763	209	24	26
760	209	24	26
758	209	24	26
755	209	24	26
756	209	24	26
753	208	25	26
752	208	25	26
749	208	25	26
747	208	25	26
748	209	24	26
744	208	24	27
743	208	23	27
741	209	24	27
738	209	23	27
738	209	23	26
735	208	24	26
735	208	23	26
732	209	23	26
730	209	23	26
730	209	23	26
727	209	23	26
725	209	23	26
723	208	24	26
721	209	24	26
720	209	23	26
718	209	24	26
717	208	24	26
714	208	23	26
713	209	23	26
712	208	23	26
710	209	23	26
707	208	23	26
704	208	23	26
702	208	24	26
703	208	23	26
700	209	23	26
698	209	23	26
696	209	23	26
693	208	24	26
694	208	23	26
691	208	23	26
690	208	23	26
686	208	24	26
685	207	23	26
685	208	23	26
682	208	23	26
681	208	23	26
677	207	23	26
676	207	23	25
676	207	23	26
674	207	23	25
672	207	24	25
671	207	23	25
668	207	23	25
668	207	23	25
666	206	23	25
664	206	24	25
662	206	24	25
659	206	23	25
659	206	23	25
658	206	23	25
655	206	23	25
653	206	23	26
651	206	23	25
652	205	23	25
648	205	23	26
646	205	23	26
644	205	23	26
643	205	23	26
643	205	23	26
639	204	23	26
639	205	23	25
635	204	22	26
634	204	22	26
634	205	22	26
632	205	22	26
630	204	22	26
626	204	22	26
623	204	22	27
624	204	22	27
621	203	22	27
620	203	22	26
617	203	22	26
615	203	23	26
616	203	22	26
613	203	22	26
612	202	22	26
608	203	22	26
607	202	22	27
607	202	22	27
604	202	21	26
602	202	22	26
599	202	22	26
597	202	22	25
598	202	23	25
595	202	23	25
593	201	23	25
590	201	22	26
588	202	23	25
588	201	23	25
586	201	22	25
583	201	22	26
582	201	22	25
578	201	22	26
580	201	22	26
577	200	22	25
575	201	22	25
572	201	22	25
569	201	22	25
570	201	22	25
567	200	22	25
566	200	23	25
563	200	22	25
561	199	23	25
561	199	22	25
559	200	22	25
556	199	22	26
555	199	22	26
551	199	22	26
552	198	22	26
549	199	22	26
546	199	22	26
545	199	22	25
543	199	22	25
543	198	22	25
540	199	22	26
538	199	22	26
535	198	22	26
533	198	22	26
534	198	22	26
530	198	21	26
528	198	21	26
526	198	21	26
524	197	21	26
524	197	21	26
521	197	21	26
519	196	22	26
516	197	21	26
513	196	22	26
514	196	22	26
511	196	21	26
510	196	21	25
506	196	21	26
503	196	21	25
505	195	22	25
501	195	22	25
500	196	22	25
496	195	22	25
494	195	22	25
495	195	22	25
491	195	22	25
491	194	22	25
487	194	22	25
485	194	22	25
485	194	22	25
482	194	22	25
480	194	22	25
477	194	22	25
475	193	22	25
477	193	21	25
473	193	21	25
470	193	22	25
469	194	22	25
466	193	22	25
467	193	22	25
464	192	22	25
462	192	22	25
459	193	21	25
457	192	21	25
457	192	21	25
454	192	21	26
452	192	22	25
450	192	22	25
448	192	21	26
448	192	21	26
445	191	21	26
442	191	21	26
440	191	21	26
438	191	21	26
439	191	22	25
435	191	21	26
433	190	21	25
431	190	21	26
428	190	20	26
429	190	21	26
425	190	21	26
423	190	22	25
421	190	21	26
418	190	21	26
419	189	21	26
416	189	21	26
413	189	21	26
412	189	22	25
408	188	22	25
409	188	21	25
407	189	21	26
404	188	21	26
401	188	21	26
399	188	21	27
400	188	21	27
396	188	21	27
395	187	21	26
392	188	21	26
392	187	22	26
390	187	21	26
386	187	21	26
385	187	21	26
382	187	21	26
382	187	21	26
380	187	21	26
376	186	21	26
374	186	22	26
372	187	22	25
372	186	23	25
368	187	23	25
366	186	22	26
363	186	22	26
361	186	22	25
361	186	22	25
359	185	22	25
356	185	22	26
354	185	22	26
350	185	21	26
352	185	21	26
349	185	21	26
346	184	21	27
344	185	20	27
341	184	21	26
341	184	21	26
339	184	21	26
336	184	21	26
333	183	21	26
331	184	21	26
332	184	21	26
329	183	21	26
326	182	21	26
324	183	21	26
321	183	21	26
321	182	21	26
318	182	21	27
316	182	21	26
313	182	21	27
311	181	21	27
310	182	22	26
307	181	22	26
305	181	21	27
302	181	21	27
300	181	21	27
301	181	21	27
297	181	21	26
295	181	22	26
292	181	21	26
289	181	21	26
289	180	22	26
286	180	21	26
283	180	21	26
281	179	22	26
278	179	21	26
278	180	22	26
276	179	21	26
273	179	21	27
270	179	21	27
268	178	21	27
268	177	21	27
265	177	21	27
262	177	21	27
259	177	21	27
257	177	22	26
257	177	22	26
254	176	22	26
251	177	22	26
248	176	21	27
245	175	21	27
245	175	22	26
242	175	22	27
239	176	21	27
237	175	21	27
234	175	21	27
235	174	21	27
232	174	21	27
229	174	21	27
227	174	21	27
222	173	21	26
223	173	22	26
220	172	21	26
218	172	22	26
214	172	22	26
212	172	21	27
212	172	22	27
210	171	21	27
207	171	21	27
204	170	21	27
201	170	21	27
202	170	21	27
198	170	21	27
195	170	21	27
192	169	21	27
190	168	21	27
191	169	21	26
187	168	21	27
184	168	21	27
181	167	21	27
178	167	21	27
179	167	21	27
176	167	21	27
172	166	21	27
170	166	21	27
167	166	21	27
168	165	21	27
164	165	21	27
161	165	22	27
159	164	21	27
155	164	22	27
156	164	22	27
152	165	22	27
150	164	22	27
148	163	22	27
144	163	22	27
145	163	22	27
142	162	22	27
139	163	22	27
136	162	22	28
134	162	22	28
135	162	22	28
132	161	21	28
129	161	21	28
126	160	21	28
124	161	21	28
123	160	22	27
121	160	22	27
118	161	22	27
116	160	22	28
113	160	22	28
114	159	23	27
111	159	23	27
109	159	22	27
106	159	22	28
104	159	22	28
104	159	22	28
102	158	22	28
99	158	22	28
96	159	23	28
96	159	23	28
96	158	23	28
92	159	22	28
91	159	22	28
88	159	23	27
87	158	23	28
87	157	23	27
86	158	23	27
83	157	23	27
82	158	23	27
80	158	23	27
79	158	24	27
79	157	23	27
77	158	23	27
77	157	22	28
76	157	23	28
76	157	23	27
74	157	24	27
73	158	23	27
73	157	24	27
73	156	24	27
73	156	23	27
72	157	23	27
71	157	23	28
70	156	24	28
70	156	24	27
70	157	24	27
69	157	24	27
69	156	24	27
68	156	24	27
67	156	23	28
67	156	23	28
68	155	23	28
66	155	23	28
65	155	24	27
65	156	23	27
65	156	23	27
65	156	24	27
64	156	23	27
63	155	24	27
63	156	24	27
62	155	24	27
61	156	23	27
62	156	23	27
61	155	23	28
60	155	23	28
61	155	23	28
61	155	23	28
60	155	23	28
60	155	23	28
58	155	23	27
58	155	24	27
58	154	23	28
57	155	23	28
57	155	24	27
56	155	24	27
57	155	23	27
56	155	23	27
55	154	23	28
55	154	23	28
53	154	24	28
54	154	24	27
53	154	24	27
52	154	24	27
52	154	24	27
53	154	24	27
52	155	23	27
51	154	24	27
51	154	24	28
50	154	24	27
50	153	24	27
50	153	24	27
50	154	24	27
48	153	24	28
48	153	24	28
46	154	24	28
47	154	24	28
47	153	23	29
46	153	23	29
48	153	23	28
46	153	23	28
46	153	23	28
45	152	23	28
45	152	23	28
44	152	23	28
44	153	23	28
43	153	23	28
42	152	23	28
43	153	23	28
42	153	23	28
41	152	23	27
42	152	24	27
40	152	24	27
41	152	23	27
39	152	23	28
40	152	23	28
39	153	23	28
39	152	23	28
38	152	23	28
39	152	23	28
38	151	23	28
37	151	24	28
38	151	23	28
37	151	24	28
37	150	24	27
37	151	23	27
37	150	23	27
36	151	23	28
35	150	24	28
36	152	23	28
35	151	23	28
36	151	23	28
35	151	23	28
34	151	23	28
36	151	23	28
35	151	23	28
35	151	23	28
35	151	23	28
35	151	23	27
35	150	23	27
35	151	23	27
35	151	23	27
35	151	24	27
36	151	23	27
35	151	24	27
36	151	24	27
36	150	24	27
37	151	25	27
37	151	25	27
36	151	25	27
36	151	25	27
39	152	25	28
39	151	25	27
39	151	25	28
41	151	25	28
39	152	25	27
40	151	25	27
42	151	25	27
41	152	25	27
43	152	26	27
42	152	26	27
44	152	26	27
43	153	26	27
45	153	26	27
45	154	26	27
45	153	26	27
46	153	26	27
46	154	25	27
48	154	26	27
48	154	26	27
48	154	26	26
50	154	26	26
50	154	26	26
52	155	26	26
54	155	25	26
54	154	25	26
56	155	26	26
58	155	25	27
62	154	25	26
62	155	25	26
62	155	25	26
65	154	25	26
68	155	25	27
69	155	25	27
71	154	25	26
72	154	26	26
75	155	25	26
78	155	26	26
78	155	26	27
81	155	25	27
81	155	26	26
86	155	26	26
86	155	26	26
90	155	25	26
93	156	25	26
93	156	25	26
96	156	26	26
99	155	26	26
101	155	26	26
102	156	26	26
102	156	26	26
106	155	26	26
109	156	25	26
112	155	25	26
114	154	26	26
114	156	26	26
117	155	26	26
120	155	26	25
121	156	27	25
124	155	28	25
124	156	28	25
