530	525	22	62
530	524	22	61
530	524	22	61
529	525	22	61
529	525	22	61
529	524	23	61
529	525	23	60
528	526	23	60
527	527	23	60
528	527	23	59
528	528	23	59
527	528	23	59
528	528	23	59
528	528	23	58
527	528	23	58
528	529	23	59
528	529	23	59
527	529	23	59
528	530	22	59
527	530	23	59
527	530	22	60
527	530	22	60
527	531	22	61
527	531	21	61
527	532	22	61
527	531	22	62
527	531	22	62
527	532	21	62
527	532	22	62
526	533	22	61
527	534	22	61
526	534	22	61
526	534	22	61
526	535	22	61
526	535	22	60
525	535	22	60
525	536	22	61
525	536	22	60
525	537	22	61
525	537	22	62
526	536	22	62
526	537	22	62
526	537	22	62
525	537	22	63
524	538	22	62
525	538	22	61
524	539	22	61
525	539	22	62
524	539	22	62
524	539	22	61
524	539	22	61
524	540	22	62
523	540	22	62
525	540	22	62
523	541	22	62
523	542	22	61
523	542	22	61
524	542	22	61
523	542	22	62
523	543	22	62
523	543	22	61
522	543	22	61
522	544	22	61
523	543	23	60
522	543	22	61
521	542	22	61
522	540	23	60
522	537	22	60
522	535	23	60
521	534	23	60
523	528	22	60
522	524	22	61
522	521	22	61
523	518	22	60
522	513	22	60
522	507	21	60
523	501	21	60
522	495	22	60
523	489	22	59
523	483	22	59
523	476	21	59
523	470	21	59
522	464	21	59
523	457	22	58
523	453	21	59
523	449	21	59
522	448	22	59
522	445	22	59
521	443	22	58
521	441	23	58
521	441	22	58
521	441	22	59
521	441	22	58
521	442	22	59
521	441	22	58
520	442	23	58
521	441	22	58
521	442	22	58
520	443	23	58
520	443	22	59
521	443	22	59
520	443	22	59
520	444	22	59
520	444	22	59
519	444	22	59
521	446	21	60
518	445	22	59
519	445	22	59
519	446	22	59
519	446	22	58
519	447	22	58
517	447	23	57
518	448	23	58
517	447	23	57
517	448	24	57
517	448	23	58
518	449	23	58
518	449	23	58
517	449	22	58
518	449	22	59
517	449	22	59
517	449	22	59
518	450	22	59
517	450	22	59
518	449	22	59
517	449	23	58
517	448	22	58
517	447	23	58
516	447	23	58
516	446	23	58
516	446	23	59
516	445	23	59
516	444	22	60
516	443	22	60
517	443	22	60
516	442	22	60
516	442	22	60
517	443	22	61
515	442	22	60
516	443	21	60
516	443	22	60
515	443	22	59
515	444	22	59
515	443	23	59
515	444	23	58
515	444	23	59
515	444	23	58
514	444	22	59
514	443	22	59
514	442	22	59
514	441	22	59
514	440	23	60
513	439	23	59
514	439	23	58
514	439	23	59
515	437	22	59
514	437	22	60
514	436	22	60
514	436	22	59
513	435	23	59
513	435	23	59
513	435	22	59
513	435	22	59
513	435	22	59
513	434	22	59
512	434	22	60
513	433	23	59
512	433	22	60
512	433	22	59
511	432	23	58
512	433	23	58
511	433	23	58
511	432	23	57
512	433	22	58
511	431	23	57
512	430	22	58
510	430	22	59
511	428	22	58
512	428	22	60
512	427	21	60
512	426	21	60
511	425	21	61
511	424	21	61
512	424	21	60
512	423	21	59
511	422	21	60
511	421	21	59
511	421	21	60
510	420	21	60
511	419	21	58
511	420	21	59
509	417	22	58
510	417	22	59
510	416	22	59
510	416	22	59
510	415	21	60
510	413	21	59
510	414	21	60
509	411	21	60
509	411	22	60
510	410	21	60
509	410	22	60
508	408	22	60
509	408	22	59
507	406	23	59
509	407	22	59
509	406	22	60
508	406	22	59
508	404	22	59
508	404	22	60
508	403	22	60
508	402	22	60
508	402	22	60
508	401	21	60
508	400	22	60
508	399	21	60
507	399	22	59
507	398	22	59
507	399	22	59
506	397	23	58
507	397	23	59
506	397	23	58
506	397	22	59
507	396	23	58
506	396	22	58
506	396	22	59
507	396	21	60
507	396	21	60
507	396	21	60
507	396	21	61
506	396	22	60
507	396	21	60
506	396	21	59
506	396	21	60
506	396	22	60
506	397	22	59
505	397	22	59
505	397	22	59
505	397	22	59
505	397	22	59
505	397	22	59
505	397	22	60
505	398	22	59
504	398	22	60
505	398	22	59
504	399	22	59
505	399	22	58
503	399	23	58
505	399	22	58
503	400	23	58
503	401	23	58
502	400	23	58
503	401	23	57
501	402	25	56
502	402	24	57
502	402	23	57
503	402	23	57
502	402	23	58
502	403	23	58
502	403	22	59
503	403	22	60
503	403	21	60
503	403	21	60
503	403	21	61
503	402	21	61
503	403	21	61
502	404	21	61
502	404	21	61
501	404	22	60
501	405	21	61
501	404	22	60
500	404	22	60
501	404	22	59
501	406	22	60
502	406	22	60
501	405	22	60
501	406	22	60
499	407	23	59
500	406	23	59
500	406	22	60
498	406	23	59
499	407	23	58
499	407	23	59
499	408	22	58
499	407	22	58
499	408	22	59
498	408	22	60
499	407	23	59
498	408	23	59
498	408	23	58
498	408	23	58
498	408	23	58
497	408	23	58
498	408	23	58
497	408	23	59
497	409	22	59
497	408	22	60
496	408	22	59
496	408	22	59
497	408	22	59
496	409	22	59
496	408	22	60
496	409	21	60
496	409	21	60
496	409	21	60
495	409	21	61
496	409	21	60
495	409	21	61
496	410	21	61
495	409	21	62
496	409	21	60
495	411	21	60
495	410	21	59
495	411	21	60
495	411	21	60
494	410	21	60
494	410	22	59
493	409	22	59
494	409	22	59
494	410	22	59
494	409	21	60
494	409	21	60
493	409	22	60
492	409	22	59
492	409	22	59
492	408	23	58
492	408	23	58
491	408	23	59
492	408	23	59
491	408	24	59
492	408	23	59
492	407	23	59
492	407	22	59
492	406	22	59
492	407	22	60
491	407	22	60
491	406	22	59
491	406	22	58
491	406	22	58
491	406	22	58
491	404	23	58
491	405	22	58
491	404	22	59
491	404	22	59
491	404	22	59
490	403	22	59
490	403	22	59
490	403	22	58
489	402	22	58
489	401	22	58
490	402	21	59
490	401	22	59
489	400	22	58
489	401	23	57
489	401	22	58
489	400	22	57
489	400	22	58
489	399	22	58
488	399	23	58
488	399	23	59
488	397	23	58
488	397	23	58
488	396	23	57
487	396	23	58
488	395	23	59
487	393	23	59
487	393	23	58
486	393	23	58
487	391	23	58
486	392	24	58
487	390	23	58
486	389	23	58
487	390	23	58
487	389	23	57
487	388	22	58
486	387	22	58
485	386	22	59
486	385	22	59
485	384	22	59
485	383	22	59
485	382	22	58
485	381	22	58
486	381	22	58
485	380	22	58
485	379	22	58
484	378	22	59
485	377	22	59
485	376	22	59
484	376	22	60
485	374	22	58
484	373	22	59
484	375	22	59
483	372	22	59
485	372	22	58
483	371	22	58
485	370	22	58
483	368	22	58
484	369	23	58
483	368	23	58
483	366	23	57
482	367	23	58
484	365	23	58
483	364	23	59
482	363	23	59
481	363	23	59
479	361	23	60
479	361	22	60
477	359	22	60
475	358	22	60
473	358	22	59
471	357	23	58
469	358	23	58
467	358	23	59
463	358	22	59
459	358	22	60
456	357	22	60
452	357	22	60
449	358	22	59
445	359	22	60
442	359	22	60
437	359	22	60
433	359	23	60
430	360	22	60
426	360	22	60
423	360	23	60
415	361	23	59
410	362	23	59
405	363	23	60
399	363	22	59
395	364	22	60
386	364	22	59
381	366	22	59
375	366	23	58
370	367	22	58
364	368	22	59
356	368	23	58
351	370	23	58
346	371	23	59
339	371	23	59
335	372	23	59
327	373	23	59
321	374	23	58
316	376	23	59
310	375	23	59
304	376	23	59
296	377	24	58
290	380	24	59
285	380	23	59
280	381	24	59
273	383	24	59
265	383	24	58
260	385	24	60
253	385	24	59
246	387	25	58
242	387	24	60
233	388	24	60
228	391	24	60
222	391	24	60
216	392	24	61
209	393	24	61
200	394	25	60
195	397	24	60
189	397	24	60
181	398	25	60
176	399	25	61
167	400	26	60
161	403	25	61
154	403	25	61
149	405	25	62
142	406	25	62
133	406	26	61
127	409	26	61
119	410	26	60
114	412	26	61
106	413	26	62
96	414	27	61
91	417	25	62
84	417	26	61
77	419	26	61
71	420	26	61
61	422	28	61
