527	437	19	55
535	437	20	54
538	435	21	54
542	434	21	54
545	432	22	54
551	431	22	54
553	431	22	53
555	429	22	53
558	429	22	54
558	427	22	54
558	426	22	53
559	425	23	54
560	424	23	53
560	424	22	53
560	423	22	53
560	422	22	53
559	420	21	53
558	420	21	52
557	419	21	52
554	419	22	52
551	417	22	52
551	416	22	52
547	415	22	51
545	414	21	51
540	414	22	51
536	412	22	51
533	412	22	51
530	411	22	51
526	410	22	51
524	410	22	50
519	409	22	50
517	408	22	50
514	407	23	50
510	406	23	49
507	405	24	49
502	405	24	49
500	404	23	49
495	404	23	49
491	404	23	49
488	403	23	49
482	403	22	49
476	402	22	49
472	402	21	49
468	401	21	49
462	401	21	49
455	401	21	49
449	400	21	50
444	400	21	50
439	400	22	49
431	399	21	49
425	399	21	49
420	399	21	49
414	397	21	48
409	397	20	48
404	397	20	49
397	396	20	49
391	395	20	49
385	395	20	49
379	395	21	49
373	394	21	49
367	393	21	49
361	393	20	49
356	393	20	48
351	393	20	48
346	392	20	48
339	391	21	49
335	391	20	49
331	390	20	49
325	389	20	49
321	389	20	49
315	390	20	48
310	388	21	48
306	389	21	48
301	388	21	48
297	388	21	48
291	386	21	48
285	387	21	48
281	387	22	48
276	386	22	48
272	386	22	48
267	385	21	48
263	385	21	47
259	384	20	47
254	384	20	48
249	383	20	48
245	383	20	47
241	382	21	47
238	381	21	47
233	381	21	47
228	381	20	47
223	380	20	47
217	379	21	47
211	379	21	47
207	379	21	47
203	378	21	47
197	377	21	47
191	377	20	47
186	376	20	47
181	376	21	47
177	375	21	46
171	375	21	46
165	375	20	46
161	374	20	46
155	374	20	46
151	373	20	46
145	373	20	46
140	372	20	45
134	371	20	45
129	370	20	45
124	371	20	45
118	371	20	45
113	371	20	45
109	371	19	45
105	370	19	45
99	369	19	44
97	369	19	44
95	369	19	44
94	368	19	44
92	369	20	44
91	369	20	44
87	368	20	44
88	368	20	44
87	367	20	44
83	367	20	44
84	367	20	44
81	367	20	44
80	366	20	44
79	366	20	43
77	366	20	43
75	365	20	43
76	365	20	43
77	364	20	43
79	365	20	42
81	363	20	42
83	364	20	42
86	364	20	42
88	364	19	42
91	364	19	42
95	364	19	41
101	364	19	41
107	363	19	41
113	362	19	40
118	362	19	40
123	362	19	40
127	362	20	39
135	361	20	39
139	361	20	39
145	360	20	39
150	359	20	39
155	360	20	38
164	358	19	39
169	359	19	39
175	358	18	39
182	358	17	38
190	357	17	38
203	357	17	38
212	355	18	37
223	355	18	37
232	354	18	37
241	356	19	37
256	355	18	37
265	356	19	37
277	356	17	37
286	355	18	37
299	356	18	36
307	358	18	36
318	357	18	36
326	359	18	36
333	360	17	36
340	361	17	35
349	363	17	35
357	363	17	35
365	364	17	34
373	365	16	34
381	367	16	34
389	368	17	34
394	370	16	34
396	373	16	33
399	376	16	33
401	379	16	33
402	382	15	33
406	385	15	33
408	387	15	33
411	390	15	33
416	392	15	32
421	395	14	33
424	397	14	32
426	398	13	32
428	401	13	32
431	404	13	32
433	405	13	32
434	408	14	32
436	411	14	32
438	412	13	32
439	414	13	32
440	416	13	31
442	418	13	31
443	420	13	31
446	421	13	31
447	423	13	30
449	425	13	31
450	427	13	30
453	428	13	30
453	429	13	30
454	428	13	30
453	428	12	30
453	427	12	31
454	427	12	30
453	425	12	30
453	425	12	30
453	424	12	29
454	424	13	29
456	424	13	29
461	422	13	29
465	423	14	29
472	421	14	29
479	422	15	29
486	421	15	29
494	421	15	29
501	422	15	29
512	420	15	30
519	421	15	30
527	422	15	29
534	422	16	30
543	420	15	30
555	419	15	30
564	418	14	31
574	418	13	31
581	418	14	31
591	417	14	30
602	415	13	29
610	414	13	29
620	413	13	29
626	413	13	28
636	411	13	28
646	410	13	27
652	407	13	27
659	406	14	27
665	404	14	27
672	404	14	28
679	400	14	28
684	398	14	27
688	396	14	27
691	394	13	26
693	392	13	26
697	390	13	25
699	388	13	24
701	386	13	24
700	384	13	24
701	382	12	24
703	379	12	24
703	377	12	24
704	375	12	24
704	373	12	25
704	369	12	24
703	367	12	23
703	365	11	23
703	362	11	23
702	360	11	22
701	358	11	22
700	355	11	22
700	352	11	22
699	348	11	21
699	347	11	21
699	344	11	21
698	340	11	22
698	338	11	22
697	337	11	22
696	335	11	22
696	334	11	23
695	333	11	23
696	332	10	24
694	332	11	24
694	331	11	24
693	330	11	24
693	329	11	23
691	328	11	23
691	328	11	23
691	328	11	23
689	327	11	22
689	327	11	22
687	327	12	21
686	326	12	21
687	327	12	21
686	327	12	20
686	326	12	20
686	326	12	20
686	326	11	20
686	324	11	20
686	324	11	20
686	324	11	20
686	323	11	21
687	323	11	22
688	323	11	23
688	322	11	23
689	321	11	23
689	321	11	23
690	320	11	24
691	320	11	23
693	320	11	23
693	318	11	23
694	319	11	23
696	318	11	22
696	317	11	22
698	317	11	22
697	317	11	22
697	317	11	21
696	316	11	22
697	316	11	21
696	315	12	21
694	314	12	21
695	315	11	21
693	314	11	21
693	314	11	22
693	313	11	21
692	313	11	21
692	312	11	21
691	312	11	21
691	312	11	21
690	311	11	20
691	312	11	20
689	311	10	20
690	311	10	20
689	312	10	20
690	311	10	19
690	311	10	19
689	311	10	19
690	311	10	19
689	311	10	20
689	311	10	20
688	311	10	21
689	310	10	21
688	311	10	22
689	310	10	22
688	310	10	22
688	309	10	21
688	310	10	21
688	310	10	22
687	309	10	22
686	310	10	22
686	309	10	22
686	309	10	22
685	309	10	22
684	309	10	22
684	310	10	22
684	309	10	22
683	310	10	22
683	309	10	22
681	310	10	22
682	310	10	22
681	310	10	22
681	309	10	22
680	310	10	22
679	310	10	22
680	310	10	22
678	310	10	22
678	310	10	21
677	310	10	21
678	310	11	21
677	310	11	21
676	310	11	20
676	310	11	20
675	309	11	20
675	310	10	20
675	310	10	20
674	310	10	20
674	310	10	20
673	310	10	20
672	310	10	20
672	310	10	21
671	310	10	21
672	310	10	21
672	311	10	21
671	310	10	21
671	310	10	21
671	310	10	21
670	310	10	21
670	310	10	21
669	310	10	21
669	311	10	21
668	310	10	21
668	311	10	20
667	311	10	21
666	310	10	21
667	310	10	21
665	310	10	21
665	310	10	21
664	309	10	21
664	309	10	21
663	308	10	21
663	309	10	21
662	309	10	21
662	309	10	21
661	309	10	21
661	310	10	21
659	309	10	21
660	310	10	21
659	310	10	21
660	310	11	21
658	310	11	21
658	310	11	21
657	310	11	21
657	310	11	21
656	311	11	21
657	311	11	20
657	311	11	20
657	312	11	20
657	312	11	20
656	312	11	20
656	312	11	20
656	312	11	20
656	312	11	20
656	311	11	20
655	312	11	20
656	312	11	20
656	312	11	21
657	312	11	21
655	312	11	21
655	312	11	21
655	313	11	22
655	313	11	22
655	312	11	22
655	313	11	22
655	314	12	22
655	313	11	22
655	314	11	22
656	314	11	21
655	315	12	21
656	315	12	21
656	314	11	21
656	315	11	21
656	315	11	21
657	315	11	21
657	314	11	21
657	314	11	21
657	314	11	22
657	314	11	22
656	315	11	23
657	315	11	23
657	314	12	23
657	315	12	23
656	316	12	23
657	316	11	23
656	316	12	23
657	316	12	23
657	316	12	23
656	317	12	24
655	318	12	23
656	317	12	23
657	318	12	23
657	317	11	23
656	318	11	23
657	317	11	23
657	318	11	23
656	318	11	23
656	318	11	24
656	318	11	24
657	318	11	24
656	319	11	24
656	319	11	24
657	320	11	24
657	320	11	24
657	320	11	24
656	321	11	24
657	321	11	24
656	321	11	24
657	320	11	23
657	320	11	23
657	321	11	23
657	320	11	24
656	320	11	24
656	321	11	25
656	321	11	26
656	321	12	26
656	321	12	27
656	322	12	27
657	323	11	28
657	323	12	28
657	323	12	28
658	323	13	28
659	323	13	28
659	324	14	28
659	324	14	28
661	324	15	29
661	323	15	29
662	324	15	30
664	324	15	30
666	324	15	30
667	325	15	30
668	326	15	30
670	326	15	30
672	326	15	30
674	327	15	29
676	327	15	29
679	327	15	29
682	328	15	28
683	329	16	29
685	330	16	28
686	331	16	28
687	331	16	28
689	332	16	28
691	332	15	28
692	332	15	27
694	333	14	27
696	334	14	26
696	334	13	26
697	334	13	26
697	335	12	25
697	336	12	25
697	337	12	26
697	337	12	26
698	337	12	26
698	338	12	27
696	338	13	27
697	339	13	28
697	338	13	28
696	339	13	29
696	339	14	29
697	340	14	29
697	340	14	30
697	341	14	30
697	340	14	30
697	342	14	30
698	342	14	31
697	342	14	31
697	343	15	31
698	344	15	32
697	344	15	32
698	344	15	32
698	344	16	33
699	344	16	33
699	345	16	33
699	345	16	33
699	345	16	32
700	345	16	32
701	346	16	33
702	346	16	33
703	347	15	34
703	347	15	34
704	348	15	34
704	349	15	34
706	349	15	33
707	350	15	33
708	351	15	33
708	351	15	33
709	351	15	33
710	351	16	34
710	352	15	34
711	353	16	34
711	353	16	35
714	353	16	35
714	354	15	35
715	354	15	36
716	354	15	35
718	355	16	35
717	356	15	35
718	356	15	35
719	357	16	35
719	357	16	35
719	358	17	36
720	358	17	36
721	358	17	37
723	359	17	37
723	359	18	37
724	360	17	37
726	361	17	37
727	362	16	37
727	361	16	37
728	362	17	37
729	361	17	37
729	363	17	38
730	363	17	38
732	364	18	38
732	365	18	38
732	365	18	38
733	366	18	38
734	367	18	38
735	366	18	37
735	368	18	37
736	368	17	37
738	369	18	37
738	370	18	37
738	371	18	38
739	371	18	38
740	372	19	38
741	373	19	38
741	374	19	38
742	374	20	39
743	374	19	39
745	375	19	39
745	376	18	39
746	376	18	39
747	378	18	39
748	378	18	39
748	379	18	40
750	379	19	40
751	380	19	40
752	381	19	41
754	381	19	41
755	382	19	41
756	382	19	41
758	384	20	41
757	384	20	42
759	385	20	42
760	386	19	42
761	387	20	42
763	388	20	43
762	389	21	43
763	389	21	44
763	391	21	44
765	393	21	43
765	393	21	43
764	394	21	43
766	394	22	43
766	395	22	44
767	396	23	44
767	397	23	44
768	398	24	44
768	399	24	44
771	400	23	44
773	401	24	43
776	401	23	43
777	402	23	43
780	403	23	43
782	404	23	43
783	406	23	43
786	407	23	44
788	408	24	45
790	409	24	45
790	410	25	45
793	411	25	45
793	412	25	45
797	414	24	45
798	414	25	44
800	415	26	44
802	417	25	45
801	416	26	45
803	418	26	46
803	419	27	46
805	420	27	47
807	421	26	47
809	423	26	47
810	423	26	47
812	426	25	47
812	426	25	47
814	428	25	47
816	429	25	47
816	429	27	46
817	429	27	46
818	431	27	47
819	432	27	48
821	433	26	49
822	434	26	50
823	435	26	50
824	436	26	50
825	437	26	50
827	440	26	50
827	440	26	50
828	442	27	50
829	442	27	50
829	443	28	51
831	445	28	51
832	445	27	52
833	446	27	52
834	447	27	53
834	449	27	53
835	449	27	54
836	450	27	55
837	450	27	55
837	452	27	55
839	453	27	55
839	455	27	55
840	454	27	55
841	456	28	55
842	456	28	56
842	458	29	56
844	461	30	56
844	462	29	56
847	462	29	56
849	465	28	56
849	466	28	56
851	468	28	57
852	467	28	58
854	469	28	58
856	471	29	58
856	472	29	59
857	474	29	59
860	476	29	58
861	476	28	59
863	478	29	58
864	482	29	58
865	481	29	59
866	482	30	60
867	483	30	60
869	482	31	60
871	485	32	60
872	486	32	59
873	487	32	59
875	488	33	61
877	488	33	62
878	488	33	62
881	491	33	62
883	493	32	62
886	493	32	62
887	494	32	62
890	496	33	62
893	496	32	63
895	499	33	64
898	499	33	65
901	502	33	64
905	505	33	65
906	507	33	65
909	509	33	65
912	511	33	66
915	511	33	67
918	512	33	67
921	512	33	68
924	513	34	69
926	513	34	70
928	514	34	70
932	515	36	70
935	517	36	71
937	515	37	73
942	515	38	74
941	517	38	73
945	519	38	74
948	519	39	74
951	521	40	74
952	522	41	74
955	520	42	75
957	522	42	75
957	522	44	76
960	522	45	77
964	522	47	78
962	522	48	78
965	521	48	78
965	521	50	78
965	520	51	77
964	519	53	77
964	520	54	76
964	518	55	75
964	518	58	74
962	517	59	73
962	516	61	71
959	516	62	69
956	515	62	67
957	514	62	65
955	515	63	62
958	515	62	61
960	515	61	60
963	517	59	60
965	519	57	60
966	520	56	60
966	519	56	60
968	518	56	59
969	518	56	56
961	518	62	54
962	520	64	54
964	519	66	54
966	519	67	55
970	516	69	56
968	516	69	55
970	515	70	55
972	513	73	55
974	514	74	55
977	509	75	54
979	506	75	52
981	505	77	51
984	503	77	51
988	500	78	50
998	501	78	50
1000	499	80	49
1011	496	78	49
1014	498	78	50
1023	495	77	50
1028	491	78	49
1035	492	79	49
1046	490	76	50
1049	490	76	52
1059	489	74	55
1070	487	71	58
1071	483	71	58
1079	482	71	58
1082	480	71	58
1085	477	73	58
1094	474	73	57
1093	474	75	58
1103	471	74	59
1106	469	74	59
1107	467	75	60
1117	466	74	61
1122	462	72	61
1128	460	71	62
1133	459	70	63
1130	456	73	63
1135	453	73	62
1138	453	74	63
1138	451	76	63
1145	452	73	64
1146	451	73	64
1150	451	71	65
1153	449	71	66
1157	449	70	66
1162	448	68	66
1161	447	67	66
1167	445	66	67
1168	445	65	67
1172	443	64	67
1174	443	64	67
1174	442	64	67
1177	441	65	68
1177	440	65	68
1181	439	64	68
1183	439	63	68
1183	438	62	68
1183	436	63	68
1185	435	62	68
1185	435	62	68
1185	433	63	67
1185	433	63	67
1190	431	60	67
1189	430	60	68
1188	429	60	68
