663	450	128	132
663	450	126	133
662	451	126	134
663	452	127	134
664	452	127	135
661	453	127	135
662	454	126	135
663	454	126	135
661	456	127	136
663	457	126	136
664	460	126	136
663	460	127	136
662	462	127	136
663	464	128	136
661	464	129	136
665	466	129	136
662	467	129	137
661	469	130	137
662	470	130	137
662	472	130	137
661	472	130	137
662	474	129	138
662	474	130	138
661	475	131	138
660	475	132	139
659	476	133	138
660	477	133	138
659	477	134	139
658	477	135	138
659	477	135	138
660	478	135	138
658	478	135	138
659	478	136	138
658	479	136	138
658	478	137	138
658	479	137	138
657	479	139	138
656	480	138	138
657	480	138	138
658	481	139	137
656	481	139	138
657	481	139	138
657	482	140	138
656	482	140	138
656	482	141	138
656	482	141	138
656	483	141	138
657	483	141	139
655	484	142	139
658	485	141	138
657	485	141	139
658	486	141	139
656	485	141	139
656	486	142	139
655	487	144	140
656	488	144	140
655	489	145	140
655	490	146	140
655	491	145	140
655	491	145	141
656	492	145	140
652	494	146	140
655	495	146	140
654	496	147	140
653	496	149	140
653	497	150	140
652	498	150	140
652	498	150	140
653	499	151	140
653	500	151	140
653	501	151	140
651	500	150	140
655	501	150	140
653	503	152	141
654	502	151	141
656	503	151	141
653	504	153	142
655	505	152	141
655	507	153	142
655	506	153	141
657	506	153	142
656	507	152	142
657	507	152	142
657	507	153	142
657	508	155	142
658	508	153	142
657	509	154	142
657	510	155	142
659	510	154	142
657	511	154	143
658	511	154	143
661	511	155	143
658	511	156	143
661	511	155	143
660	511	156	143
659	512	157	144
664	512	156	144
661	513	158	144
663	513	158	145
660	513	160	145
664	513	159	144
663	514	159	145
665	514	159	145
664	514	158	146
666	513	158	145
664	515	160	145
668	514	160	145
664	515	161	145
667	514	162	145
666	515	162	145
667	515	163	145
667	515	163	145
668	515	163	145
669	515	164	145
670	516	164	146
672	515	164	147
671	515	164	147
672	515	165	147
672	515	166	148
673	515	165	149
673	515	165	149
674	514	165	149
674	514	166	150
674	515	167	149
674	516	167	149
675	514	168	149
675	513	169	149
674	514	170	149
674	514	171	149
675	513	171	150
675	513	172	150
675	514	174	149
675	513	176	149
675	512	177	149
676	512	179	150
675	513	180	151
674	511	181	151
675	511	182	152
675	511	182	152
674	512	184	153
675	511	184	152
677	512	186	152
674	512	186	152
676	512	184	154
679	511	186	154
676	511	188	153
679	511	190	155
677	511	191	154
677	510	190	155
678	509	191	155
679	509	192	156
679	508	191	156
680	508	191	156
683	508	192	157
681	508	193	158
680	509	194	157
682	508	194	157
681	508	194	158
681	508	194	158
682	508	194	158
683	507	194	159
682	505	194	158
684	505	194	159
683	504	195	159
680	504	195	159
682	501	198	158
679	501	198	158
678	497	200	157
677	497	199	159
676	495	200	158
675	493	201	158
674	493	202	158
672	491	201	158
671	491	202	158
672	490	202	159
670	488	203	159
672	487	204	160
670	487	204	161
668	485	205	159
669	485	206	160
666	484	207	159
669	483	209	159
669	483	208	160
669	482	210	159
666	482	210	159
666	480	212	159
668	479	214	161
670	477	216	161
667	477	217	161
666	478	218	161
664	476	217	160
664	478	217	161
666	476	219	161
665	477	220	160
662	477	220	160
663	477	219	160
663	477	218	159
664	479	219	159
666	480	222	159
663	479	223	157
662	482	222	157
662	480	222	157
661	482	220	159
661	481	223	158
661	481	224	159
660	480	223	159
660	481	223	160
660	481	226	159
662	482	228	159
660	484	228	158
660	482	230	157
658	484	229	156
660	484	229	157
662	484	230	156
660	487	229	157
662	485	232	154
657	488	230	156
661	486	235	155
658	487	235	155
658	487	234	156
660	487	235	156
655	489	232	157
661	487	239	156
656	490	238	157
655	488	238	158
657	489	239	158
656	489	240	157
654	490	238	157
656	490	238	156
654	490	239	156
655	489	240	155
654	491	241	155
651	490	238	156
653	491	238	157
657	489	240	156
652	493	240	157
657	493	244	157
652	492	247	155
652	493	249	155
651	493	251	155
650	494	253	156
648	494	253	156
647	494	253	155
646	494	256	154
645	495	259	154
645	493	262	154
641	495	262	155
643	494	264	154
639	496	261	155
642	494	261	155
637	496	258	155
641	495	258	155
641	497	261	155
639	496	260	154
637	499	257	155
638	497	257	155
637	497	256	155
637	496	258	153
633	498	255	155
635	497	259	154
632	498	258	153
631	497	259	153
628	498	258	154
631	497	259	153
627	496	257	154
629	497	259	153
627	498	261	154
627	496	264	153
626	499	264	153
624	498	264	153
626	498	264	153
623	499	264	154
625	498	267	153
624	500	269	153
624	500	270	153
622	500	271	153
624	500	272	153
621	498	276	152
617	500	276	154
618	500	276	155
617	499	276	155
618	500	277	156
613	499	276	157
618	499	280	156
619	497	285	155
612	500	286	155
613	498	286	155
609	499	284	156
610	500	280	157
612	499	278	156
610	497	276	155
611	498	273	153
608	497	273	151
609	500	271	152
612	496	273	151
605	499	272	152
608	498	273	150
607	499	272	149
607	498	275	147
603	500	275	148
603	500	274	149
606	500	276	150
604	498	280	148
602	498	282	147
603	497	284	147
601	500	284	147
599	498	284	147
599	497	285	146
600	497	285	144
596	498	284	145
599	498	282	145
598	497	283	145
597	497	282	145
598	497	282	144
600	495	283	144
599	497	284	144
597	498	284	145
597	496	285	146
596	498	285	146
595	496	285	147
596	495	287	146
595	495	287	145
594	496	287	145
592	497	285	145
595	496	285	145
594	495	287	145
592	495	287	144
589	495	287	144
592	496	289	144
591	495	290	143
588	495	288	143
588	495	289	142
588	496	289	142
587	497	289	144
586	495	287	143
587	494	288	141
586	496	287	142
585	495	288	141
584	497	288	142
583	497	289	140
584	495	292	140
584	496	291	140
584	497	290	142
582	496	291	141
583	495	293	141
583	495	293	141
581	498	294	140
581	495	294	140
580	495	296	139
580	496	297	138
581	497	299	137
582	497	301	137
582	494	302	136
577	500	301	137
576	496	299	138
579	497	301	137
580	497	303	138
577	498	303	138
574	497	299	139
574	497	297	139
572	497	297	138
573	499	300	138
571	501	296	140
571	498	296	140
572	501	296	139
573	499	295	137
571	501	296	138
571	499	295	138
571	500	294	137
572	503	297	138
570	499	297	137
570	501	296	136
570	501	297	135
569	503	298	135
568	503	295	136
567	504	295	137
566	504	297	136
564	501	297	135
566	503	300	132
565	502	303	131
564	505	304	131
562	504	303	131
562	503	304	131
561	503	304	131
561	505	302	133
562	503	301	133
561	502	302	132
559	502	304	131
561	504	306	130
561	502	307	130
561	503	309	130
560	502	311	128
558	503	313	128
560	504	313	128
556	503	312	128
556	505	311	127
555	504	309	127
558	504	308	126
560	505	309	125
562	503	307	127
564	506	307	127
565	506	306	127
565	506	306	129
565	504	305	130
566	504	305	131
566	505	307	128
567	506	309	125
565	506	310	124
564	507	312	123
566	508	311	123
566	507	312	124
565	507	310	123
566	508	310	124
567	505	310	123
569	507	309	124
568	506	311	123
569	507	311	124
570	508	311	122
569	507	313	121
570	509	312	121
569	506	312	120
572	508	312	119
573	506	312	119
573	509	313	119
572	506	313	119
572	509	311	120
572	508	312	118
574	511	314	117
573	509	313	116
572	510	313	115
575	510	316	113
574	510	317	112
575	510	315	112
575	508	315	113
574	512	314	112
578	511	316	112
576	510	315	113
579	509	313	112
579	509	315	111
579	510	316	111
578	511	317	109
580	511	315	110
582	509	316	110
581	508	315	112
581	509	316	112
579	510	316	112
580	509	317	111
579	509	317	109
582	508	318	107
578	508	318	107
581	507	321	107
578	509	320	106
580	509	320	106
581	510	319	106
582	509	319	106
581	510	318	106
585	513	322	104
583	512	322	104
583	512	322	104
585	511	322	103
585	511	320	103
587	510	320	103
586	511	322	102
588	513	325	101
586	511	325	101
584	513	323	100
586	513	323	100
588	513	323	100
589	513	324	98
589	512	325	98
590	510	325	98
590	506	322	99
592	506	321	100
595	508	320	99
594	507	320	99
595	507	320	99
597	504	317	100
598	507	317	98
598	505	317	99
599	507	316	98
601	507	315	97
603	506	316	96
603	508	315	96
606	508	315	96
607	508	314	96
608	508	313	96
608	508	315	96
608	508	315	95
613	507	318	94
613	507	317	95
613	506	317	95
613	508	315	93
617	507	316	93
616	504	315	94
617	505	314	92
618	506	315	91
618	505	313	92
622	506	316	91
622	504	315	92
623	506	316	92
625	505	316	92
624	503	315	93
624	504	317	92
624	505	317	92
625	504	316	91
625	504	316	91
629	505	319	91
627	503	316	92
629	503	317	91
627	502	316	91
630	503	317	90
629	503	317	89
633	500	319	89
632	503	317	90
634	502	317	89
634	502	316	89
638	503	318	88
636	500	316	88
637	501	315	88
638	502	316	88
638	502	315	88
640	502	314	87
638	500	312	87
644	500	315	88
642	501	312	89
644	500	313	88
642	498	312	89
644	499	312	88
646	499	312	89
646	499	311	90
647	499	310	89
648	499	310	87
651	498	311	86
648	495	308	89
652	495	310	87
652	496	310	87
654	497	312	86
652	493	310	87
654	493	308	88
658	495	310	88
656	496	311	88
656	495	309	88
657	498	309	86
662	494	309	86
657	494	308	86
661	493	309	85
660	493	306	85
663	494	307	85
661	493	305	85
663	494	307	85
661	494	305	85
661	493	303	84
663	493	303	82
660	494	303	83
661	489	302	84
659	491	300	85
661	487	300	84
660	487	299	86
662	488	299	86
660	488	299	86
662	490	302	86
660	490	302	86
659	487	301	88
660	490	301	85
665	490	299	86
664	489	298	87
664	487	299	88
667	484	298	89
665	486	298	87
668	485	299	87
668	486	300	85
667	481	298	87
669	481	296	87
675	482	296	88
672	480	294	88
672	480	292	89
674	480	291	88
678	479	289	88
676	481	289	88
676	477	287	88
683	478	284	87
681	479	286	88
681	476	285	89
682	477	284	89
684	477	284	89
682	475	284	89
680	475	284	89
681	476	283	89
685	473	281	90
683	474	281	91
684	474	280	90
688	474	278	89
684	473	278	90
689	470	276	90
684	471	276	90
685	472	276	92
686	470	274	92
686	472	275	91
687	472	272	92
687	470	272	91
689	471	271	92
691	468	270	93
691	467	270	93
691	466	270	94
690	466	269	94
692	464	267	94
688	464	268	93
689	464	267	91
691	461	265	91
690	463	265	93
691	461	264	95
689	462	265	94
690	461	265	94
690	460	266	95
687	458	265	96
691	459	264	96
685	459	264	95
685	459	263	94
685	461	262	94
684	460	260	94
683	459	259	94
685	459	258	94
684	458	258	96
682	456	258	97
684	456	258	95
681	457	258	95
686	457	255	95
683	456	256	95
681	454	255	96
681	456	254	95
682	453	254	96
680	453	253	96
679	452	252	97
678	453	251	97
677	449	249	99
680	453	247	98
680	449	247	97
675	449	246	97
675	450	245	97
674	450	245	95
671	451	245	94
672	449	246	94
670	451	246	93
671	449	245	95
670	447	244	96
672	447	242	96
672	445	240	97
669	445	241	97
669	444	238	97
670	445	237	97
671	445	236	96
671	446	236	95
670	445	235	95
669	446	234	95
668	444	232	97
669	443	230	96
668	445	229	96
669	446	230	96
668	443	229	96
668	442	229	95
668	443	228	95
665	442	229	93
666	441	228	94
666	441	227	92
665	441	227	91
664	440	226	91
665	441	224	91
664	441	223	90
663	439	223	90
662	438	221	91
661	437	220	91
661	435	218	91
661	437	216	92
663	437	215	91
663	436	213	91
663	432	212	92
662	434	211	92
661	434	210	93
662	434	209	93
662	432	208	93
661	433	209	92
660	431	208	92
662	434	206	92
661	430	206	91
660	432	206	91
662	431	205	92
660	430	205	91
661	429	204	90
659	429	204	89
660	428	202	90
661	428	200	89
658	427	200	89
660	427	198	88
660	427	199	87
661	426	198	87
659	426	197	87
660	426	196	86
659	425	195	85
658	424	194	86
658	424	193	86
658	424	192	87
656	422	191	88
656	422	190	87
657	422	189	87
655	422	190	88
657	422	189	87
656	422	189	87
657	422	189	85
655	422	188	85
657	421	187	84
657	423	186	84
655	422	185	84
655	421	185	84
655	420	184	83
655	421	182	84
656	421	181	85
655	420	181	84
654	421	180	84
654	419	179	83
654	419	177	83
654	418	176	83
653	418	175	83
651	417	174	83
650	418	174	84
652	417	172	84
649	417	172	84
651	418	172	83
649	416	172	83
648	415	170	82
647	415	170	82
646	417	169	82
646	416	169	81
645	416	168	81
645	415	168	81
645	414	167	81
644	414	167	81
644	415	168	81
643	413	168	81
642	413	168	82
642	412	166	82
644	413	164	82
642	414	164	81
640	411	163	80
637	411	162	80
639	412	162	80
638	411	161	81
638	412	161	81
637	412	161	81
635	411	162	81
636	412	162	81
635	412	161	81
637	411	160	82
637	411	160	82
634	412	160	81
637	411	159	81
635	412	158	82
632	411	158	82
634	412	155	82
634	411	153	81
633	411	152	81
632	411	152	81
634	411	151	81
629	410	151	81
631	411	150	80
630	411	150	80
625	410	149	80
629	411	148	79
626	410	148	79
626	409	147	79
623	411	148	79
625	411	147	77
627	410	144	77
624	410	142	76
623	411	141	76
625	409	138	76
624	409	137	76
623	409	137	76
621	408	136	76
620	408	136	76
619	407	136	76
619	409	137	76
618	407	137	76
613	410	137	77
614	409	138	77
613	408	136	77
611	409	136	77
613	407	135	77
612	407	133	76
613	406	130	75
611	407	130	74
611	405	129	74
609	406	130	73
608	407	130	74
610	406	127	74
607	407	126	73
607	408	126	72
609	404	123	73
607	404	122	73
607	405	122	73
605	404	122	74
602	405	121	73
603	406	121	73
602	408	121	73
601	407	121	74
600	406	120	74
597	406	120	74
595	407	120	74
598	405	119	73
594	406	119	73
594	407	118	73
594	405	119	73
591	407	119	74
591	406	119	74
589	405	119	74
588	405	119	74
589	405	118	73
588	404	117	73
589	405	115	73
590	404	113	72
590	404	112	73
591	403	110	73
591	403	108	72
589	403	107	71
591	403	106	71
590	404	106	70
590	405	105	69
589	403	105	69
590	403	104	69
590	404	104	69
589	403	104	69
587	404	103	69
588	405	102	69
588	404	102	69
586	405	102	69
583	405	102	70
583	408	103	69
580	406	103	70
580	408	104	70
578	407	105	70
577	407	106	71
575	407	107	71
573	407	107	72
574	407	107	71
573	407	108	71
574	407	107	70
573	408	107	70
575	406	105	71
573	406	103	71
575	405	103	71
574	406	101	71
575	406	101	70
573	405	100	70
574	405	100	69
574	405	98	68
576	406	97	68
575	404	95	68
576	404	94	67
575	405	93	66
577	406	92	66
574	406	92	66
572	405	91	66
573	405	91	66
572	407	90	66
571	406	89	65
570	406	89	65
569	406	89	65
568	405	89	65
567	407	89	65
566	407	89	64
565	407	89	64
564	406	89	64
562	408	88	65
562	407	88	64
560	408	88	65
561	406	88	65
558	409	87	66
559	407	87	65
556	408	87	65
556	407	87	65
554	407	87	65
555	407	87	65
552	408	87	66
552	406	86	65
551	408	86	66
550	406	86	66
549	406	86	67
549	407	86	66
549	407	86	67
548	407	86	69
547	406	86	69
547	408	86	70
545	407	86	69
545	407	85	68
545	407	85	68
544	406	85	69
544	406	85	70
543	406	85	70
543	406	85	70
542	406	84	69
542	405	84	68
542	407	84	70
