521	308	103	111
519	309	105	106
518	311	106	103
516	310	106	102
516	311	107	101
516	310	108	100
515	310	108	100
515	310	108	100
515	309	108	100
514	308	108	100
513	308	109	100
513	307	109	100
512	307	109	100
512	306	109	100
512	307	109	100
511	305	109	100
510	305	110	101
510	305	110	100
509	305	110	101
508	304	110	101
507	303	110	101
507	304	110	101
507	303	110	101
507	303	110	101
506	302	111	101
505	301	111	101
506	301	111	101
505	302	110	101
506	301	110	102
506	301	110	102
508	299	110	102
508	299	111	102
508	300	111	101
508	299	111	101
509	300	111	101
509	300	111	101
509	298	112	102
510	298	112	102
509	298	112	101
510	298	112	102
510	299	113	102
511	297	113	102
511	298	113	102
511	298	113	102
511	298	113	101
511	297	113	102
511	298	113	102
512	297	113	102
512	297	114	103
512	296	114	103
513	297	114	103
513	297	114	104
513	297	114	104
513	298	114	103
513	297	114	104
513	297	114	104
513	297	114	104
513	298	115	104
514	297	114	104
514	297	114	104
514	298	114	104
516	299	114	104
516	298	114	104
516	298	114	104
516	299	114	104
517	300	114	105
518	300	114	105
519	301	114	105
520	299	114	104
520	300	114	104
522	301	114	104
522	301	114	105
523	301	114	105
524	301	114	105
524	301	114	105
525	301	114	105
526	301	114	105
527	301	113	105
527	302	113	105
527	303	113	105
527	302	113	105
527	303	113	105
528	302	113	106
527	303	113	106
527	303	113	106
527	304	112	106
527	304	112	106
526	303	112	107
525	303	112	107
524	303	112	107
525	304	111	108
523	304	111	108
522	304	111	108
520	303	111	109
521	304	111	109
519	304	111	109
519	304	111	110
516	304	111	109
517	305	110	110
515	305	111	110
514	305	111	110
512	306	111	111
511	307	111	111
510	307	110	111
510	308	110	112
508	307	110	112
507	308	110	112
506	308	110	113
504	309	110	113
503	309	110	114
502	309	109	114
500	309	110	115
499	310	109	115
497	310	109	115
496	310	109	116
494	310	109	116
493	310	109	117
493	310	109	117
491	311	109	118
490	311	108	118
488	311	109	118
487	311	108	119
486	312	108	120
486	313	108	120
487	313	108	120
487	313	108	120
489	313	108	120
490	313	108	120
493	314	107	121
495	313	107	121
498	314	107	121
500	313	107	121
503	314	106	122
507	314	106	122
510	314	106	122
516	314	106	122
519	313	106	123
524	313	106	124
527	313	106	124
531	314	106	125
537	313	106	125
541	313	106	125
545	313	106	126
549	313	106	127
554	313	105	127
559	313	106	128
564	314	105	127
567	313	105	128
572	312	105	129
576	314	105	129
580	314	106	129
584	314	105	129
588	314	106	130
590	315	106	130
593	315	106	130
597	315	106	131
600	316	107	131
602	316	107	132
605	316	107	132
607	316	107	133
611	318	107	133
612	318	107	133
614	319	108	133
616	319	107	133
617	318	107	134
621	321	107	134
622	320	108	135
623	320	107	136
625	320	107	136
627	322	108	137
629	323	107	137
630	323	107	137
631	323	108	137
633	326	108	138
633	325	109	137
635	326	108	138
636	327	108	139
637	327	108	140
638	328	108	140
639	329	108	141
641	329	109	142
641	329	108	142
642	329	108	143
644	329	109	144
644	332	109	144
646	332	109	144
647	333	109	145
648	333	109	146
649	334	110	146
651	335	109	147
653	336	109	147
653	337	110	148
653	337	110	149
653	339	110	150
654	338	110	150
655	340	111	152
654	339	111	153
653	340	112	154
653	340	112	154
652	341	113	156
651	342	113	157
651	343	114	158
649	344	114	158
650	344	115	158
648	345	115	159
648	347	115	160
648	346	114	161
646	348	115	162
646	349	116	163
646	349	116	163
643	351	116	164
643	350	116	164
642	352	117	166
642	352	118	167
639	353	118	168
638	354	119	170
637	354	119	170
636	356	119	172
634	356	119	173
633	355	119	174
631	358	120	176
630	358	120	176
628	360	121	177
627	359	121	177
625	362	121	179
623	362	122	179
623	364	123	181
620	364	123	181
620	364	124	183
617	366	124	185
615	366	124	185
615	368	124	187
613	369	124	187
611	370	125	188
610	369	125	188
607	370	125	190
607	372	126	191
605	371	126	192
603	373	128	193
603	374	128	193
601	373	128	194
600	375	129	195
600	377	129	196
599	376	129	196
599	378	129	198
600	380	129	199
599	378	130	198
598	379	130	200
599	380	130	200
600	380	130	202
600	381	130	203
601	382	130	204
602	383	131	204
602	384	131	205
602	384	132	206
603	385	131	207
603	383	131	208
605	384	132	208
604	385	132	209
606	385	131	210
606	386	132	211
607	386	132	211
606	386	132	212
607	386	131	212
606	386	132	213
605	387	133	213
604	386	134	214
604	386	133	216
603	386	134	216
601	387	134	217
600	386	135	217
599	386	135	218
597	384	135	218
597	386	136	218
595	384	136	218
595	385	136	219
594	385	137	220
592	382	137	218
592	383	137	220
591	383	137	220
590	383	137	221
588	381	137	221
588	382	138	221
588	382	138	221
586	380	138	222
585	380	138	222
584	381	138	222
584	380	138	223
582	379	138	223
582	380	138	224
580	380	139	224
579	380	139	224
578	378	140	223
578	379	140	224
577	380	139	225
577	378	139	224
576	379	139	224
575	379	139	225
574	378	139	225
573	379	140	225
573	380	140	225
572	378	140	225
571	380	140	225
570	375	141	223
570	379	140	223
570	380	140	223
569	379	140	224
568	378	140	225
568	378	140	225
567	379	140	226
566	380	140	226
565	378	140	227
564	378	140	227
565	379	140	228
565	379	139	229
563	379	139	228
563	380	140	228
562	380	140	228
561	381	140	228
561	380	140	228
559	382	141	228
558	384	141	228
559	383	140	229
558	384	140	229
556	384	141	230
556	387	141	229
555	386	141	230
555	388	141	230
554	387	141	231
554	389	141	231
553	390	141	232
553	390	141	233
553	389	141	233
552	392	140	234
551	393	140	235
551	395	141	235
550	395	141	235
549	396	142	236
549	399	142	236
548	397	142	236
547	399	142	237
546	401	142	237
545	402	143	238
545	404	143	238
544	404	143	239
543	405	143	240
542	406	143	241
542	408	143	241
542	408	143	242
541	409	144	242
540	411	144	241
539	411	145	242
539	412	144	243
537	413	145	244
537	414	144	245
536	415	145	246
535	415	145	247
534	417	145	247
534	417	145	248
534	418	145	249
534	419	145	249
532	421	146	249
532	422	145	249
532	423	145	250
532	424	145	250
531	425	145	251
530	426	145	251
530	426	145	252
529	429	145	253
528	430	145	253
527	430	145	253
526	430	146	255
527	432	146	255
525	433	146	256
524	433	147	257
524	435	147	258
523	433	147	259
522	433	148	260
522	434	147	261
520	434	148	262
520	434	148	263
520	434	147	264
520	436	148	265
518	436	148	264
518	434	148	266
517	433	148	265
517	431	149	264
516	430	149	264
517	427	149	264
515	425	149	264
515	426	149	265
513	424	149	263
513	423	149	264
513	421	149	263
513	421	149	262
511	419	149	263
512	417	148	262
511	418	149	262
510	416	150	261
510	415	150	259
509	415	150	259
509	415	150	259
507	414	151	258
507	413	151	258
507	412	151	258
505	409	151	258
506	410	151	257
504	410	152	257
502	411	152	255
503	410	152	255
500	405	153	256
500	406	153	255
500	404	153	253
498	401	153	252
497	401	154	250
498	401	155	249
497	400	154	248
497	399	155	246
496	399	156	244
495	398	156	243
496	396	156	244
494	394	156	244
494	394	157	243
492	394	159	242
492	392	159	240
490	392	160	239
490	391	159	239
488	390	160	238
488	388	161	238
486	387	162	236
486	385	162	236
487	383	162	235
487	380	162	236
489	383	163	235
489	380	163	233
492	378	164	232
493	377	164	233
494	377	165	232
496	375	166	231
498	373	166	231
500	371	166	230
501	370	168	230
502	368	169	229
504	366	170	230
506	365	170	229
506	363	171	228
509	364	171	226
507	362	173	225
510	363	173	224
510	363	175	223
510	359	175	223
510	359	176	223
511	356	177	223
508	356	179	224
508	356	179	223
507	355	181	222
506	352	182	223
505	355	183	221
501	353	185	221
499	354	186	219
496	354	187	217
493	353	188	217
493	352	188	217
488	352	189	216
487	351	189	215
482	352	190	214
480	349	191	215
477	351	192	212
474	351	194	212
471	347	195	214
466	350	196	213
464	347	196	212
461	348	197	211
459	345	197	212
454	343	199	213
452	343	199	213
448	341	200	214
447	340	201	214
442	338	202	214
438	340	203	213
436	336	203	214
435	333	204	215
430	334	205	214
428	335	206	213
424	335	206	212
418	337	207	210
416	336	208	210
413	335	208	209
409	336	209	208
406	337	210	207
403	338	210	206
399	337	210	206
396	336	210	205
393	335	211	205
390	337	211	204
386	334	211	204
381	335	213	204
378	336	213	204
374	335	213	203
370	334	214	203
366	337	214	202
363	336	215	200
358	336	215	199
355	336	215	198
351	337	216	197
346	336	217	197
343	336	217	196
338	337	218	195
336	335	218	195
331	335	219	195
324	332	221	196
316	337	224	194
312	335	226	194
308	334	228	194
303	334	229	194
300	336	230	193
297	336	230	192
296	334	230	191
295	334	230	191
294	335	229	191
291	335	229	190
289	337	229	188
287	338	229	186
286	336	230	186
284	336	230	186
282	336	231	185
280	336	231	185
278	336	232	185
277	335	232	185
275	333	233	185
274	335	234	185
272	333	235	185
271	333	236	183
270	334	237	182
270	334	239	181
272	334	240	180
272	333	241	180
273	332	240	178
275	332	241	177
277	331	241	176
279	330	241	176
281	331	241	176
283	329	240	175
286	328	239	176
288	327	239	175
291	327	238	174
293	324	237	174
296	325	236	174
299	322	235	174
303	324	235	173
306	320	234	173
307	321	234	172
310	319	233	172
312	319	234	172
313	321	233	171
317	317	235	170
317	318	235	170
319	316	235	171
320	317	235	170
322	315	235	170
323	315	236	171
325	312	235	171
327	312	235	170
327	313	234	169
329	311	234	169
329	310	233	168
329	310	232	168
330	306	232	168
329	308	231	166
330	307	231	165
331	307	230	164
329	306	230	164
329	306	231	163
328	305	231	162
327	303	231	162
326	303	231	161
323	304	232	160
322	303	232	160
319	304	233	158
318	304	234	157
315	303	234	156
311	304	235	155
309	302	235	154
306	302	235	153
303	300	236	152
298	298	236	153
295	299	236	152
292	297	236	152
287	296	236	152
283	298	236	151
279	296	236	151
274	295	236	151
272	294	237	150
268	294	237	150
263	293	237	149
259	293	238	149
254	294	239	148
249	293	241	147
243	294	242	146
241	294	244	145
234	294	244	144
232	294	244	144
227	294	244	143
224	294	246	142
219	295	246	140
216	292	245	141
213	294	245	139
211	294	245	138
209	293	245	137
207	292	244	137
204	293	244	136
203	291	244	136
202	292	244	135
200	291	244	134
197	289	244	134
196	289	244	134
193	288	244	133
193	286	245	132
191	286	244	133
190	285	244	132
188	283	243	132
186	283	243	131
184	281	243	130
183	280	242	130
182	280	243	130
179	277	242	130
177	278	241	130
176	276	242	128
173	276	241	128
172	275	241	127
169	275	240	127
167	274	240	126
166	274	240	126
165	272	239	125
163	273	239	125
161	271	238	124
159	270	237	123
156	270	237	123
155	270	237	123
153	268	237	122
151	267	236	121
149	266	235	121
147	265	235	120
144	264	234	119
143	264	234	118
142	263	234	118
139	262	234	117
137	261	234	117
135	259	233	117
133	259	234	117
131	258	233	117
129	257	233	117
127	256	232	116
124	255	231	116
122	255	231	115
119	253	230	115
117	253	230	115
115	252	230	115
113	251	229	114
110	251	228	114
107	250	227	113
105	249	226	112
103	248	226	111
100	248	226	111
99	247	225	110
95	246	224	109
93	245	224	109
91	245	223	108
89	244	223	108
87	243	222	108
86	241	222	108
84	240	221	108
82	238	220	108
80	237	220	108
78	236	219	108
76	235	218	107
74	234	218	107
74	231	217	107
72	231	217	107
70	229	216	107
69	228	215	107
68	226	214	107
68	226	213	107
67	224	212	107
66	222	211	107
66	221	210	107
65	219	209	106
67	219	207	106
68	215	205	106
67	217	204	106
69	214	203	105
69	211	201	106
68	212	200	105
70	210	199	105
72	209	198	105
72	207	199	104
72	208	199	103
73	206	200	102
73	206	201	101
74	206	202	100
73	204	203	100
74	202	205	99
72	199	204	100
71	198	203	100
70	195	201	100
70	194	199	100
68	193	194	100
68	193	190	99
70	191	187	99
69	190	184	100
69	189	182	99
70	187	179	99
71	186	177	99
72	186	175	98
72	186	173	97
72	184	171	96
73	183	169	95
73	182	167	95
74	180	166	95
75	179	164	95
77	178	162	94
78	176	160	94
79	175	159	94
80	172	158	94
81	172	156	93
83	170	155	93
84	168	153	93
85	166	152	93
88	165	150	92
89	163	149	92
90	161	147	91
92	160	146	91
94	158	145	91
96	157	144	90
96	155	143	90
99	154	142	90
100	155	140	89
101	155	139	89
103	156	137	89
105	157	136	90
107	159	135	90
109	161	133	89
111	162	131	89
112	165	130	88
114	167	129	88
116	168	127	88
116	171	126	88
118	172	124	87
118	174	123	87
119	177	122	86
120	179	121	86
121	181	120	86
121	184	119	85
123	185	118	85
124	187	117	85
127	190	116	84
127	191	114	84
130	193	114	83
131	194	112	83
133	195	111	83
136	197	110	82
136	198	109	82
139	201	108	81
141	201	107	81
143	202	106	80
146	204	105	80
147	204	104	79
150	206	103	79
152	206	102	78
154	207	101	78
157	208	100	77
160	209	99	77
161	209	98	76
164	210	97	76
166	211	96	75
169	211	96	75
171	211	95	75
174	212	94	74
176	211	93	74
179	212	93	74
181	212	93	73
185	213	92	73
187	213	91	73
192	213	91	72
196	213	90	72
202	213	89	71
206	213	87	71
212	212	86	71
217	213	85	70
223	213	84	70
231	213	83	69
238	213	82	69
244	214	80	69
252	213	79	68
260	214	77	68
269	213	77	68
276	214	76	67
285	214	76	67
293	213	75	67
302	213	75	66
314	214	73	66
324	214	73	66
334	213	71	65
344	214	71	65
353	214	70	64
366	215	69	64
375	214	68	64
384	214	68	63
394	214	67	63
403	214	66	63
416	215	65	62
426	215	65	62
435	215	65	62
444	215	64	61
454	215	64	61
467	215	63	61
477	216	63	60
485	215	62	60
492	216	62	59
498	215	62	59
506	216	62	59
509	216	61	59
512	216	61	59
515	217	61	58
516	216	61	58
517	217	61	59
517	217	62	59
516	217	62	58
515	217	62	58
513	217	62	58
509	217	62	58
507	217	62	58
505	216	62	58
501	216	62	58
499	216	62	57
496	216	63	58
494	215	63	58
491	215	63	58
489	215	63	58
487	215	63	58
483	215	64	58
481	215	64	58
479	214	64	58
477	215	64	58
475	215	64	57
472	215	64	58
470	215	64	58
468	215	65	58
465	216	65	57
463	215	65	57
460	215	65	57
458	216	65	57
456	216	65	57
454	215	66	57
451	216	66	58
449	215	66	57
447	216	66	58
445	216	66	58
443	216	67	58
441	215	67	58
438	216	67	58
436	217	67	58
435	216	67	58
433	217	67	58
431	217	68	58
429	217	68	58
427	216	68	58
426	216	68	58
425	217	69	58
423	218	69	58
422	217	69	58
420	218	69	58
419	218	69	58
418	218	70	58
416	219	70	58
415	219	70	58
414	219	70	58
413	219	70	58
412	219	71	58
411	220	71	58
410	220	71	58
409	220	71	58
410	220	71	58
411	220	72	58
412	220	72	58
414	219	72	58
416	221	72	58
418	219	73	58
420	220	73	59
423	221	73	59
426	220	73	59
429	220	74	59
432	221	73	59
434	221	73	58
438	220	74	59
442	220	74	59
444	221	74	59
447	221	73	59
449	221	73	58
453	221	74	59
457	221	74	59
459	222	74	58
462	222	74	58
464	222	74	58
467	221	74	58
470	221	74	58
472	222	74	58
475	222	74	58
478	222	74	58
480	223	74	58
484	223	75	58
487	223	75	58
489	223	74	58
492	224	75	58
495	224	75	58
497	223	75	58
500	223	75	58
502	224	75	58
505	225	75	58
508	225	75	58
510	225	75	58
513	226	75	58
515	225	75	58
517	225	76	58
519	226	76	58
522	227	76	58
524	227	76	58
527	226	76	58
529	227	76	58
530	228	76	58
534	228	76	58
537	229	77	58
538	228	76	58
541	229	77	58
544	229	77	58
546	230	77	58
549	230	77	59
550	230	77	59
552	230	77	59
555	231	78	59
556	230	77	59
558	231	78	60
560	231	78	60
561	231	79	60
562	232	80	60
563	232	81	61
565	231	83	61
568	229	87	63
569	228	92	65
569	228	94	66
569	228	96	67
570	227	97	68
571	227	97	69
571	227	97	69
572	227	97	70
573	228	97	70
573	229	98	70
575	230	98	70
575	230	97	70
577	231	97	69
578	232	96	69
579	232	96	69
581	233	95	69
582	234	95	69
583	234	94	69
585	235	93	69
586	236	93	68
587	238	93	68
588	239	92	68
589	239	92	68
591	240	91	67
592	241	91	67
593	241	91	67
595	242	90	67
596	244	90	67
598	245	89	67
598	245	89	67
600	246	88	67
601	247	87	67
603	248	87	67
605	248	87	67
605	250	86	67
607	251	86	67
609	251	85	67
610	251	85	68
611	252	85	68
613	253	85	68
615	254	85	68
617	254	85	68
618	256	85	68
620	256	85	68
621	257	85	69
623	258	86	69
624	259	85	69
625	260	85	69
628	261	86	69
630	262	86	69
631	263	86	70
633	264	87	70
635	264	87	71
637	266	88	72
638	266	88	73
640	267	88	73
641	268	88	74
643	269	89	75
646	271	89	75
647	270	89	75
650	273	90	75
651	272	90	75
653	274	90	75
655	275	90	74
657	277	91	74
659	277	91	74
660	279	91	74
662	280	91	74
665	282	91	74
666	283	91	75
669	283	92	76
670	284	92	76
672	286	92	77
675	286	93	78
677	287	93	79
678	289	93	80
679	290	94	80
681	291	94	81
683	292	94	82
686	293	94	83
688	296	94	84
689	296	94	84
690	298	95	85
693	300	95	85
695	300	96	86
696	302	96	86
699	304	96	87
700	305	97	87
702	307	97	88
703	308	97	88
706	310	98	89
707	311	98	89
709	313	98	89
711	313	99	90
713	315	99	90
714	317	99	91
717	318	100	91
717	319	100	92
720	321	101	92
721	322	101	93
723	324	102	93
724	326	102	93
726	327	103	94
728	330	102	94
730	331	103	95
731	332	103	96
733	333	104	97
736	335	104	97
738	338	104	98
739	339	105	98
740	340	105	99
742	342	105	100
744	343	105	100
746	346	106	101
749	347	106	103
750	349	107	104
751	351	107	104
753	352	108	105
756	354	108	106
757	356	109	107
759	358	109	108
760	360	110	108
762	362	111	109
764	364	111	110
765	365	112	111
767	367	113	112
769	368	113	113
770	371	113	114
772	373	114	115
774	375	114	116
775	376	115	118
777	378	115	118
779	379	116	119
780	383	115	120
782	384	116	121
783	385	117	123
786	388	117	124
787	389	117	125
789	392	117	126
791	394	118	127
792	396	119	128
794	398	119	129
795	400	119	131
798	402	119	133
800	405	119	134
802	406	120	135
803	408	120	136
805	411	121	138
808	413	121	139
810	416	121	141
811	419	122	142
812	420	122	143
815	422	123	144
817	425	123	145
819	427	123	147
820	429	124	148
822	431	125	149
823	434	125	151
826	435	125	152
827	438	125	153
829	440	126	154
831	443	126	155
833	445	127	157
835	447	127	158
836	448	128	159
838	451	128	160
838	452	129	161
840	454	129	162
842	457	129	163
844	458	129	165
844	459	130	166
846	460	130	167
848	462	130	168
850	464	131	170
851	466	131	171
851	467	131	172
853	469	131	172
855	470	132	173
857	472	132	174
858	474	132	175
860	474	133	176
861	476	133	176
862	477	133	177
864	478	134	177
865	478	134	178
866	480	135	179
867	480	135	180
868	480	135	181
869	482	136	182
871	481	136	182
871	483	137	182
871	482	137	183
870	483	137	183
868	483	137	183
866	483	137	183
862	481	138	183
859	481	137	182
855	479	137	182
849	478	137	182
844	477	137	181
838	476	136	181
831	474	137	180
825	475	136	179
816	472	136	179
809	471	136	178
801	470	135	178
796	469	134	177
787	468	134	176
777	468	135	175
771	466	134	174
764	465	133	174
758	465	133	173
751	465	132	172
742	465	132	171
737	466	130	170
732	464	130	171
728	465	129	171
724	465	129	171
719	465	129	171
715	465	129	172
713	466	129	172
710	466	128	173
708	467	127	173
706	467	127	174
705	468	127	175
704	468	128	177
702	470	128	177
701	471	128	178
701	470	129	180
700	472	129	180
699	473	129	181
699	474	130	182
699	474	131	183
699	475	131	183
699	476	132	184
699	477	132	185
699	477	133	185
699	479	133	186
700	481	134	186
699	481	135	188
700	483	135	188
699	484	136	189
700	485	137	190
700	486	137	191
699	487	138	192
699	488	140	194
699	489	141	195
699	490	142	195
699	491	142	197
698	492	143	199
698	493	144	200
698	495	145	202
697	496	146	203
697	500	146	204
696	501	147	206
697	502	148	207
697	504	149	209
697	504	150	209
696	508	151	209
697	508	153	210
697	510	154	209
697	512	155	209
698	512	156	208
699	513	157	207
700	515	157	205
701	516	159	204
701	518	160	202
702	519	161	201
703	522	162	199
705	522	162	198
705	524	163	196
706	525	164	195
706	526	165	194
705	528	166	194
706	529	167	193
704	531	167	192
704	532	167	190
703	532	168	189
701	533	169	188
699	534	170	187
697	534	169	186
694	534	169	186
692	534	169	186
687	535	170	185
683	535	170	185
677	536	170	185
672	536	169	185
666	536	169	184
657	536	168	185
650	536	167	184
640	535	167	185
633	534	166	186
623	534	166	186
610	534	166	187
601	531	165	189
590	530	165	190
580	530	165	191
570	528	164	192
557	526	164	193
546	526	163	193
536	525	163	193
527	524	162	194
517	525	162	194
505	523	161	195
496	523	160	195
488	521	159	195
479	520	159	197
471	519	159	198
461	517	159	200
455	515	158	201
448	515	158	202
443	514	158	203
437	513	158	204
431	510	159	205
427	509	159	205
423	509	160	205
418	506	160	206
417	504	160	207
413	502	160	207
411	499	160	206
408	499	160	206
407	499	160	205
406	496	160	202
404	496	160	201
403	496	160	199
401	495	161	198
401	494	161	196
400	494	162	196
399	494	162	194
398	492	163	193
397	490	163	192
396	489	163	192
395	487	164	192
394	486	164	191
393	485	164	190
392	486	164	188
393	485	165	188
392	484	165	186
391	485	165	184
390	483	165	183
391	483	165	181
390	482	166	180
391	481	166	179
391	481	165	178
392	482	165	177
393	479	165	176
395	481	165	176
395	480	166	175
397	479	165	174
400	478	165	173
402	478	165	172
406	477	164	171
409	476	164	171
414	474	164	170
418	472	164	170
421	471	164	170
425	468	164	170
429	467	164	170
434	464	164	170
439	463	164	169
442	461	164	168
445	460	165	169
447	457	165	168
452	456	165	167
456	455	165	166
459	456	165	164
461	456	165	162
465	454	163	161
468	453	163	160
470	452	163	158
472	451	163	158
474	451	163	157
474	452	162	156
476	453	162	154
478	451	163	152
477	452	163	151
477	451	163	150
476	450	164	149
475	449	164	148
474	449	163	146
474	448	163	145
474	448	163	144
473	448	163	143
472	448	163	142
472	446	162	142
470	446	162	141
469	445	162	140
468	445	162	139
466	444	162	138
465	445	162	137
464	444	162	137
463	444	162	136
462	441	162	136
460	441	162	136
459	441	162	135
457	439	162	134
456	439	162	134
454	438	162	134
453	437	162	134
451	437	162	133
450	437	161	133
449	437	161	132
447	436	161	131
446	435	161	131
445	436	162	130
445	435	161	130
446	435	160	129
446	433	160	129
447	433	160	128
449	432	160	128
