4	245	22	20
22	241	22	20
42	236	21	20
62	231	21	20
83	227	21	19
102	226	21	18
122	224	21	18
122	225	21	18
143	224	21	18
163	225	22	17
182	223	23	17
201	220	23	17
217	215	23	17
230	209	23	17
241	205	23	16
249	201	23	16
250	200	23	16
256	196	22	17
259	193	22	17
261	191	22	17
261	192	22	17
262	192	22	17
261	194	22	17
259	196	23	16
260	194	22	16
261	195	23	16
260	194	23	16
260	193	22	16
260	192	22	17
259	191	22	18
260	190	22	18
260	190	23	18
262	192	24	18
262	194	24	17
262	196	24	18
263	200	24	18
262	199	24	18
266	202	24	18
268	204	25	17
270	207	25	18
272	208	25	18
275	209	25	18
277	208	25	18
280	205	25	18
284	203	24	18
283	202	24	19
285	201	24	19
287	201	24	19
292	203	24	20
294	204	24	20
296	205	25	20
301	208	26	20
304	210	26	20
306	212	26	20
311	213	27	21
310	213	27	21
314	217	28	21
317	220	27	21
321	223	28	21
327	227	27	21
331	232	28	22
335	236	27	22
337	241	27	22
335	244	28	22
335	244	28	22
325	247	28	23
313	251	28	23
298	256	28	23
283	259	28	24
267	264	28	24
251	269	29	24
236	276	29	24
220	281	29	24
207	291	29	24
206	291	29	24
192	301	30	22
180	308	31	22
166	315	31	22
154	322	32	23
143	329	32	23
131	336	33	23
122	342	33	24
116	348	33	25
116	348	33	26
109	355	34	26
103	363	34	26
98	367	33	26
97	372	33	27
96	377	32	27
95	381	33	27
93	382	34	27
93	386	35	27
95	387	35	27
94	387	36	28
95	385	36	28
97	386	37	28
97	385	38	28
98	384	38	28
99	382	39	27
102	380	41	27
103	376	41	27
105	369	42	28
104	370	43	28
105	364	44	27
105	360	46	26
109	356	47	26
110	348	46	26
111	340	45	25
112	332	46	25
111	325	46	25
110	320	47	24
109	316	47	24
110	316	46	23
109	307	46	24
105	303	46	24
100	297	47	24
97	289	47	23
96	283	47	23
93	277	46	23
90	271	46	22
88	264	46	22
89	265	45	22
86	257	46	22
83	251	46	21
80	245	46	20
80	238	46	20
81	232	45	21
84	226	45	20
87	223	46	20
91	220	45	21
97	220	44	20
96	221	43	20
102	217	43	20
107	215	43	19
112	215	42	19
118	216	43	18
123	219	43	19
127	218	43	19
135	219	42	18
141	219	42	18
143	217	43	18
144	217	42	18
150	216	42	19
156	216	42	18
161	215	41	18
164	215	41	18
167	214	40	19
169	218	40	18
168	218	40	18
168	221	40	17
167	222	39	16
168	223	39	16
171	225	39	15
173	225	38	15
173	225	37	16
176	223	36	16
176	223	37	15
176	220	36	15
177	221	36	15
180	221	36	15
181	221	36	15
180	222	35	14
183	219	35	15
184	218	35	15
185	217	34	15
187	215	36	15
188	214	36	15
190	213	35	15
193	212	35	16
193	211	36	16
193	212	36	16
195	212	36	15
200	213	36	15
199	214	36	15
201	212	36	15
204	212	36	15
206	212	35	15
206	212	34	15
209	214	35	14
208	214	35	14
209	215	34	14
212	215	35	14
211	216	34	14
210	216	34	14
211	217	33	14
210	218	33	14
209	219	33	14
209	221	33	14
208	222	33	13
209	221	32	14
208	218	32	14
210	214	33	14
210	212	33	14
210	209	32	14
212	208	33	14
213	207	34	14
214	205	34	15
214	202	33	15
216	202	32	16
216	200	33	16
216	196	33	15
217	192	33	15
219	188	33	15
221	187	33	16
220	188	33	15
223	185	33	16
223	185	33	16
224	185	33	15
224	190	33	15
223	196	33	15
223	197	33	15
224	199	32	15
224	200	32	15
224	201	32	14
223	203	32	14
224	205	33	13
222	207	32	13
223	207	32	13
223	209	31	14
224	209	31	14
222	212	31	14
220	217	32	15
220	219	31	15
219	221	30	15
221	220	31	15
219	219	31	15
217	217	32	14
218	218	32	13
217	214	32	13
218	212	32	12
217	211	31	13
216	209	31	14
217	205	31	13
216	205	31	13
216	200	31	12
216	198	31	13
215	199	31	13
216	195	32	12
217	192	32	12
216	188	31	12
220	183	31	11
220	180	30	12
221	174	31	11
222	169	31	12
222	165	32	12
225	161	32	12
223	162	33	12
224	159	33	12
225	156	32	13
226	153	32	12
226	149	32	13
225	146	32	13
224	143	32	13
225	140	32	14
223	137	34	13
222	138	34	13
223	137	34	14
221	133	34	14
223	132	33	15
224	133	33	15
223	128	33	15
223	129	33	16
214	129	34	16
213	129	34	16
209	129	35	16
208	130	35	16
217	130	35	16
209	122	35	17
203	121	35	17
203	121	35	17
204	127	35	18
211	112	35	18
210	119	35	18
203	118	35	18
197	117	35	19
204	118	35	19
205	125	35	19
206	132	35	19
206	124	35	19
196	103	35	20
205	102	35	20
205	95	35	20
197	96	35	21
202	89	35	21
199	84	36	21
207	109	37	21
207	102	37	21
196	84	37	21
195	76	37	21
188	77	36	22
182	69	36	23
150	95	36	23
132	132	35	24
133	132	34	25
140	133	32	26
149	134	31	25
159	131	31	24
172	130	31	24
182	132	31	22
193	134	31	22
202	139	30	21
214	145	29	21
224	150	29	20
223	150	29	19
235	157	29	19
246	161	28	18
255	165	28	18
266	171	27	17
273	175	27	17
281	176	27	18
290	181	27	17
299	185	27	16
299	185	27	16
304	190	27	16
311	198	27	15
319	205	27	15
325	211	27	16
332	216	26	16
341	221	26	15
346	226	26	15
353	228	26	15
360	232	26	15
360	232	25	15
369	233	26	15
373	233	26	15
378	237	27	15
382	243	26	15
387	243	27	15
394	248	27	15
399	250	27	15
406	251	26	16
412	250	26	15
411	251	27	15
417	252	27	15
425	251	27	16
430	249	27	16
434	249	28	15
438	250	27	16
439	249	27	16
441	248	27	16
442	248	28	16
442	247	28	16
445	247	29	16
445	249	28	17
448	248	28	17
449	247	28	17
449	247	27	17
450	247	27	18
450	246	27	18
450	245	28	17
451	245	27	18
452	245	27	18
452	244	27	18
451	244	28	17
454	245	27	18
454	247	27	18
456	248	26	19
458	249	26	18
460	250	27	18
461	250	27	18
462	250	27	18
464	252	26	19
466	250	27	19
468	252	27	20
470	251	26	19
471	253	27	19
473	255	27	18
475	255	27	18
478	255	27	18
481	257	27	18
481	257	26	19
483	257	27	19
486	259	26	19
491	259	26	20
496	261	26	20
502	263	26	20
507	266	26	21
513	269	26	21
520	274	26	21
520	274	25	22
526	278	25	22
532	281	25	23
538	283	25	22
543	281	25	23
548	277	25	23
553	274	25	24
559	273	25	23
563	273	25	24
568	273	25	24
568	273	24	24
573	274	25	24
579	277	25	24
586	278	25	25
591	279	24	25
596	280	25	24
603	282	25	24
610	282	25	24
616	285	25	24
616	285	25	23
622	288	24	23
627	289	24	24
634	292	24	24
641	293	24	24
645	296	23	25
651	299	23	25
657	306	23	25
662	312	23	26
667	317	23	26
667	317	23	26
672	326	23	25
679	333	23	25
682	340	22	26
686	348	22	26
690	356	22	27
693	363	22	27
698	370	22	28
700	378	21	28
702	376	19	29
705	385	17	32
706	393	16	33
705	402	16	34
679	413	16	34
685	422	16	34
687	409	16	34
678	409	17	33
647	391	18	32
626	395	20	31
627	396	20	30
650	404	21	29
647	412	24	27
637	421	24	27
639	428	24	28
641	411	23	28
666	435	24	27
672	446	25	27
672	452	26	26
642	423	29	23
640	424	32	20
650	432	32	20
658	445	32	20
651	441	32	20
622	424	32	20
619	430	30	22
621	436	29	22
626	443	29	23
630	449	28	24
631	448	27	25
639	454	28	24
638	460	30	23
632	462	32	22
633	462	36	19
609	457	36	20
613	439	33	21
615	443	32	22
615	452	32	22
590	443	32	22
579	446	32	22
575	460	33	22
579	464	38	19
548	456	36	21
538	429	32	25
543	440	30	25
551	452	30	25
539	462	35	22
523	461	37	20
520	461	39	19
493	432	35	22
498	445	35	22
506	457	35	22
486	442	35	22
500	457	35	22
501	458	35	22
502	459	35	22
528	428	35	22
536	435	35	23
543	435	35	23
549	460	36	23
550	459	38	21
550	460	39	20
555	456	39	21
560	462	40	20
552	462	40	20
542	460	41	20
535	460	41	20
534	460	41	20
530	462	43	19
540	464	44	18
569	423	43	19
605	388	40	23
617	392	38	25
618	389	38	25
580	366	38	26
587	364	34	28
594	359	32	30
596	359	30	31
608	363	30	31
619	364	29	31
631	366	29	30
641	370	30	28
652	372	29	28
661	373	28	28
673	376	27	27
684	377	25	28
684	379	24	29
695	381	24	29
700	386	22	30
698	405	22	30
700	400	22	31
695	392	22	31
698	391	22	31
669	412	23	31
666	427	23	30
672	432	23	30
671	432	23	31
673	442	24	31
667	451	24	30
667	458	26	29
660	457	27	28
641	422	27	28
649	429	27	29
649	446	27	29
641	455	27	28
634	457	29	27
643	459	31	26
657	458	32	25
668	459	32	25
660	453	33	25
649	459	34	24
650	458	34	24
652	458	35	24
644	459	36	23
636	458	36	23
618	450	37	23
624	458	37	23
617	459	38	23
615	459	39	22
605	455	39	22
607	458	39	22
606	458	40	22
577	417	35	27
585	421	31	30
594	428	31	30
593	428	31	29
593	442	33	26
598	454	33	25
592	461	37	23
592	454	37	23
584	457	37	23
576	459	38	22
568	460	39	22
531	423	38	23
528	421	35	26
529	422	35	26
518	401	35	26
538	439	35	26
541	450	35	26
533	433	35	26
533	443	35	26
529	453	38	25
529	459	41	24
538	459	42	23
538	459	44	22
550	458	44	22
549	458	45	22
540	457	45	22
531	439	45	22
523	451	45	22
515	461	46	22
503	461	48	21
496	452	48	21
496	445	48	22
497	454	48	22
497	455	48	22
497	456	49	22
509	456	49	22
511	457	49	22
521	458	50	22
511	458	51	21
502	458	51	21
504	451	51	22
505	451	51	22
502	404	50	24
500	410	50	24
491	415	49	26
497	431	48	26
483	430	50	25
484	443	50	25
479	455	50	25
470	446	50	25
457	436	50	25
455	427	50	26
444	417	50	26
433	416	50	26
420	426	50	26
406	449	50	26
390	457	51	26
375	450	51	26
363	453	51	26
374	452	52	26
374	451	52	26
386	447	52	26
385	439	52	26
384	450	52	26
393	427	52	27
392	429	52	27
394	440	52	27
396	424	50	29
385	435	50	30
335	407	51	31
334	409	51	31
320	419	51	31
306	431	52	31
293	440	53	31
294	443	53	31
274	454	57	29
221	407	60	29
205	416	57	30
196	422	55	29
199	423	54	28
193	432	51	28
188	442	50	27
180	451	50	26
173	458	52	24
174	459	53	24
175	452	53	24
176	453	53	24
178	443	53	24
184	454	53	24
193	455	53	24
207	448	53	25
222	457	54	24
233	455	54	24
222	424	55	25
220	433	55	25
230	434	55	25
231	434	55	25
232	434	55	26
234	433	55	26
234	433	54	26
224	432	54	26
183	388	53	27
184	388	53	28
184	390	53	28
183	377	53	28
171	397	53	29
183	410	53	29
179	400	53	30
177	392	53	30
160	396	53	30
158	384	53	30
151	341	53	30
152	344	52	31
145	354	52	32
140	351	51	33
110	362	51	33
128	355	51	33
131	356	51	33
132	356	51	33
124	359	49	35
123	362	48	36
121	363	48	36
167	315	45	37
165	319	45	37
161	317	45	38
159	321	44	38
158	322	43	38
165	333	44	38
150	324	44	38
145	326	41	40
144	329	41	40
141	333	40	40
139	340	38	40
136	342	37	41
128	341	37	41
127	346	35	42
127	345	34	43
126	344	34	43
121	347	34	42
118	345	32	44
115	353	32	43
111	356	32	42
107	360	32	42
102	367	32	42
101	369	30	43
99	376	30	43
99	375	30	43
94	384	29	43
93	387	29	43
91	393	27	45
89	394	27	45
87	400	25	47
86	409	25	47
85	410	25	47
83	419	25	47
83	419	25	47
83	426	25	47
73	439	26	46
73	448	27	45
76	449	28	45
74	450	30	44
82	451	31	43
103	450	33	41
92	449	33	41
85	450	35	40
84	451	36	39
80	454	43	33
71	453	45	33
63	453	46	32
49	451	46	32
39	452	48	31
32	453	49	31
24	454	50	30
15	445	51	30
8	446	51	30
0	445	51	31
0	433	50	32
0	420	47	35
0	424	46	37
0	430	45	38
0	416	42	40
0	414	41	42
0	413	40	43
0	413	39	44
0	414	39	45
0	412	37	47
0	411	37	48
0	399	36	49
0	407	34	51
4	407	34	52
1	406	34	52
0	398	34	53
0	400	34	53
0	408	34	53
0	415	33	54
0	413	33	54
0	422	33	54
0	412	33	54
0	402	32	56
0	402	32	56
0	390	32	57
0	391	31	57
0	380	31	58
0	379	30	59
5	378	31	59
2	389	31	60
0	380	30	61
0	380	30	61
0	371	30	62
47	391	31	61
62	405	32	61
53	404	39	52
43	409	42	50
40	413	45	47
50	421	46	47
50	439	47	47
36	442	49	45
37	442	51	44
23	448	56	41
10	438	56	41
12	448	58	39
4	444	59	39
5	442	60	39
5	429	60	39
0	414	59	41
0	401	57	43
0	389	53	47
0	399	51	49
0	397	50	51
0	372	48	54
0	362	46	56
0	351	44	59
0	327	43	61
0	313	42	63
0	327	41	65
0	315	40	67
0	303	39	68
0	293	39	69
0	283	38	70
1	274	38	72
2	238	38	72
1	223	37	75
55	225	41	70
43	240	42	70
12	227	42	70
0	243	41	71
0	260	40	73
2	275	40	74
2	248	40	76
1	236	40	78
3	220	40	78
2	203	40	79
1	187	39	81
2	173	38	83
1	185	38	86
2	172	38	86
4	158	38	86
2	144	38	88
4	136	38	88
8	80	41	87
12	61	49	79
17	47	60	69
9	52	66	62
9	49	70	59
8	45	75	54
10	40	81	50
5	40	85	47
7	40	89	45
4	42	91	43
0	45	88	48
0	46	84	53
0	43	84	55
1	39	83	56
0	37	83	58
5	34	84	59
96	19	95	53
93	22	107	44
90	23	115	38
83	29	117	34
85	30	118	32
86	32	119	31
85	29	121	31
79	29	121	30
82	28	120	31
86	30	124	28
78	30	123	30
78	25	121	32
73	28	126	29
75	33	124	29
78	33	122	29
76	30	119	29
79	27	119	30
77	30	118	29
76	28	121	29
78	33	121	28
77	33	119	29
77	35	120	28
75	38	120	28
77	43	121	28
79	42	120	28
79	43	120	28
79	51	120	27
84	55	123	26
77	63	123	26
74	69	125	26
79	74	126	25
80	81	127	24
76	87	126	24
79	87	125	26
80	94	126	26
78	95	131	24
72	102	132	24
74	105	131	25
73	111	129	26
71	117	129	26
68	122	130	26
132	98	135	25
65	123	133	26
58	130	134	25
54	137	132	25
51	152	131	28
51	152	130	29
48	152	129	30
51	151	131	30
44	160	131	31
46	162	130	33
33	167	132	33
36	167	132	34
38	172	132	35
39	171	132	36
44	170	133	36
25	172	131	41
10	190	131	44
14	178	135	43
2	183	133	45
3	188	132	45
2	192	131	47
1	195	129	52
4	194	134	49
4	177	133	55
0	188	129	59
0	173	126	60
0	175	123	63
0	173	119	64
1	170	118	65
0	165	110	68
0	137	103	74
0	131	96	80
0	156	92	84
0	135	86	88
0	131	82	90
0	134	81	91
0	136	79	93
0	113	77	95
0	115	76	95
0	97	73	98
0	119	71	100
9	104	75	95
19	111	79	92
40	108	84	89
9	109	85	89
6	117	85	90
18	101	89	87
20	103	93	86
5	106	93	86
11	107	94	85
12	110	96	85
0	93	94	87
0	100	94	87
11	104	97	84
9	108	99	83
9	112	103	81
4	114	103	80
1	119	104	79
1	121	105	77
0	122	105	77
0	129	103	77
0	137	101	78
2	138	101	79
14	137	104	76
0	163	102	79
0	140	101	80
0	166	98	84
0	146	95	88
0	131	92	92
0	154	88	97
3	138	88	97
11	122	91	94
0	154	87	98
0	182	83	102
0	210	82	103
3	192	82	104
8	177	82	104
7	160	82	104
8	144	83	104
9	177	84	104
12	158	85	104
0	183	82	107
0	208	78	112
0	191	76	114
0	214	72	118
0	197	69	121
0	199	66	124
0	182	64	126
1	166	64	126
1	195	62	128
4	178	63	126
2	202	62	126
2	207	61	127
1	213	60	128
1	238	59	130
3	222	58	131
3	244	58	132
3	244	58	132
6	206	59	132
3	234	59	131
4	261	60	130
4	259	60	129
1	261	58	130
4	243	59	129
2	252	59	128
4	277	59	128
4	258	59	127
4	245	60	127
4	250	61	125
3	260	62	123
2	262	62	121
3	248	63	120
1	270	63	121
10	296	64	120
5	276	65	119
2	279	64	119
0	260	63	119
0	259	63	119
0	243	62	119
0	274	61	120
0	279	61	120
0	282	60	120
20	291	64	116
21	316	66	116
19	296	67	115
33	280	71	112
40	266	73	110
13	250	73	110
10	279	74	110
16	311	76	108
31	297	81	104
5	280	81	104
3	311	81	104
7	296	83	104
14	307	84	103
0	310	83	104
0	317	82	104
3	320	82	105
8	305	83	104
13	315	84	104
13	297	86	103
0	303	84	102
