806	196	31	82
804	195	31	83
802	193	32	85
801	192	32	86
799	192	32	88
798	190	32	89
795	188	31	89
792	187	31	89
790	186	31	90
787	184	30	91
784	184	30	92
780	182	30	93
776	180	30	94
772	178	29	95
767	177	29	95
762	176	29	95
757	174	29	95
752	171	28	94
747	170	28	93
744	168	28	92
739	167	28	91
734	166	28	90
730	165	28	89
726	163	28	89
722	162	28	89
719	162	28	89
715	160	27	89
712	159	27	88
709	158	28	86
708	157	28	86
705	156	28	84
702	157	28	84
700	156	28	83
699	156	28	84
697	155	28	84
695	154	28	85
695	153	28	85
693	152	28	86
693	151	27	85
693	151	28	85
693	150	27	85
693	149	28	85
693	149	28	85
693	149	28	85
693	148	28	85
693	148	28	85
694	148	27	85
694	147	27	86
694	147	27	86
694	147	28	87
693	146	27	86
693	146	27	87
692	145	27	89
692	144	27	89
691	142	27	89
690	142	27	88
689	141	28	88
688	140	28	87
686	140	28	87
684	138	28	86
683	138	27	86
681	138	27	84
679	136	27	83
677	136	28	82
674	136	28	82
671	135	28	81
667	135	29	81
664	135	29	81
660	136	29	81
657	135	29	81
653	135	29	81
649	135	29	81
646	134	29	82
643	133	29	83
640	132	29	83
637	132	29	84
634	131	29	84
632	131	28	84
629	131	28	85
626	129	28	84
623	129	28	85
622	129	28	85
619	128	28	85
617	129	28	85
616	129	28	85
615	129	28	86
613	129	28	88
612	127	28	88
611	127	28	88
611	127	28	88
610	127	28	88
611	126	28	87
611	126	28	86
611	126	28	85
611	126	28	85
613	125	29	84
613	126	28	84
615	125	28	84
617	125	29	83
617	125	29	83
618	125	29	84
620	125	29	85
623	125	29	84
623	125	29	84
626	126	29	85
626	125	29	85
627	126	29	86
629	125	28	86
631	126	29	86
632	126	29	86
634	126	29	87
637	125	29	86
639	126	29	86
639	125	29	86
641	125	29	85
642	126	29	85
643	126	29	86
645	126	29	86
645	126	28	87
645	125	28	86
644	125	28	86
642	126	28	86
640	127	28	86
637	127	28	87
635	126	29	86
632	127	28	86
629	127	28	84
626	127	28	83
622	128	28	83
617	128	28	83
614	127	28	83
610	128	28	83
608	127	28	84
605	128	28	84
601	127	28	84
598	128	28	84
596	127	28	84
593	128	28	85
591	129	28	86
589	128	29	86
587	128	29	87
586	129	29	87
584	129	29	89
584	128	29	89
583	128	29	90
583	126	30	89
584	127	29	88
584	128	30	88
585	128	30	87
587	129	30	88
589	129	30	87
589	126	31	88
591	128	31	89
591	126	32	89
592	126	34	89
636	104	34	91
639	100	33	90
641	100	32	90
643	100	31	89
644	100	30	89
646	101	29	88
603	132	29	87
603	132	29	85
605	133	29	85
606	134	29	84
608	134	29	84
608	135	28	84
610	135	29	84
610	135	28	84
612	136	29	84
613	136	29	85
614	137	29	85
615	137	28	87
616	139	28	88
616	138	28	89
618	139	28	90
617	138	29	91
618	139	29	92
618	139	29	93
620	136	30	94
619	139	29	95
621	136	30	94
620	137	30	94
621	135	32	94
620	135	31	94
620	136	30	93
619	137	30	93
623	134	32	92
616	137	31	93
654	115	31	94
652	114	30	94
650	113	30	93
642	121	31	92
644	116	30	92
643	113	28	91
642	113	28	90
641	114	26	90
639	115	26	89
637	115	25	88
634	115	25	87
597	143	27	87
595	145	27	87
595	146	27	87
594	146	28	87
593	145	28	88
592	146	28	89
592	146	28	90
591	146	29	91
592	147	29	91
591	146	29	92
591	146	29	94
593	144	30	94
592	146	30	94
593	145	30	95
597	143	31	96
598	143	32	97
599	139	35	99
599	143	36	99
601	139	37	100
605	130	39	102
606	124	42	102
605	125	44	103
603	124	46	107
602	124	46	110
602	123	46	112
602	123	46	113
602	124	46	116
602	125	44	119
603	125	43	121
603	124	41	122
604	123	41	121
604	125	40	122
604	126	39	122
604	127	38	122
604	127	38	121
605	128	38	120
605	129	38	119
606	129	38	118
606	126	39	114
606	130	39	115
605	132	38	118
604	132	37	121
604	131	36	123
605	131	36	125
603	132	35	127
602	133	35	128
601	133	36	129
599	133	37	130
598	133	38	131
597	133	40	131
598	134	41	131
598	134	42	130
598	134	43	129
598	134	44	127
599	134	44	126
600	133	44	124
601	134	44	123
600	136	44	124
601	135	43	125
601	137	43	126
601	137	43	127
602	138	43	128
603	137	44	128
603	139	44	129
603	139	45	129
603	139	45	129
599	138	47	127
600	141	49	126
598	141	50	124
601	143	50	124
600	141	50	122
600	144	49	121
600	142	48	119
599	144	47	119
596	146	46	118
598	151	44	118
598	155	43	116
593	149	41	115
588	148	40	111
618	170	42	108
597	158	43	107
590	153	42	106
622	177	41	105
627	182	38	106
621	176	40	105
630	182	38	105
627	178	38	106
635	186	36	105
632	181	36	104
636	188	34	100
633	184	35	99
639	191	33	96
641	194	31	95
644	194	30	94
644	195	30	92
646	197	30	90
647	199	30	88
648	200	30	87
649	201	30	85
650	202	30	84
651	203	29	83
652	205	29	84
652	206	29	84
653	207	29	85
654	207	29	86
655	208	29	87
656	209	29	87
657	210	29	88
659	210	29	88
660	212	29	88
661	213	29	89
662	214	29	90
663	216	30	92
665	216	30	92
665	218	30	94
667	219	31	95
668	220	31	97
670	220	31	97
671	220	31	96
672	222	32	97
674	223	32	98
676	222	32	96
677	225	32	96
679	224	32	94
680	225	32	92
682	226	31	90
684	229	31	91
686	230	31	91
687	232	31	91
689	233	31	91
691	234	31	92
693	235	31	91
695	237	30	91
697	238	30	91
698	239	30	90
699	240	30	88
701	241	30	87
702	243	30	87
705	244	30	88
706	245	30	88
709	246	30	89
711	247	29	89
712	247	29	90
714	248	29	90
716	249	29	91
718	251	29	93
720	252	29	94
721	254	29	95
723	254	29	96
725	256	30	97
728	257	30	98
729	258	30	99
731	259	31	101
735	259	31	100
736	261	32	102
739	260	32	100
739	261	32	101
741	261	32	102
743	261	33	102
744	262	34	101
747	262	34	101
749	265	34	100
749	266	35	99
749	269	37	98
749	270	38	97
750	271	40	96
749	272	42	96
748	272	43	96
748	274	43	97
749	275	43	98
750	275	42	99
749	274	42	100
748	273	41	101
746	272	40	102
744	272	39	103
742	271	38	104
740	270	38	102
736	270	38	100
732	271	38	100
731	271	39	99
727	271	39	99
723	270	39	99
720	270	39	99
716	270	39	100
712	270	39	101
709	268	39	103
705	268	39	105
702	265	38	107
698	264	38	110
694	264	38	111
692	265	37	113
690	260	37	114
687	262	37	115
685	257	37	118
685	259	37	119
682	255	37	119
681	256	37	118
681	255	38	116
680	255	38	115
679	254	38	114
680	253	38	113
678	257	39	110
678	259	39	108
676	259	39	105
676	262	40	103
675	264	41	101
677	264	41	98
677	266	40	97
679	266	39	95
681	268	38	94
682	268	37	94
684	268	35	93
685	267	35	92
685	268	35	91
687	267	34	91
687	267	34	91
687	265	33	90
687	266	32	90
686	265	32	91
685	265	31	92
685	264	31	92
684	263	31	93
682	263	31	94
680	263	31	96
678	262	31	97
675	262	31	97
673	261	30	99
671	258	30	99
669	257	30	98
666	258	30	99
663	257	30	100
659	255	31	99
655	254	31	98
652	253	31	97
648	251	31	95
645	251	31	93
641	252	31	92
638	251	31	91
634	249	32	89
629	250	33	87
626	249	34	86
624	250	34	85
622	250	34	85
622	250	33	84
623	249	33	85
622	249	32	85
622	248	31	85
622	248	31	85
623	246	31	86
623	247	31	87
624	246	31	87
625	245	30	89
625	244	30	89
626	244	30	90
626	243	30	91
627	242	30	92
628	242	30	93
628	242	30	94
629	241	30	94
630	242	30	95
631	242	30	96
631	241	30	95
632	239	30	94
632	239	30	93
632	239	30	93
633	238	30	93
633	238	30	94
633	237	30	94
634	235	30	93
634	235	30	91
634	235	30	90
634	235	30	90
635	235	30	90
633	235	30	90
630	234	32	89
629	235	34	90
629	235	35	90
630	235	35	89
631	235	34	90
632	235	33	90
632	235	33	91
632	235	32	91
633	236	32	92
633	235	32	92
632	235	32	93
632	234	32	93
632	235	32	93
632	235	31	93
633	236	31	94
633	237	30	95
633	237	30	96
634	238	30	96
634	238	30	96
633	238	29	97
635	238	29	97
634	238	30	97
634	240	30	98
633	239	31	100
632	240	32	101
632	240	32	102
632	241	33	103
633	241	33	105
628	242	35	108
630	241	36	108
625	244	39	109
621	244	40	113
622	244	41	118
622	244	41	124
624	243	39	127
626	243	38	127
628	243	37	128
629	243	37	129
629	242	38	128
629	243	38	128
629	244	39	128
629	243	41	128
631	242	44	125
631	243	47	125
631	244	49	126
632	243	51	127
632	246	51	129
632	241	53	128
634	245	52	131
635	244	53	132
640	245	52	132
645	245	50	131
644	245	51	126
646	247	52	122
646	247	53	118
646	248	56	115
650	251	56	114
660	259	53	112
649	256	56	107
665	262	52	108
659	259	53	105
652	258	54	104
619	246	52	103
617	242	46	104
616	240	43	103
617	239	40	103
617	239	38	102
617	238	36	100
616	236	35	98
616	236	34	96
616	234	33	95
616	234	32	93
615	235	31	91
613	234	32	90
611	234	32	89
609	235	32	88
608	235	32	87
608	233	32	85
608	234	32	84
608	235	31	84
607	233	30	84
607	234	30	84
606	233	30	85
605	232	30	85
604	231	29	86
604	231	29	87
603	230	29	88
602	229	29	88
602	229	29	89
601	228	29	89
600	228	29	90
599	228	29	91
599	227	29	91
598	227	29	92
598	226	29	91
597	226	29	92
597	226	29	92
596	224	28	92
596	223	29	92
595	223	29	92
595	221	29	92
594	221	29	93
594	220	30	93
593	219	30	93
592	218	30	91
592	217	30	90
592	218	30	88
592	218	29	88
590	216	29	87
589	215	29	86
587	217	30	85
586	217	31	85
586	216	31	84
586	215	31	83
586	215	30	82
586	215	29	81
585	215	29	82
585	216	29	82
584	215	28	83
584	213	28	83
584	212	29	84
584	210	30	87
584	210	30	89
583	208	30	91
582	206	30	93
582	205	31	95
579	204	32	97
578	204	34	98
576	201	36	99
574	199	38	102
574	198	40	103
574	199	40	106
573	199	40	107
575	201	39	107
572	201	39	107
573	202	37	106
572	204	37	105
571	204	37	104
572	203	37	102
572	204	39	100
572	204	39	98
570	204	39	96
569	204	39	95
569	204	39	94
572	204	38	92
572	204	36	92
573	204	35	91
571	205	34	90
571	206	34	89
571	206	34	87
571	207	33	86
571	207	33	85
571	207	33	86
571	207	33	85
569	208	33	85
571	207	33	86
571	208	32	86
572	208	31	87
572	209	31	89
571	207	30	89
571	207	30	89
571	207	30	90
570	207	31	90
571	209	30	92
571	208	30	93
571	207	30	93
571	208	30	93
572	208	30	94
571	208	30	94
571	209	30	95
571	209	30	96
572	207	29	97
572	208	29	98
572	207	29	99
573	206	30	99
572	205	30	98
572	206	31	98
573	204	31	97
572	205	31	95
572	205	30	93
572	205	30	92
572	206	30	91
572	206	30	89
571	206	30	87
570	207	30	85
570	206	30	84
570	207	31	82
569	208	31	82
568	209	31	82
569	209	30	82
568	208	30	82
568	209	29	83
567	209	29	83
567	208	29	84
566	208	29	86
566	208	30	87
565	207	30	88
565	208	30	89
566	206	30	88
564	208	30	90
564	207	30	91
564	205	30	90
564	208	30	92
563	206	30	92
563	207	30	92
563	207	30	93
563	208	30	93
562	207	30	93
561	206	30	93
561	206	31	94
561	206	31	94
562	205	31	93
561	206	31	92
560	206	30	91
560	205	31	91
560	205	30	90
560	205	31	89
559	205	30	89
559	205	31	88
557	205	31	87
557	206	31	87
556	208	31	88
556	208	31	89
556	208	30	90
555	207	30	90
554	208	31	90
554	207	30	90
554	207	30	89
554	207	31	90
552	207	31	90
552	207	31	90
553	207	31	90
552	207	31	89
552	208	31	90
552	208	31	90
551	208	31	90
551	209	31	90
551	209	31	91
551	209	31	91
550	208	31	91
550	210	31	92
550	210	31	92
550	209	31	93
549	208	31	93
548	208	31	93
548	208	31	93
547	208	31	92
547	207	31	91
547	207	31	91
547	207	30	91
547	207	30	91
546	207	30	91
547	207	30	90
547	207	30	89
546	206	29	87
546	207	29	85
545	208	29	84
545	207	30	82
544	208	30	81
544	209	29	81
543	208	29	82
543	209	29	82
543	209	29	84
542	209	29	84
541	209	29	85
540	209	30	86
540	208	30	87
538	208	31	88
539	208	31	88
538	208	30	89
538	209	31	89
538	209	30	89
535	208	30	90
536	209	30	91
536	208	30	91
536	209	30	91
535	210	30	91
535	209	30	92
535	209	30	94
535	208	31	94
534	208	31	94
534	207	32	94
534	207	32	94
535	207	32	93
534	208	33	93
534	207	33	93
535	207	33	92
534	206	33	91
535	207	34	90
535	207	34	90
534	208	35	89
533	207	35	88
532	209	35	88
533	208	34	87
532	210	33	87
532	208	33	85
532	209	32	85
531	209	31	85
531	209	31	85
531	210	31	86
531	209	31	86
531	208	31	87
531	208	31	88
531	208	31	88
532	208	32	89
532	209	33	89
533	209	33	90
533	209	33	91
533	208	33	91
534	208	34	92
535	208	34	92
536	207	34	92
537	205	36	89
537	207	36	88
538	206	36	87
538	207	35	88
540	207	34	87
541	206	34	88
542	205	34	87
543	204	34	87
543	204	34	86
544	203	34	84
545	204	34	84
546	203	34	82
546	204	33	82
546	203	33	81
547	205	32	82
547	205	32	81
548	205	32	81
550	205	32	80
550	204	32	78
550	204	31	77
551	203	31	75
551	203	31	72
551	204	30	71
552	204	30	71
552	204	30	70
553	204	30	70
552	205	30	70
552	205	30	71
554	204	30	72
553	204	30	72
554	204	31	72
554	205	30	73
554	204	30	73
555	206	30	73
555	206	30	73
556	205	30	72
558	205	30	72
558	206	30	71
559	205	30	71
559	205	30	70
560	205	30	70
561	205	30	70
561	205	30	70
562	205	30	70
562	205	30	70
562	205	30	70
563	205	30	70
565	206	30	70
565	206	30	70
565	207	30	71
566	207	30	72
567	208	30	74
569	207	31	74
569	206	31	74
569	208	31	77
570	209	32	78
570	209	32	80
571	208	31	81
571	208	30	82
572	208	30	83
573	208	30	84
575	208	30	86
575	209	30	87
576	209	30	89
577	209	30	90
577	208	30	91
578	209	31	91
579	210	31	92
578	210	31	94
579	209	31	95
579	210	31	96
579	210	31	96
579	209	31	97
580	210	31	98
578	212	32	98
578	214	32	99
578	212	32	99
580	211	31	98
581	209	31	97
581	209	31	96
582	210	31	95
582	209	31	95
583	209	31	93
583	210	31	92
583	210	30	91
583	211	30	91
583	209	30	91
583	210	31	90
583	211	31	89
582	212	32	89
582	212	32	88
582	213	31	89
582	211	31	88
582	212	30	88
583	212	30	89
583	212	30	89
583	212	30	89
583	212	30	89
582	212	30	89
582	212	30	89
582	213	30	89
582	212	29	90
583	212	29	91
582	212	29	92
583	213	29	93
583	213	29	93
584	212	29	94
584	214	29	94
585	214	28	95
585	214	28	95
585	214	29	96
586	215	28	96
585	214	29	96
585	214	29	96
585	214	29	95
586	214	29	95
586	213	29	94
586	214	29	93
586	214	29	93
586	214	29	92
587	213	29	92
586	214	29	91
586	215	30	90
586	215	30	90
585	215	31	90
584	215	32	89
584	216	33	89
584	216	33	88
585	217	33	88
585	217	32	88
585	217	32	88
585	217	32	88
586	217	31	87
586	217	31	87
586	217	31	87
586	218	30	87
587	219	30	88
586	218	30	88
586	219	30	88
587	219	30	89
587	218	30	89
587	219	30	91
588	219	30	92
588	220	30	93
588	219	29	93
588	219	29	94
589	221	29	96
589	219	29	95
589	219	29	95
589	219	29	95
590	219	29	95
590	218	29	95
590	217	30	94
590	218	30	95
590	217	30	94
591	218	30	94
591	217	30	94
591	217	29	93
591	217	30	92
592	217	30	90
591	217	30	89
591	217	31	89
590	218	32	89
589	218	33	89
589	218	34	90
589	218	34	90
591	218	33	91
591	218	33	91
592	216	32	92
592	216	32	93
593	217	32	94
593	216	32	93
593	215	31	94
593	215	31	94
592	214	31	94
592	213	30	94
592	213	30	93
593	213	29	94
594	214	29	96
595	213	29	96
595	212	28	97
596	212	28	98
597	212	27	99
596	211	27	99
597	211	27	100
596	210	27	100
594	209	29	100
591	208	30	100
590	209	31	100
590	208	33	101
591	208	33	101
591	206	34	101
591	204	33	99
590	204	33	97
590	203	32	96
589	203	32	93
587	202	33	91
589	203	33	91
588	203	33	91
589	202	32	90
588	201	33	89
588	200	33	86
588	200	34	84
589	200	35	83
589	200	36	82
589	200	37	82
588	199	38	83
586	199	37	84
586	197	35	84
586	196	34	85
585	196	33	87
585	194	32	88
585	194	31	89
586	193	31	90
586	192	31	90
586	191	31	91
586	190	30	92
586	189	30	92
586	188	31	93
585	188	31	93
586	187	31	94
585	186	31	94
586	186	30	93
585	184	30	92
585	183	30	91
586	183	30	92
585	182	30	92
585	181	30	93
584	180	30	93
585	180	31	94
585	179	31	94
585	179	31	94
584	177	30	93
584	176	30	92
585	176	30	91
584	176	30	90
583	176	31	90
583	175	31	89
582	175	33	89
582	175	33	89
582	175	33	90
582	174	32	90
582	173	32	89
583	173	31	89
583	172	31	88
582	172	30	88
582	171	30	87
582	171	30	87
582	171	29	87
581	170	29	88
582	170	29	88
582	170	28	88
582	170	28	88
582	169	28	88
582	169	28	89
581	168	29	88
581	167	29	87
581	168	29	88
581	168	29	87
582	168	30	87
582	167	29	86
583	167	29	86
584	168	29	86
584	166	29	86
584	167	29	87
584	166	29	88
584	166	29	89
584	166	29	91
584	165	29	92
584	163	29	92
584	163	29	92
583	163	29	91
583	163	29	91
582	163	29	90
581	163	30	89
580	163	31	89
580	162	32	88
579	163	32	87
578	164	32	87
578	164	31	86
579	165	31	87
580	164	31	87
580	164	31	87
580	164	31	87
619	125	31	88
617	126	32	89
580	162	34	90
579	165	33	89
579	166	33	89
580	166	32	89
579	167	32	90
580	168	32	89
580	169	31	91
580	170	32	90
582	171	32	91
582	172	33	91
582	172	33	90
582	174	33	91
583	174	34	92
583	175	34	93
583	176	35	93
583	176	35	94
583	176	36	94
582	174	36	96
584	173	36	98
585	176	38	100
585	176	38	100
586	172	39	102
585	174	39	103
585	175	38	102
585	170	36	103
585	162	35	108
585	157	34	113
583	154	35	117
581	151	36	121
580	152	38	124
578	152	39	126
576	153	41	127
575	154	44	128
574	154	46	129
574	156	47	131
575	156	49	133
577	156	51	134
577	155	52	135
579	156	53	136
579	155	53	135
580	156	53	135
577	156	50	134
577	157	49	133
576	158	48	132
575	159	47	130
579	161	46	130
579	163	46	129
587	169	43	128
587	172	41	127
591	180	40	123
594	191	39	117
596	196	38	112
598	200	37	108
599	203	36	105
600	205	36	103
602	206	36	102
604	208	35	101
606	208	34	101
608	208	33	101
609	208	33	100
609	209	34	99
610	210	34	98
612	209	33	96
613	212	32	95
615	213	32	94
616	214	32	92
617	216	32	92
617	218	32	92
618	217	33	92
619	221	33	92
620	219	33	91
621	223	33	92
623	221	33	91
624	223	32	90
626	224	32	90
627	223	32	89
628	224	32	90
629	225	31	90
629	226	32	91
630	226	32	91
630	228	31	91
630	228	32	91
630	229	31	92
631	230	31	92
630	232	31	93
630	232	31	94
629	234	31	95
630	234	32	96
630	234	32	97
629	235	32	97
627	235	32	97
627	235	31	96
625	238	32	96
625	237	32	96
624	236	32	95
623	237	32	95
621	238	33	94
621	238	33	94
620	239	32	94
620	238	32	93
620	239	32	93
620	239	32	92
619	240	32	92
619	241	33	92
618	242	33	92
619	241	34	90
620	242	34	89
621	244	34	88
623	245	34	88
626	246	34	87
628	247	33	87
