627	317	22	63
626	316	22	62
622	316	22	63
620	316	22	63
619	315	22	62
614	316	23	61
611	315	24	61
609	316	24	61
606	315	24	61
603	316	25	61
601	315	27	61
599	316	29	60
597	316	31	60
593	316	33	59
589	317	35	59
583	316	35	59
581	317	35	60
578	318	34	60
574	318	33	60
571	317	32	61
568	317	32	63
565	316	32	63
563	316	33	62
560	315	34	62
557	315	35	62
552	315	37	62
549	315	37	62
544	316	37	62
540	317	36	62
535	318	33	62
531	318	32	62
529	318	32	62
524	317	32	63
523	316	33	62
520	315	34	63
515	315	36	63
512	315	37	64
508	315	38	64
504	315	39	65
500	316	39	65
494	317	38	64
488	318	35	64
484	318	34	63
482	318	33	63
479	316	34	63
474	315	35	63
470	315	37	63
466	315	39	62
463	316	41	61
456	315	40	63
451	315	38	63
448	318	36	63
442	316	34	63
441	317	32	62
440	316	32	63
440	315	32	63
438	313	34	63
438	313	35	64
437	311	36	65
436	310	37	65
437	310	36	65
436	311	33	65
439	310	32	65
440	310	31	64
443	310	29	64
448	308	29	64
450	306	30	64
452	305	30	64
455	304	29	64
457	303	28	63
460	302	27	63
462	302	26	63
465	302	25	62
467	301	26	62
469	301	25	62
473	300	27	62
474	298	28	63
477	295	29	63
480	294	30	64
481	291	29	64
484	290	30	64
485	291	29	65
487	289	28	65
491	290	28	64
492	289	27	64
494	288	26	63
497	289	26	62
499	288	27	61
498	286	27	60
499	282	28	58
505	280	28	57
507	282	27	57
510	283	31	54
512	285	34	52
514	288	37	51
524	287	38	49
521	291	37	48
516	295	41	45
513	298	41	45
551	287	41	45
604	295	37	52
609	293	33	57
612	291	30	60
616	289	28	62
614	285	29	62
622	287	28	62
624	285	29	62
627	284	31	62
633	285	32	61
637	284	33	61
644	281	32	60
648	282	32	58
651	285	33	56
657	287	35	54
665	288	36	53
673	288	37	51
675	292	39	49
681	293	41	47
698	285	40	47
708	283	38	48
720	282	35	50
726	286	34	49
735	285	32	50
740	288	32	48
747	290	31	48
756	291	30	47
762	293	30	46
769	293	29	46
776	294	29	45
781	294	28	46
790	296	28	45
795	298	28	45
803	298	28	45
807	300	28	44
815	299	27	44
823	303	27	44
827	304	27	43
832	304	28	43
840	305	28	43
845	307	28	42
851	307	28	43
858	304	27	45
862	306	27	44
869	302	28	44
873	311	28	44
882	310	28	44
887	311	28	45
891	314	28	45
896	316	29	44
901	317	29	44
911	320	29	44
914	321	29	43
919	322	29	43
924	324	29	43
930	324	29	42
937	326	29	42
943	328	28	42
948	328	28	42
953	330	28	42
958	331	28	43
965	332	27	43
970	332	27	43
976	334	27	43
980	334	26	44
985	335	26	44
989	336	25	44
994	337	25	44
995	340	25	44
1000	340	25	44
1004	340	25	44
1008	341	25	44
1008	344	25	44
1011	346	25	44
1013	346	24	44
1014	347	24	44
1016	350	24	44
1017	351	24	43
1016	354	25	43
1015	354	25	43
1024	352	25	43
1026	354	25	43
1017	360	25	43
1007	364	25	43
979	363	26	42
964	364	27	42
960	365	27	42
968	369	27	42
970	366	28	41
975	373	28	41
979	372	28	41
974	375	28	41
979	375	29	41
985	377	29	41
981	380	29	41
985	382	29	41
990	384	29	41
990	386	29	41
990	387	30	41
986	388	30	41
984	389	30	41
955	409	30	41
950	427	30	41
945	432	30	41
947	437	30	41
945	432	30	41
948	434	31	41
954	432	31	41
958	442	31	41
961	442	31	41
957	445	31	41
957	450	31	41
960	455	32	41
966	455	32	41
966	462	32	41
965	460	32	41
969	466	32	41
978	471	32	41
973	473	33	40
973	467	33	40
1001	438	33	40
1004	444	33	40
1006	446	33	41
1009	447	33	40
1010	455	32	41
1015	451	32	41
1017	459	33	41
1001	500	33	41
1000	507	33	41
1006	508	33	41
1025	468	33	40
1029	471	32	38
1031	474	32	38
1024	512	31	39
1022	528	31	39
1024	531	31	40
1042	492	31	40
1046	493	31	40
1048	497	31	38
1051	500	31	38
1054	504	32	37
1058	510	32	37
1060	514	32	37
1063	517	33	37
1066	521	33	37
1071	525	33	37
1075	530	33	38
1078	534	34	38
1082	538	34	39
1086	542	34	39
1091	548	35	40
1098	555	35	40
1101	558	36	41
1108	565	36	41
1110	568	36	41
1120	578	36	42
1116	613	37	42
1111	642	36	43
1106	651	37	43
1119	655	36	44
1122	652	36	43
1115	651	37	43
1130	665	38	42
1127	681	39	42
1132	680	40	41
1131	680	40	40
1144	690	42	39
1189	670	40	41
1196	679	40	41
1211	680	40	41
1217	684	41	40
1208	689	41	39
1194	689	41	39
1181	688	41	39
1167	684	41	39
1150	685	41	39
1124	688	42	39
1110	687	42	39
1091	687	42	38
1088	689	43	38
1088	680	43	38
1087	669	43	38
1087	670	42	39
1098	658	42	39
1108	649	42	39
1109	650	42	40
1108	651	42	40
1107	652	42	40
1094	655	42	40
1093	659	42	41
1093	659	42	41
1093	651	42	41
1102	631	42	42
1110	637	42	42
1099	645	42	42
1113	648	42	42
1123	656	43	42
1139	669	42	43
1127	671	42	43
1115	674	43	43
1083	687	46	41
1088	690	48	39
1088	688	48	39
1084	676	49	39
1072	678	49	39
1064	680	49	39
1053	678	49	39
1039	666	49	39
1026	667	49	39
1026	670	49	40
1026	670	49	40
1016	671	49	41
1017	680	49	41
1021	687	50	40
1021	686	51	39
1005	686	52	39
994	687	53	38
984	686	54	38
971	683	54	38
957	684	54	37
955	682	55	37
954	677	54	38
942	667	54	39
929	671	54	39
943	674	53	40
954	666	53	41
951	682	53	41
948	681	54	40
960	685	54	39
967	685	56	38
976	686	57	38
1001	679	57	38
1013	679	57	38
1025	679	57	38
1038	681	57	39
1038	680	57	39
1048	678	57	39
1048	676	57	39
1059	675	57	40
1057	674	57	40
1073	674	57	41
1073	677	57	41
1087	682	57	41
1088	679	57	41
1101	674	57	41
1087	662	57	41
1077	667	57	41
1066	671	57	42
1054	668	57	42
1033	669	57	42
1029	673	57	43
1045	671	56	44
1047	674	57	44
1060	676	57	44
1062	674	57	44
1077	678	57	44
1103	672	57	44
1116	673	57	44
1143	661	56	46
1158	664	56	47
1174	666	55	49
1175	670	56	49
1180	674	57	49
1194	660	56	50
1194	663	56	51
1193	669	56	50
1183	673	57	50
1167	658	57	51
1124	661	56	51
1126	665	56	52
1130	671	58	51
1145	667	58	51
1148	674	59	51
1161	671	59	50
1165	670	58	50
1180	665	58	51
1166	669	58	51
1164	675	59	50
1151	680	60	50
1154	670	60	50
1156	669	60	50
1144	671	60	50
1146	670	60	50
1147	671	61	50
1146	657	61	50
1147	656	60	50
1133	658	60	51
1131	657	60	51
1129	660	60	51
1114	659	60	51
1115	667	60	51
1118	664	60	52
1103	665	61	52
1104	667	61	51
1106	669	61	51
1107	668	62	51
1126	665	62	51
1147	668	62	51
1154	673	63	51
1158	673	63	51
1162	672	63	51
1147	659	63	51
1148	663	63	51
1131	665	64	51
1116	664	64	51
1117	652	64	51
1133	656	64	51
1162	656	63	53
1162	654	63	53
1163	655	63	54
1149	658	63	54
1150	661	63	54
1155	662	64	53
1141	663	64	53
1141	650	65	53
1141	653	65	54
1141	654	65	54
1138	655	64	55
1137	655	64	55
1137	656	65	56
1138	656	65	56
1138	652	65	57
1137	652	65	57
1139	652	65	57
1156	662	65	57
1158	661	66	57
1141	644	66	58
1140	644	66	58
1143	646	66	58
1143	643	66	58
1139	622	66	59
1139	636	66	59
1157	641	66	60
1159	638	66	60
1159	650	67	60
1141	625	66	61
1151	630	65	62
1153	639	66	62
1166	646	67	61
1172	658	67	60
1158	667	69	58
1162	643	69	59
1165	614	68	60
1184	607	67	62
1188	617	65	64
1192	629	64	65
1195	647	65	65
1203	651	65	65
1189	649	65	65
1175	629	65	65
1156	618	65	66
1157	617	65	66
1175	618	65	67
1179	633	64	68
1182	648	64	68
1184	647	65	68
1205	643	64	68
1190	639	65	68
1192	633	65	69
1193	627	65	69
1174	639	65	69
1156	637	65	69
1134	652	66	68
1133	634	66	68
1134	650	67	68
1138	653	67	68
1138	650	68	68
1136	629	68	68
1134	627	68	68
1150	622	68	69
1150	598	67	69
1146	523	68	70
1152	536	69	69
1164	553	70	69
1169	561	69	69
1181	579	69	70
1194	599	68	71
1201	603	67	73
1208	626	66	74
1216	630	63	77
1218	639	63	77
1217	647	63	75
1199	644	64	75
1180	640	64	75
1161	634	64	75
1141	632	65	75
1138	627	65	75
1118	623	65	75
1096	618	65	75
1076	633	66	74
1076	628	66	74
1073	624	66	74
1070	619	66	74
1068	631	66	74
1065	625	66	74
1062	619	66	74
1060	615	66	74
1058	612	66	74
1056	606	66	74
1036	602	66	74
1034	600	66	74
1034	597	66	74
1033	613	67	74
1035	628	67	74
1037	624	67	74
1057	622	68	74
1144	535	68	75
1155	544	68	74
1163	558	68	73
1171	567	67	74
1179	578	66	75
1187	593	66	76
1194	602	66	78
1200	613	66	79
1210	624	66	81
1212	637	67	82
1210	642	65	81
1209	646	65	80
1213	650	66	77
1211	655	68	74
1196	655	69	73
1182	652	70	73
1185	646	70	73
1169	641	71	73
1153	636	71	73
1136	631	71	73
1113	626	71	73
1113	619	71	73
1113	612	71	73
1112	605	72	73
1111	598	72	73
1108	588	72	73
1084	597	72	73
1080	606	72	73
1077	613	72	73
1075	604	72	73
1074	612	72	74
1072	604	72	74
1070	599	72	74
1068	612	72	74
1067	608	72	74
1065	602	72	74
1064	596	72	74
1061	589	72	74
1058	582	72	74
1054	573	72	74
1032	547	72	74
1030	526	72	74
1030	503	72	74
1028	488	72	74
1027	491	72	74
1043	495	72	74
1041	499	72	74
1040	502	72	74
1041	506	73	73
1042	510	73	73
1044	516	73	73
1071	522	73	73
1067	528	73	73
1068	534	73	73
1065	535	73	73
1066	553	74	73
1065	558	74	73
1064	560	74	72
1065	562	75	72
1087	565	75	72
1087	572	76	72
1092	577	76	71
1094	583	76	71
1095	584	77	71
1091	601	77	71
1095	607	77	71
1119	610	78	70
1098	627	78	70
1094	626	79	70
1114	628	80	69
1090	631	80	69
1109	635	80	69
1109	635	81	69
1106	632	81	69
1104	647	81	69
1123	643	81	69
1119	621	81	69
1114	593	81	69
1109	562	81	69
1106	517	81	69
1105	518	81	69
1102	533	81	69
1117	532	81	70
1116	530	81	70
1115	547	81	70
1115	560	81	70
1136	557	81	71
1132	557	81	71
1130	572	81	71
1129	573	81	71
1128	589	81	72
1145	588	82	72
1142	598	82	72
1142	601	82	72
1143	604	82	72
1144	608	82	73
1145	612	82	73
1146	612	82	73
1147	624	82	73
1147	635	82	73
1150	645	82	73
1153	624	82	74
1154	602	82	74
1154	615	82	74
1177	610	82	75
1180	606	82	75
1159	621	82	75
1156	618	83	75
1154	607	83	75
1151	616	83	75
1149	628	83	75
1148	617	83	75
1147	629	83	75
1125	637	83	75
1101	650	83	75
1076	639	83	75
1051	634	83	75
1026	631	83	75
1023	623	83	75
1021	617	83	75
1020	595	83	75
1020	572	83	75
1017	569	83	75
1017	563	83	75
1017	559	83	75
1016	557	83	75
1014	552	83	75
1011	548	83	75
1007	541	83	75
1001	535	83	75
998	531	83	75
973	524	83	75
967	517	83	75
964	494	83	75
959	488	83	75
955	479	83	75
930	452	83	75
906	450	83	75
903	424	83	75
883	396	83	75
865	378	83	75
845	360	83	75
821	358	84	75
824	359	84	75
825	360	84	75
830	361	84	75
830	363	84	75
832	364	84	75
833	367	84	75
836	371	84	75
817	374	84	75
793	375	84	75
770	396	84	75
748	401	84	75
726	408	84	75
624	434	82	76
624	436	80	75
628	440	77	74
627	442	76	73
628	444	76	71
628	449	76	70
631	451	75	69
634	453	73	69
637	456	71	69
637	457	71	68
641	465	67	74
645	465	65	78
648	465	63	81
649	463	62	81
652	482	58	88
656	466	60	84
658	468	63	78
663	474	65	75
666	475	66	72
671	478	67	70
678	482	68	68
684	485	68	66
692	486	69	65
701	489	68	65
707	493	68	64
716	500	67	64
726	496	68	64
734	503	68	65
742	500	69	64
749	509	68	66
760	508	69	65
767	512	71	65
775	516	72	67
780	514	75	67
787	518	76	66
795	523	78	65
802	527	78	65
808	530	79	64
816	534	79	63
823	539	79	62
829	543	80	62
835	543	81	62
840	547	81	62
844	549	82	62
848	552	82	62
851	556	83	62
854	559	84	62
857	562	84	61
861	565	84	61
866	568	84	61
871	569	84	63
874	570	85	64
876	573	86	65
878	573	88	66
880	576	89	67
883	580	90	68
886	580	92	68
888	581	94	69
890	586	96	68
893	586	98	70
897	588	100	71
899	589	102	73
902	590	103	75
906	596	104	75
910	595	105	75
919	602	105	75
922	600	106	75
927	607	107	76
932	605	108	76
940	611	109	77
945	614	111	78
951	619	113	79
955	624	114	82
960	626	115	86
964	626	116	88
972	628	118	89
977	629	119	89
981	632	120	89
987	634	121	87
991	636	122	86
999	639	123	83
1002	640	125	81
1007	643	126	79
1011	645	127	76
1015	648	128	73
1020	651	128	71
1025	654	128	68
1030	656	127	66
1035	658	127	64
1039	661	127	62
1043	663	127	60
1046	665	128	57
1050	666	128	55
1052	669	129	52
1056	671	129	51
1059	673	130	49
1064	674	129	47
1068	675	129	46
1072	677	129	44
1077	680	130	42
1078	681	130	40
1079	684	130	39
1079	684	128	37
1075	682	124	38
1074	682	122	38
1072	588	122	39
1074	599	121	42
1076	592	121	42
1073	664	118	44
1076	663	117	45
1080	665	116	46
1083	666	115	47
1088	665	113	48
1093	666	112	49
1101	630	111	51
1114	594	112	52
1114	605	112	53
1123	602	112	53
1123	618	112	55
1127	607	112	56
1125	622	112	57
1126	653	112	58
1127	670	112	57
1130	661	112	57
1139	632	112	58
1139	631	112	58
1144	628	112	58
1132	625	112	59
1141	625	111	60
1146	644	111	60
1148	639	111	62
1134	634	110	62
1140	635	110	63
1149	637	110	63
1128	635	110	64
1104	619	109	64
1103	619	109	64
1102	598	109	65
1100	593	109	65
1075	588	109	66
1047	586	108	66
1022	583	108	66
933	526	108	68
896	506	95	74
896	509	83	81
901	508	72	86
907	501	67	86
907	510	60	90
911	498	58	88
907	504	55	85
905	496	51	82
905	504	48	79
906	502	47	76
906	502	46	72
905	505	45	70
905	507	45	68
905	506	45	67
905	506	44	65
905	504	43	64
903	506	42	62
900	505	39	62
900	506	37	62
900	505	37	62
899	505	38	63
895	509	41	61
892	519	45	56
891	515	47	55
892	506	46	56
892	505	44	57
890	505	42	58
885	503	39	58
886	503	37	58
884	501	36	58
885	501	37	57
883	504	40	55
881	507	43	53
880	505	45	53
880	503	46	53
880	504	46	52
879	503	46	52
874	499	43	55
874	497	39	57
873	495	37	59
874	495	36	61
873	493	37	62
872	493	38	64
876	496	40	63
872	494	42	64
871	494	45	63
871	489	46	64
871	490	45	63
873	489	45	63
867	488	41	63
869	487	38	63
869	486	35	63
871	485	36	64
871	484	37	65
871	482	40	65
871	482	43	65
871	483	46	64
873	482	49	62
872	483	50	60
873	484	50	58
873	487	50	57
868	485	44	58
871	484	39	60
872	483	37	62
875	482	37	64
875	481	38	66
873	481	40	67
872	480	42	68
873	480	43	67
876	480	43	67
877	482	43	65
874	479	41	65
873	479	37	65
873	477	34	65
875	477	34	65
875	476	36	66
875	475	39	67
874	474	42	67
873	473	45	66
876	473	48	65
877	474	50	64
876	474	50	62
871	473	47	62
870	473	44	63
869	471	39	64
870	470	37	66
872	469	36	68
871	465	36	69
869	465	37	69
868	468	39	69
866	462	40	69
865	460	39	69
868	462	38	69
865	459	36	69
863	458	34	69
860	457	33	70
860	456	33	71
858	454	35	72
856	452	37	73
853	452	40	74
851	449	42	74
848	447	43	72
847	446	44	71
843	445	43	68
