537	350	97	218
537	355	95	218
537	356	95	217
538	359	94	217
537	362	95	217
537	365	95	216
536	369	95	215
536	371	95	214
535	378	96	213
534	379	97	213
534	384	97	212
534	388	97	210
533	388	97	210
534	394	97	207
534	394	97	208
534	400	96	207
533	400	96	208
534	404	96	209
533	406	96	208
533	411	96	208
532	413	96	207
532	414	96	209
532	415	96	210
531	418	97	210
531	420	97	211
531	422	97	212
531	420	97	214
531	424	97	214
530	424	98	216
530	428	98	217
530	428	98	219
529	431	98	220
527	432	98	221
528	430	99	222
526	436	99	222
526	435	99	223
527	440	99	222
526	441	100	223
527	444	100	222
525	445	100	223
525	447	100	223
525	447	100	223
524	447	100	224
525	448	101	224
524	448	101	224
523	448	102	224
523	446	102	226
522	447	102	228
522	448	103	228
522	447	103	229
521	446	103	230
521	445	103	231
522	446	103	232
521	443	103	234
520	442	104	236
519	442	104	236
520	443	104	237
519	442	105	238
520	440	106	238
519	434	105	242
518	422	104	250
520	426	105	252
518	416	106	259
518	421	106	260
517	420	107	262
517	418	107	263
517	418	107	263
518	423	107	261
517	424	108	259
515	429	109	256
515	427	109	256
513	431	110	254
513	430	110	253
512	430	110	253
513	431	110	253
512	436	110	251
511	435	110	250
513	437	111	248
510	439	111	246
510	441	112	243
509	443	113	241
510	445	113	238
512	446	112	237
512	448	112	235
512	450	111	235
513	452	111	236
514	450	110	237
517	447	108	237
518	449	107	237
517	447	107	234
519	444	106	234
519	440	105	232
520	438	105	230
522	435	104	229
521	434	103	228
521	428	103	228
521	425	104	228
520	425	104	229
521	420	104	229
519	418	106	229
518	416	107	230
517	414	108	230
518	411	108	230
518	410	108	231
518	407	108	230
516	407	108	231
515	407	110	231
514	407	112	231
514	405	113	232
514	404	113	231
513	405	114	230
513	406	115	229
513	406	115	230
512	406	116	230
513	405	116	231
513	404	116	231
513	404	117	231
513	405	118	231
514	403	117	231
513	403	117	232
515	403	117	231
514	403	117	230
516	403	116	230
515	404	116	230
515	403	116	229
515	403	115	229
516	403	115	229
516	403	115	229
515	401	115	230
516	404	116	229
518	403	116	229
518	404	116	229
517	404	116	228
518	405	116	228
517	404	115	228
519	403	115	228
518	403	114	228
519	402	113	228
518	402	114	228
519	401	114	229
519	402	114	228
518	402	115	228
518	402	115	227
521	403	114	227
521	404	114	227
521	402	115	228
521	402	115	228
521	402	115	228
521	401	115	228
523	402	114	227
522	401	114	228
522	401	115	228
523	399	115	228
523	400	114	228
524	399	114	228
525	397	114	228
525	396	115	227
525	395	114	227
525	395	114	226
526	395	114	226
527	394	113	226
528	396	113	226
529	395	112	226
529	394	112	226
530	393	112	226
531	395	112	226
532	392	112	227
533	391	112	228
532	394	112	227
532	395	112	226
534	392	111	227
533	393	111	227
533	391	112	227
533	392	112	228
533	394	112	228
533	394	113	230
534	391	113	230
536	393	111	229
537	392	111	228
536	396	111	227
537	394	111	227
536	395	112	227
538	395	112	228
538	394	112	228
539	398	112	227
541	396	111	227
540	397	112	228
543	396	111	227
542	396	112	228
545	394	111	227
544	396	111	227
544	396	111	226
545	397	112	227
545	395	112	227
547	396	112	226
548	396	112	225
547	396	112	227
549	394	112	227
548	395	113	227
550	394	112	227
550	395	112	228
553	394	112	228
552	392	113	228
553	394	112	227
555	393	112	228
556	394	111	228
557	392	110	228
557	393	110	228
558	391	110	227
557	392	110	228
560	390	109	227
560	390	109	228
561	391	108	228
563	389	107	228
562	392	108	227
565	390	107	226
565	391	107	227
564	390	108	228
565	390	107	227
566	390	108	228
567	388	108	228
567	388	108	229
567	388	109	227
569	389	108	226
569	388	109	226
569	390	109	226
570	388	109	225
571	387	109	226
572	388	108	226
572	386	108	226
572	385	109	227
573	386	109	227
573	386	109	227
575	385	108	227
576	387	108	226
576	387	108	225
576	385	108	225
576	384	108	226
577	386	108	227
578	385	108	227
578	385	108	226
580	384	109	225
579	387	109	225
580	385	109	224
580	386	110	225
581	383	110	224
580	386	110	223
580	385	110	223
581	385	110	223
582	385	111	223
584	384	110	222
586	386	109	223
585	385	109	223
588	383	109	223
588	383	109	225
589	380	109	225
590	381	109	227
591	381	109	226
591	379	110	225
592	379	109	226
593	380	110	225
592	380	111	224
594	381	112	223
593	379	112	223
595	380	111	224
594	381	113	223
594	379	113	222
596	379	113	221
596	379	113	222
598	377	112	221
600	379	112	221
600	379	111	220
601	379	111	220
601	378	111	220
601	378	112	220
602	376	112	220
603	376	112	220
603	375	113	221
603	375	113	221
604	375	113	221
606	377	112	220
607	378	112	220
609	376	111	220
610	375	112	220
611	376	112	221
611	376	112	220
611	377	112	220
611	377	113	219
612	377	113	219
614	376	112	219
615	377	111	220
615	377	111	221
616	377	111	221
617	378	110	222
619	379	109	222
621	377	109	221
622	379	108	222
621	378	108	222
623	378	109	223
623	379	108	223
623	380	108	224
624	381	108	223
625	383	108	224
627	383	108	223
628	383	109	225
628	383	108	225
631	384	108	225
631	385	107	226
632	385	107	226
634	385	107	227
634	387	106	227
636	386	106	226
638	389	105	226
639	389	105	225
640	391	105	227
641	390	105	227
642	391	105	227
642	391	105	227
643	392	105	227
645	394	105	227
645	394	105	226
646	394	105	227
647	395	105	228
649	395	104	228
650	396	104	229
652	395	103	228
653	395	103	227
654	395	103	227
655	395	103	227
657	394	103	227
657	394	103	226
658	395	103	226
659	395	102	226
660	394	102	226
661	394	102	226
663	393	101	226
664	394	101	226
664	394	101	227
665	392	101	227
666	391	100	227
668	390	100	227
668	390	99	227
670	390	99	227
670	390	98	226
671	388	98	226
672	388	98	226
673	389	98	226
675	388	98	226
675	387	98	226
676	387	97	225
677	387	97	225
677	387	97	225
678	385	97	225
679	384	96	225
680	383	96	225
681	382	96	225
681	382	96	225
681	382	96	224
682	382	96	224
683	382	95	225
683	380	95	224
685	380	95	224
685	380	95	224
685	378	95	225
686	376	95	225
687	376	95	225
687	376	95	224
687	376	95	223
688	375	95	223
689	374	95	223
689	373	95	223
689	372	95	223
689	372	95	223
690	371	94	223
691	369	94	223
692	369	94	222
692	368	94	222
693	367	93	222
693	366	94	221
693	366	94	221
693	364	94	221
694	363	94	221
694	363	94	221
695	362	93	221
695	361	93	221
694	361	93	220
695	360	93	221
696	359	93	221
697	357	93	220
697	355	92	220
696	354	93	219
698	353	92	219
697	352	92	220
698	350	93	220
697	347	93	221
698	346	93	221
696	345	94	221
698	345	93	220
700	342	93	220
698	342	93	220
699	342	93	219
700	339	93	217
699	340	93	216
698	339	94	216
699	336	95	215
699	335	95	215
699	334	95	215
699	332	95	215
699	330	96	214
700	329	96	215
699	326	97	215
699	324	98	213
698	324	98	214
698	322	98	213
698	320	99	214
698	318	99	214
698	317	98	214
699	315	98	213
699	312	99	212
698	311	99	211
698	310	99	211
698	307	99	210
699	306	99	210
698	304	99	210
698	302	99	209
697	300	99	209
696	298	99	209
697	297	100	208
697	295	99	207
697	292	99	207
698	292	98	206
697	290	98	206
698	289	98	205
696	286	99	204
697	284	99	203
697	282	98	202
697	281	98	201
696	279	98	200
697	277	98	200
697	275	98	200
696	273	98	199
696	271	98	198
696	269	98	198
695	266	98	196
697	266	97	196
695	264	98	195
695	264	97	195
695	262	97	195
694	261	97	194
695	260	97	194
694	260	97	193
695	259	97	193
695	259	97	192
695	259	97	192
695	258	97	191
694	258	96	190
694	259	97	190
695	257	97	188
694	258	96	187
693	256	97	186
692	258	97	187
692	257	96	185
693	258	96	185
692	258	96	185
691	260	96	185
691	261	96	184
691	262	95	185
690	263	95	183
690	265	95	183
689	267	96	182
688	267	95	181
689	269	95	180
688	270	95	179
688	271	95	179
688	272	94	179
688	273	94	178
687	275	94	178
687	277	94	177
686	278	94	176
686	280	94	176
684	280	94	174
685	282	93	174
684	283	93	173
685	285	93	172
684	285	93	170
683	287	93	169
683	286	93	167
683	287	93	168
683	287	93	167
683	288	93	167
682	290	93	165
680	290	93	163
680	291	93	163
680	291	93	161
680	292	92	162
680	292	92	161
679	294	92	160
678	293	92	159
679	295	91	159
678	295	91	159
678	296	91	158
677	297	91	156
677	298	91	155
677	300	91	154
676	300	91	153
675	301	91	153
676	301	90	152
676	304	90	152
676	305	90	151
676	307	90	150
676	308	89	149
675	309	89	148
676	312	88	149
676	314	88	148
676	316	87	147
675	318	87	146
676	321	86	145
674	323	86	144
673	325	86	143
674	328	85	143
673	330	85	142
674	332	84	142
674	334	84	142
673	337	85	141
672	339	85	141
672	342	84	141
671	344	85	140
671	346	84	140
671	348	84	139
671	350	84	140
671	353	84	139
669	356	84	138
669	358	84	137
669	360	83	136
669	362	83	135
668	365	83	135
668	367	82	134
668	370	82	133
668	372	82	133
667	375	82	132
668	378	81	131
667	380	81	131
666	382	81	130
667	383	81	129
666	386	80	128
666	387	80	128
666	389	80	127
666	390	79	126
666	392	78	126
666	393	78	125
666	396	77	124
666	398	77	123
665	400	77	123
666	402	76	123
665	406	76	122
664	408	76	121
665	411	76	120
665	414	75	120
665	416	75	120
664	420	75	119
664	422	75	118
664	424	74	118
664	427	74	117
663	429	74	117
664	432	74	117
663	435	74	117
663	436	75	116
663	439	75	116
663	441	75	116
662	444	75	115
662	445	74	115
661	447	74	114
662	450	74	114
661	452	73	113
662	453	73	113
660	455	73	113
660	458	73	112
661	459	72	112
661	462	72	112
660	463	72	112
659	466	72	111
660	467	71	110
659	470	71	109
659	472	71	108
659	475	71	108
658	477	71	108
658	479	71	107
658	482	71	106
658	484	71	106
658	487	71	105
657	489	71	105
658	490	70	105
657	493	71	104
657	495	71	105
657	498	70	105
656	499	71	104
656	502	70	104
655	504	70	103
656	506	70	102
655	510	70	102
655	512	70	101
655	514	70	100
655	517	69	100
654	518	69	99
654	522	69	99
655	525	69	99
654	527	69	99
655	529	68	98
654	532	68	98
654	535	67	97
654	538	67	97
654	540	67	97
654	543	67	97
653	545	68	96
653	549	68	96
653	552	67	96
653	554	67	95
653	556	67	96
653	558	67	96
652	562	67	96
653	565	67	95
652	567	67	94
651	570	67	94
651	572	67	93
652	576	67	93
650	578	67	92
651	580	67	92
651	582	67	92
652	583	66	92
651	584	66	91
653	585	65	91
652	585	64	90
652	585	64	90
652	585	64	90
652	585	64	89
652	586	63	89
652	585	63	88
652	586	63	88
652	585	62	88
651	586	62	88
651	584	62	88
650	583	62	87
650	583	63	87
650	582	62	86
650	580	63	86
650	579	63	86
649	577	63	85
649	576	62	85
650	575	63	85
649	575	62	84
650	573	62	84
649	572	62	83
650	571	62	83
650	569	62	83
649	567	62	83
649	567	62	82
648	566	61	82
648	565	62	81
648	564	61	81
647	562	61	81
647	562	61	80
647	561	61	80
647	561	60	79
647	560	60	79
647	558	59	78
647	557	59	78
647	556	59	77
647	555	59	77
647	554	58	77
647	554	58	76
647	553	58	76
646	552	58	75
646	551	58	75
646	549	58	75
646	550	58	74
646	548	58	74
647	547	58	74
646	546	58	74
646	546	58	73
645	545	57	73
646	544	57	73
645	543	57	73
646	542	57	72
646	541	57	72
646	541	56	72
646	540	56	72
645	539	56	71
646	538	56	71
646	537	56	71
646	536	56	70
645	535	56	70
645	534	56	70
645	533	56	70
645	533	56	70
645	531	55	70
645	531	55	69
645	530	55	69
644	528	55	69
645	527	55	68
644	527	55	68
644	526	55	68
644	525	55	68
643	525	55	67
643	524	55	67
642	523	55	67
643	522	55	66
642	522	55	66
642	521	55	66
642	520	54	66
642	519	55	66
642	518	55	66
641	517	54	66
642	517	54	65
641	516	54	65
640	516	54	65
640	515	55	64
640	514	54	64
640	514	55	64
640	513	55	64
639	513	54	63
640	512	54	63
640	512	54	63
640	511	54	63
639	510	53	63
639	509	53	63
639	508	53	62
638	507	53	62
638	506	53	62
638	507	52	62
638	506	52	62
638	505	52	62
637	505	52	62
637	504	52	62
637	503	52	61
636	502	52	61
637	503	52	61
637	502	52	61
636	501	51	61
636	501	51	61
635	501	52	61
635	501	51	61
636	500	51	61
636	500	51	61
636	499	51	61
635	499	51	61
635	499	51	61
635	499	51	61
634	498	51	61
633	497	51	61
634	498	51	60
634	498	51	60
635	497	51	60
633	497	51	60
633	497	51	60
634	496	51	59
633	497	51	59
633	496	51	59
633	496	51	59
632	496	50	59
633	496	51	59
632	496	51	59
632	496	51	59
632	495	51	59
631	496	51	59
632	496	51	59
631	495	51	59
631	495	51	59
631	495	51	59
631	495	51	59
631	495	51	59
632	494	51	59
631	494	51	59
631	495	51	59
630	495	51	59
631	495	51	59
631	494	51	59
630	494	51	58
631	494	51	58
632	494	51	58
630	493	50	58
631	493	50	58
631	493	50	59
630	493	50	58
631	493	51	59
631	492	51	59
631	492	51	59
631	492	51	59
630	492	51	59
630	492	51	59
629	491	51	59
629	492	51	59
629	492	51	59
630	491	51	58
630	492	51	59
630	492	51	59
630	492	51	59
630	492	51	59
630	492	51	59
630	492	51	58
630	492	51	58
629	492	51	58
629	492	51	58
630	492	51	58
630	492	51	59
629	491	51	59
629	492	51	59
629	492	51	59
629	491	51	59
629	492	51	59
629	492	51	58
629	492	51	59
629	493	51	58
629	492	51	58
629	493	52	58
628	492	51	58
628	493	51	59
629	493	51	59
628	492	51	59
628	493	51	59
629	493	51	59
629	493	51	59
629	493	51	59
628	492	51	59
628	492	51	59
628	493	51	59
628	493	51	59
628	493	51	59
628	492	52	59
628	492	52	59
628	493	52	59
628	493	52	59
629	492	51	59
627	493	52	59
627	493	52	59
627	493	52	59
627	493	52	59
627	494	52	58
627	493	52	59
628	494	52	58
628	494	52	58
628	494	52	58
628	494	51	58
627	494	51	58
627	494	51	58
628	494	52	58
627	494	52	58
627	494	52	58
627	494	52	58
627	494	52	58
628	494	52	58
627	494	52	59
628	493	52	59
627	493	52	59
627	493	52	59
627	493	52	59
627	493	53	59
627	493	52	58
627	492	53	59
627	492	53	59
626	492	53	58
626	493	53	58
627	493	53	58
626	492	53	58
626	492	53	58
626	491	53	59
626	491	54	58
626	491	54	58
625	492	54	58
625	490	54	58
625	491	54	58
625	491	54	58
625	490	54	58
625	490	54	58
625	490	54	58
626	490	54	58
625	490	54	58
625	490	54	58
626	490	54	57
626	490	54	58
626	489	54	58
626	489	54	58
626	489	54	58
626	489	54	57
626	489	54	57
625	488	55	57
626	488	54	57
625	488	55	57
626	488	55	57
626	488	55	57
625	488	55	57
626	488	55	57
625	487	55	57
626	487	55	57
625	487	54	57
625	487	54	57
626	487	54	57
625	486	54	57
625	486	54	57
625	486	54	57
625	486	54	57
626	486	54	58
626	485	54	58
625	484	54	58
625	484	54	58
625	484	54	58
624	484	55	58
625	484	55	58
624	484	55	58
624	484	55	58
624	484	55	58
624	484	55	57
623	484	55	57
623	484	56	57
623	483	55	56
623	484	56	57
624	484	55	56
624	484	55	56
624	485	55	56
624	484	55	56
624	483	55	57
623	483	55	57
624	483	55	57
623	484	55	57
624	483	55	57
622	484	55	56
622	483	55	56
622	483	56	56
622	483	55	57
622	483	56	57
622	483	56	57
622	483	56	56
622	483	55	56
622	484	55	56
622	483	55	56
621	483	55	56
622	482	55	56
622	483	55	56
622	483	55	57
622	484	55	56
621	483	55	56
620	484	55	56
621	483	55	56
621	483	55	56
621	483	55	56
620	483	55	56
620	482	55	56
619	483	55	55
619	482	55	55
619	483	55	55
619	482	55	55
618	482	55	55
618	483	55	55
619	482	55	55
618	482	55	55
618	483	55	55
618	481	54	54
618	482	55	54
618	481	54	54
617	482	54	53
617	481	55	53
617	480	55	53
617	481	55	53
616	480	55	54
616	481	55	54
616	479	55	54
615	478	55	55
615	480	55	54
615	479	55	54
615	480	55	54
615	479	55	54
615	479	55	54
614	479	55	54
613	480	55	53
613	480	55	53
614	479	55	53
613	479	55	53
613	478	55	53
613	479	55	53
613	478	55	53
613	477	55	53
612	477	55	53
612	477	54	53
611	478	54	53
611	477	55	53
611	476	54	53
610	475	55	53
610	476	55	53
610	475	55	54
612	475	54	53
611	475	54	53
610	475	54	53
611	475	53	53
611	475	53	54
611	474	53	54
611	474	53	53
611	475	52	53
610	474	52	53
611	474	52	53
611	473	51	53
610	473	51	53
611	473	51	53
611	472	51	53
611	472	51	52
610	472	51	53
610	471	50	53
611	471	50	52
610	471	50	52
610	471	50	52
610	471	50	52
610	470	50	52
609	470	50	52
610	470	50	52
609	470	50	52
609	469	50	52
609	468	50	52
608	468	50	52
607	467	50	52
608	467	50	51
607	467	50	51
607	467	50	50
607	467	50	50
607	467	50	50
608	466	49	50
608	466	49	50
608	466	49	50
607	466	49	50
608	465	49	50
607	465	49	50
608	465	49	50
607	465	49	50
607	465	49	50
607	464	49	50
607	464	49	50
607	463	49	50
607	463	49	50
607	462	49	50
606	463	49	50
607	462	49	49
607	461	49	50
606	461	49	49
606	461	48	49
607	460	49	49
606	460	48	49
606	460	48	49
606	459	48	50
606	459	48	50
606	459	48	50
606	458	48	50
606	457	48	49
605	458	48	49
606	458	48	49
605	457	48	49
605	457	48	49
605	456	48	49
604	457	48	48
604	455	49	48
605	455	49	48
604	455	49	48
604	455	49	48
604	453	49	48
603	454	49	48
603	454	49	48
603	453	49	47
603	453	49	47
604	452	48	47
603	452	48	47
604	451	48	47
604	450	47	47
604	450	47	48
604	449	47	48
603	450	47	47
604	450	47	47
603	450	47	47
603	450	47	46
603	449	47	47
602	449	47	47
602	448	47	46
602	448	47	46
602	447	47	46
602	447	47	46
602	447	47	46
603	446	46	46
603	447	46	46
602	446	46	46
602	445	46	45
602	446	46	45
601	445	47	45
601	443	47	45
602	444	47	45
601	444	46	45
601	443	47	45
601	443	47	45
601	443	47	45
602	443	46	44
602	443	46	44
601	442	46	44
601	442	46	44
601	441	46	44
601	441	46	44
601	441	45	44
601	440	45	44
602	441	45	44
601	440	45	44
601	440	45	43
601	440	45	43
600	440	45	44
600	438	45	44
601	439	45	44
600	438	45	44
600	437	46	44
600	437	46	44
599	436	46	45
599	436	46	44
599	436	46	44
600	435	45	44
599	435	45	44
599	435	45	44
599	434	45	44
599	434	45	44
599	434	45	44
598	434	45	43
598	434	45	43
598	433	45	43
598	434	45	43
598	433	45	43
598	433	45	43
598	434	45	43
598	433	45	43
598	433	45	43
598	432	45	43
598	432	45	43
598	432	44	43
597	432	44	43
598	432	44	43
597	432	44	43
597	432	44	43
596	432	44	43
597	431	44	43
596	431	44	43
597	431	44	43
597	431	44	42
596	430	44	43
596	431	44	43
596	430	44	42
596	431	44	42
595	431	44	42
595	431	44	42
