451	428	156	134
453	430	156	131
454	430	155	129
456	430	154	128
459	430	154	127
461	429	153	126
465	429	152	126
466	429	152	126
468	429	151	125
470	428	151	125
471	429	151	124
472	428	150	124
471	428	150	123
471	427	149	123
469	427	149	124
468	426	148	124
465	426	148	124
461	426	148	124
456	425	148	124
452	424	147	125
447	423	147	126
441	423	147	126
436	423	148	126
431	422	148	126
421	422	148	126
416	421	148	127
410	421	148	127
404	421	147	127
398	420	147	127
391	420	146	127
384	420	146	127
380	419	145	127
375	419	145	127
370	420	144	126
365	419	144	126
361	419	143	126
356	418	143	126
353	418	142	126
352	418	141	126
351	417	139	126
349	416	138	125
349	415	137	124
349	414	136	124
350	414	135	123
351	413	134	123
353	412	133	123
356	411	131	122
358	410	130	122
361	410	129	121
366	407	127	121
370	406	126	120
374	406	125	119
379	404	124	118
383	403	123	117
388	403	122	116
392	401	121	116
395	400	120	115
398	399	120	115
402	399	118	115
406	397	117	114
410	396	117	113
413	395	117	113
417	395	116	112
420	394	115	111
423	392	115	111
427	391	114	110
430	390	113	110
433	389	112	110
436	387	111	109
440	385	111	109
445	385	110	108
447	384	109	108
450	383	109	107
453	381	109	107
458	382	107	107
460	379	108	106
464	379	107	106
466	377	107	106
470	377	106	105
474	375	106	105
476	375	104	104
477	372	104	104
480	373	103	103
478	372	103	103
480	369	103	103
479	369	102	103
478	369	102	102
478	367	101	102
476	365	101	102
475	366	100	102
473	364	100	101
472	364	99	101
470	362	99	101
469	362	98	100
466	361	97	99
465	361	96	98
463	360	96	98
461	359	96	98
459	358	95	97
456	358	94	97
454	357	94	97
452	356	93	96
449	355	93	96
446	355	92	95
443	354	92	95
440	354	92	95
438	353	92	95
434	353	92	94
432	352	92	94
429	351	92	94
427	350	91	94
424	349	91	93
424	349	90	93
421	348	90	93
421	347	90	93
420	346	89	93
420	346	88	93
420	345	87	92
420	345	87	92
420	344	87	92
421	343	87	92
422	342	87	91
422	341	86	91
424	341	86	91
423	340	86	91
424	339	86	90
424	339	86	90
424	338	87	90
425	337	87	90
424	337	87	89
424	336	87	89
424	335	87	89
424	335	87	89
424	334	87	89
422	333	87	89
424	333	87	89
423	332	87	89
422	332	87	88
422	331	87	88
421	331	87	88
419	331	88	87
419	331	87	87
419	330	87	87
417	330	87	87
416	329	88	87
415	330	87	86
415	330	87	86
414	329	87	86
413	329	87	86
412	329	87	86
411	329	87	86
411	330	87	86
409	329	88	86
408	329	88	85
407	329	88	85
406	329	87	85
406	329	87	85
406	329	88	84
405	329	88	84
404	328	88	84
404	328	88	84
403	328	88	83
403	328	88	83
403	328	87	83
403	327	87	83
403	327	87	83
403	327	87	83
403	327	87	83
404	327	86	82
404	327	87	83
404	327	87	83
404	327	87	83
403	326	87	83
404	326	87	83
404	326	87	83
403	326	88	83
403	325	88	83
403	326	88	83
403	325	88	83
402	324	89	82
404	325	88	83
404	325	89	83
404	324	89	83
404	324	89	83
405	324	89	83
404	324	89	83
403	324	90	83
405	324	89	83
404	323	90	82
407	324	89	83
407	324	89	82
407	323	89	82
410	323	88	82
409	323	88	82
409	323	88	82
410	323	88	82
410	323	88	83
411	322	87	83
410	322	87	83
411	322	88	83
412	322	87	83
413	322	87	83
414	322	87	83
414	321	87	83
414	321	87	83
414	320	87	83
416	320	87	84
414	320	87	84
416	319	86	84
415	320	87	84
416	320	86	84
416	319	86	84
416	319	86	85
416	319	86	85
416	319	87	85
417	318	86	85
417	319	86	85
419	319	86	85
419	319	86	85
418	320	86	85
419	319	86	85
420	319	86	85
419	319	86	85
420	318	86	86
420	318	86	86
421	317	86	86
419	316	86	86
419	316	86	87
420	316	86	87
422	316	86	87
420	315	86	87
420	315	86	87
420	314	86	87
422	313	86	87
421	313	86	87
421	312	85	88
421	311	85	88
422	311	85	88
422	311	85	88
422	310	85	88
421	309	85	88
422	309	86	88
422	308	86	88
422	307	86	88
422	307	86	87
423	306	86	87
422	306	86	88
422	305	87	88
422	304	87	87
423	303	88	88
422	303	88	88
422	301	88	88
422	300	88	87
422	299	89	87
422	299	89	87
423	298	89	87
423	297	89	87
422	296	89	87
422	295	90	87
422	294	90	86
422	293	91	86
423	292	91	86
422	292	91	86
422	291	91	86
422	290	91	86
423	289	91	85
423	288	91	85
424	287	91	85
424	286	91	84
424	286	91	84
425	285	91	84
425	283	90	84
425	283	90	84
425	281	90	84
425	281	90	84
425	280	91	84
425	279	90	83
425	277	91	83
426	277	91	83
426	276	90	83
427	275	90	84
427	274	90	84
427	273	90	83
427	273	90	84
427	271	90	84
427	270	91	84
427	269	91	83
427	269	91	83
427	269	91	84
428	267	91	84
428	266	91	84
428	266	91	84
428	266	91	84
428	264	91	85
429	263	91	85
428	264	92	84
429	261	92	84
428	262	92	85
428	261	92	84
428	261	92	84
429	260	92	84
429	259	92	84
428	259	92	84
427	258	92	85
427	258	92	85
428	257	92	85
426	257	92	85
426	257	92	85
424	257	93	85
423	256	93	85
422	255	94	85
422	255	94	86
421	254	94	86
420	254	94	86
419	254	94	87
419	254	94	87
417	253	95	87
417	252	95	87
416	252	95	87
415	253	96	88
415	253	96	88
414	252	96	87
413	252	96	87
413	252	96	88
412	252	97	88
411	252	97	89
410	251	97	89
409	251	97	88
408	251	97	88
408	251	98	89
406	251	98	89
406	251	97	89
404	251	98	89
403	251	98	89
402	251	99	89
401	251	99	89
399	251	99	89
398	250	99	89
398	251	99	90
397	250	99	90
396	250	99	90
395	250	99	90
393	250	99	91
392	251	99	91
391	250	100	90
390	251	99	91
389	252	100	91
387	251	100	90
386	251	100	91
384	252	100	91
383	251	101	91
381	252	101	91
379	252	101	91
378	252	102	91
376	252	102	91
374	252	103	91
373	252	104	91
371	253	104	92
370	252	104	92
367	252	105	92
367	253	105	92
365	253	105	92
364	253	106	92
363	253	106	92
361	253	107	93
360	252	107	93
357	252	108	93
356	253	108	93
355	252	109	94
354	253	109	94
353	253	109	94
352	253	109	94
351	254	110	95
349	253	110	95
347	254	111	95
347	254	111	95
344	255	112	95
343	255	113	96
343	255	113	96
341	255	113	96
340	255	114	97
339	255	114	97
338	255	114	97
336	255	115	97
335	255	115	98
335	255	115	98
333	255	116	98
332	255	116	98
331	255	116	98
329	255	117	99
329	254	117	99
327	254	118	99
327	254	118	100
326	254	118	99
326	253	118	100
324	254	119	100
324	253	119	100
322	253	119	101
323	253	119	100
321	252	120	100
320	252	120	100
319	252	121	100
318	251	121	101
317	251	121	101
316	251	122	101
317	250	121	101
315	251	121	101
315	251	121	101
312	251	122	101
311	251	123	102
312	249	123	102
309	250	124	102
309	249	124	103
309	248	124	103
306	249	126	103
307	248	125	103
307	248	125	103
306	247	125	103
307	246	125	103
304	245	126	103
303	245	127	104
305	244	125	103
302	244	126	103
303	244	127	103
300	242	128	103
302	241	127	104
301	242	127	103
301	241	128	104
301	239	127	104
300	239	127	104
301	239	127	104
300	237	128	103
298	237	128	104
300	236	128	104
299	234	128	104
298	234	129	104
297	232	129	104
298	233	129	104
297	232	129	104
298	231	128	103
296	231	129	104
297	231	130	103
295	230	130	104
294	229	131	104
294	230	131	104
293	228	132	104
294	229	132	104
293	227	132	104
291	227	133	104
291	227	134	104
290	226	134	103
290	226	134	103
291	226	134	103
291	224	133	104
291	225	133	104
290	223	133	104
291	225	134	104
291	224	133	104
291	223	133	104
291	222	133	105
290	222	133	105
290	222	133	105
291	222	133	105
291	221	133	105
291	222	133	105
291	221	134	106
292	219	134	106
291	220	134	106
291	219	134	107
291	218	134	107
291	219	134	107
292	219	134	107
293	217	134	106
293	217	136	107
293	217	136	107
294	217	137	107
296	216	137	107
296	215	137	108
296	216	139	108
297	214	139	108
300	215	139	108
301	215	138	108
302	213	138	108
303	215	138	108
302	212	138	108
303	213	139	108
302	211	139	109
302	212	141	109
301	211	142	109
302	211	142	109
302	210	142	109
304	209	142	110
303	210	142	109
303	209	143	110
304	209	144	110
307	208	142	110
307	207	142	110
308	208	142	110
308	206	142	110
309	206	142	110
310	206	142	110
310	204	142	110
312	205	142	110
312	203	142	111
314	202	141	111
314	202	142	111
315	201	142	112
316	199	141	113
317	200	142	113
316	198	143	113
319	199	143	113
318	198	144	113
319	197	144	114
319	196	145	114
322	195	144	115
321	195	145	115
324	192	144	116
324	192	144	116
326	192	144	117
326	191	144	117
329	189	143	117
328	189	144	118
328	187	144	118
331	187	143	118
333	185	144	119
331	186	144	118
333	185	144	119
334	184	144	119
335	184	144	119
337	184	143	119
339	183	143	120
338	182	143	120
340	183	143	120
342	182	142	120
341	182	143	121
343	182	143	121
343	181	143	122
345	181	144	122
346	180	144	123
346	181	144	123
348	180	144	123
349	180	143	123
350	180	143	123
351	180	144	123
352	180	144	123
352	180	144	123
353	181	144	123
353	181	145	124
353	180	145	124
353	181	145	124
354	182	146	124
354	182	146	125
356	182	145	125
356	182	145	126
355	182	146	126
358	183	145	126
355	184	146	126
357	184	146	126
357	185	145	126
358	187	146	125
357	187	145	126
359	188	145	126
358	188	145	126
358	190	145	125
358	190	145	125
356	191	146	125
356	191	146	125
356	192	146	125
354	193	147	125
354	193	147	125
352	194	148	126
352	196	147	126
351	196	148	126
352	197	147	126
350	197	147	126
350	199	147	126
349	200	147	125
350	201	147	126
349	202	147	126
351	205	145	126
348	205	146	125
348	207	146	125
349	208	145	125
348	210	145	125
347	211	146	124
348	213	146	124
346	215	146	124
346	215	146	124
346	218	146	123
347	219	146	123
346	221	146	124
347	222	146	124
346	223	146	123
345	223	147	124
345	225	146	124
345	226	147	123
346	227	147	123
345	228	147	122
347	228	146	123
345	230	146	123
346	230	146	123
348	231	145	123
350	231	144	123
348	232	144	123
350	233	143	122
349	234	144	122
350	235	143	122
349	234	144	122
351	235	143	122
349	235	144	122
354	236	142	122
350	237	143	122
350	236	144	122
352	237	144	121
352	239	143	121
354	239	143	121
354	239	142	122
354	241	142	122
354	241	142	121
356	242	142	120
356	242	141	120
356	242	141	120
356	243	141	119
356	243	141	119
359	243	140	118
358	244	140	118
361	246	139	118
359	247	139	118
361	250	138	117
360	251	139	117
363	250	137	117
362	252	138	116
364	254	136	115
363	255	137	114
365	257	136	114
364	258	137	114
366	261	136	114
365	262	136	114
367	264	136	114
368	268	135	113
367	272	136	113
370	274	135	112
368	279	135	112
371	281	134	112
369	283	134	112
372	286	133	111
369	288	134	111
374	290	133	110
371	293	133	110
373	295	133	110
374	299	133	109
375	301	132	109
376	303	131	109
377	305	130	108
378	308	130	108
378	310	129	108
377	311	130	108
378	311	129	109
379	313	129	108
380	313	129	108
379	314	128	108
381	315	127	108
382	316	127	108
381	317	126	108
383	317	126	108
383	318	126	108
384	319	126	107
384	320	126	107
386	321	125	107
385	323	125	106
386	323	125	106
386	324	125	106
387	325	125	106
387	327	124	106
390	328	123	106
389	329	123	105
390	329	122	105
390	331	122	105
391	330	121	105
391	332	122	104
392	334	121	105
392	335	121	104
393	334	120	104
391	336	121	104
393	337	121	104
391	338	121	104
392	338	121	104
393	340	120	104
393	342	120	103
392	344	120	103
393	344	120	102
391	346	121	102
392	347	120	102
392	349	121	101
392	350	121	100
393	351	121	100
393	351	121	100
395	352	120	99
393	351	120	99
394	351	120	100
394	350	120	99
393	348	120	100
394	348	119	100
394	346	119	100
394	346	120	99
394	346	120	99
395	345	120	98
395	345	120	98
395	344	120	97
395	344	119	98
395	342	118	98
395	341	118	98
396	341	118	98
396	340	118	97
397	338	117	98
397	338	117	97
397	338	117	97
397	336	117	97
397	337	116	97
397	335	116	97
397	335	116	96
397	333	116	96
397	335	116	96
396	333	116	96
397	334	116	94
396	334	116	94
395	333	116	94
396	333	116	94
395	331	116	94
395	332	116	93
394	332	116	93
396	330	116	93
394	330	116	93
393	330	117	93
396	330	115	93
395	328	116	93
397	329	114	93
394	329	115	93
394	328	116	93
395	329	115	92
393	328	116	92
396	328	115	92
392	327	116	93
395	328	115	93
390	326	117	93
394	327	116	93
390	327	117	92
390	327	118	92
390	326	117	92
393	327	116	92
389	327	117	93
391	327	116	93
388	327	118	93
393	328	116	93
389	327	117	93
392	328	116	93
389	328	117	94
388	327	117	95
389	328	118	96
386	327	119	96
391	328	117	96
388	328	118	97
386	327	119	97
390	329	118	97
387	329	119	96
389	328	118	96
388	329	119	97
387	329	120	97
388	330	120	97
387	330	120	97
387	330	121	98
385	331	122	98
387	330	121	98
384	333	122	98
383	330	123	98
388	332	121	98
384	332	123	98
384	332	122	98
385	333	122	98
382	333	124	98
384	331	124	98
384	332	124	99
381	333	125	99
384	332	124	99
383	333	125	99
382	331	125	100
383	332	125	100
382	332	126	100
381	329	126	101
383	332	125	101
380	332	127	101
379	331	127	101
381	331	127	100
381	331	127	100
381	332	127	100
380	330	127	100
383	331	125	101
380	329	127	102
384	329	124	101
382	329	125	102
383	327	125	103
383	328	125	105
383	328	125	105
384	327	124	105
382	327	125	105
383	327	125	105
382	328	126	105
382	327	126	106
381	327	127	106
383	326	126	106
381	326	127	106
380	326	127	105
381	326	127	104
381	324	127	105
382	326	127	105
380	325	128	106
382	325	127	106
381	322	127	107
382	323	128	108
380	323	129	108
381	322	129	108
381	321	129	109
380	322	129	109
380	321	130	108
381	319	129	109
380	317	129	111
379	318	130	112
380	315	130	113
379	314	131	115
381	314	130	116
379	316	131	115
380	316	131	114
382	316	130	115
380	315	131	115
382	314	130	115
379	315	131	115
382	315	130	115
379	316	131	115
380	314	131	115
380	314	131	116
380	314	131	116
379	314	132	117
381	312	132	117
377	314	133	117
381	313	132	118
378	313	134	118
379	313	134	118
377	314	135	118
380	313	134	118
376	312	134	119
378	311	134	120
374	313	136	120
379	312	135	120
375	313	136	120
377	313	136	120
376	313	136	120
376	313	136	121
374	311	138	121
375	314	138	120
373	313	138	120
374	315	138	120
373	314	139	120
373	314	140	120
373	313	140	121
371	315	142	120
371	315	142	121
370	315	143	121
370	317	143	120
369	317	144	120
369	317	144	121
369	316	144	121
369	319	144	121
369	317	144	122
366	317	145	122
369	323	145	120
367	319	147	120
367	317	146	123
368	319	145	123
367	319	146	123
369	321	145	122
369	318	144	123
371	321	144	122
373	320	143	122
371	321	143	122
370	323	144	122
372	323	143	123
370	323	143	123
373	324	141	123
372	323	142	123
370	326	143	122
372	326	142	122
371	326	143	122
371	328	142	122
369	326	144	122
371	328	144	122
369	327	145	122
369	326	146	123
368	327	146	123
368	328	147	123
367	329	148	123
367	330	148	123
369	330	148	123
366	333	148	122
369	332	147	123
368	333	147	122
369	333	146	122
368	333	147	122
367	334	148	123
366	335	148	122
366	335	149	123
366	336	149	123
366	336	149	124
367	337	149	124
367	336	148	125
367	338	148	124
366	339	149	124
365	338	150	125
365	339	150	125
366	339	149	126
366	339	150	126
366	338	149	126
367	340	150	126
366	339	151	126
366	341	151	126
366	341	151	126
367	341	151	127
364	341	152	127
367	341	152	128
367	342	152	127
366	344	153	127
364	342	155	127
365	343	154	127
365	343	155	127
367	344	154	127
365	344	154	127
367	343	153	128
368	343	154	127
367	343	153	127
370	343	153	128
367	341	154	128
371	342	153	128
369	341	154	128
370	341	153	128
369	342	154	128
368	342	154	128
368	340	155	129
370	342	155	128
372	341	152	129
372	341	152	128
371	342	153	128
375	341	151	128
377	341	151	128
376	341	150	128
380	342	148	127
381	341	148	127
380	341	148	126
380	341	148	126
384	341	147	126
383	343	147	125
384	342	146	125
386	341	145	126
385	342	146	125
386	341	145	125
387	341	145	125
389	341	144	125
389	340	144	125
387	341	145	125
391	341	144	125
394	340	142	126
394	340	142	126
395	340	141	127
394	340	141	127
395	340	142	127
396	339	141	128
397	339	141	128
397	339	141	128
396	340	143	127
396	339	144	128
397	338	143	128
397	337	143	128
401	337	142	128
399	336	143	128
402	337	143	128
401	334	143	128
400	334	143	128
401	336	143	127
403	337	143	126
403	333	143	126
403	335	143	126
406	334	142	126
404	334	143	125
407	334	142	125
405	334	142	124
409	335	141	124
409	334	141	124
413	334	140	124
412	335	141	124
412	335	140	124
412	335	141	124
414	334	139	124
414	335	140	124
414	335	140	123
418	336	140	123
418	337	140	123
415	338	141	123
417	338	142	122
418	338	141	122
419	337	140	123
423	339	140	123
423	339	140	123
424	339	140	123
425	339	140	124
425	341	140	124
426	340	140	124
427	341	141	124
426	340	141	125
426	342	142	125
425	342	142	125
425	342	142	126
425	342	143	126
428	342	143	126
429	344	144	127
425	344	145	127
427	345	145	127
432	345	145	127
428	346	146	127
428	347	147	127
428	347	147	127
435	349	147	127
429	349	149	128
433	349	149	128
435	350	149	128
435	350	150	128
436	351	151	128
438	353	151	128
432	353	152	128
432	354	153	128
430	354	153	128
430	353	154	129
430	355	154	130
440	357	154	130
442	357	154	130
433	356	154	130
432	359	155	130
432	362	155	130
429	363	155	131
432	363	156	131
432	362	156	131
431	364	156	132
439	365	157	133
434	366	157	133
434	366	158	134
435	365	158	134
434	368	159	135
434	367	159	136
434	368	160	137
445	368	161	138
437	368	162	138
436	370	163	139
439	370	164	139
436	371	166	140
441	371	167	141
448	373	169	141
431	367	169	142
436	372	169	143
447	373	169	143
434	369	170	143
437	373	170	145
448	374	170	145
442	371	171	145
440	375	173	145
443	375	174	146
438	374	174	146
439	376	173	148
450	377	173	148
438	371	174	148
444	377	173	149
453	375	174	150
440	376	175	150
447	378	175	150
446	373	176	150
446	377	176	150
446	376	176	150
442	376	177	150
447	377	177	150
446	383	177	150
451	376	177	150
448	381	177	151
455	375	177	151
445	381	178	153
458	384	178	154
461	381	179	154
444	378	179	154
450	384	177	155
463	386	177	155
455	379	178	155
447	386	178	155
462	388	178	155
455	382	179	156
448	387	179	157
462	391	180	157
455	385	180	157
449	390	181	157
454	392	181	157
451	393	181	158
464	394	181	158
447	392	181	158
457	395	181	158
454	394	181	158
463	398	181	158
372	568	186	156
363	598	221	138
335	608	257	122
317	611	286	112
308	615	304	105
297	619	320	100
302	619	325	97
288	621	333	95
293	621	336	95
294	621	337	95
288	621	342	94
287	623	343	95
286	624	345	94
287	624	347	94
288	623	347	94
286	620	349	95
285	625	350	94
288	624	351	93
290	625	351	93
295	624	351	93
292	625	349	93
299	623	348	93
292	627	349	91
298	626	349	91
300	628	349	90
298	628	350	89
299	629	350	89
301	627	349	89
301	629	349	88
302	632	349	87
303	631	349	87
305	632	349	86
306	631	348	86
307	634	349	85
313	632	346	85
307	633	346	84
315	631	345	85
315	632	345	85
316	631	345	85
316	631	346	85
316	630	346	86
317	629	348	86
320	630	347	87
316	627	348	88
320	629	348	89
318	628	350	89
318	626	351	89
320	628	352	90
315	626	354	90
313	627	357	89
315	626	358	89
314	628	359	88
313	630	361	87
312	628	363	88
309	630	365	87
306	629	367	87
306	632	369	86
305	629	370	86
302	632	371	86
303	631	370	86
302	633	370	85
299	632	371	85
300	631	371	85
294	635	371	84
306	633	369	84
305	634	366	83
308	635	363	82
294	635	366	82
298	637	368	80
308	641	365	79
301	642	364	78
310	643	362	77
302	644	361	76
304	643	362	75
307	648	363	73
403	445	341	89
412	441	338	92
405	437	333	96
412	438	330	99
408	433	327	101
417	432	308	116
426	427	293	128
430	418	279	140
432	412	278	141
432	415	262	153
435	409	260	155
444	410	246	166
438	403	239	171
451	407	231	176
443	406	227	181
447	406	222	184
445	406	220	186
445	404	217	189
442	405	218	190
438	407	218	192
436	408	218	193
435	406	218	194
430	407	218	195
426	407	220	196
424	410	220	197
422	408	221	198
420	410	220	200
417	409	220	201
417	411	220	201
411	412	220	202
411	413	221	202
405	413	223	202
404	414	221	202
403	415	221	202
