598	245	56	42
603	247	55	41
604	246	54	40
606	245	53	40
607	244	53	39
608	243	53	39
610	241	53	39
610	241	53	38
611	239	53	38
612	239	52	37
613	238	52	37
614	238	51	37
614	237	50	36
615	236	49	36
616	236	49	35
616	235	49	35
616	235	48	35
617	234	48	34
616	234	47	34
617	233	47	34
615	232	47	34
615	232	47	33
613	231	48	33
612	231	48	33
610	231	49	32
608	231	50	32
606	231	50	32
605	231	51	32
603	230	52	31
601	230	52	31
599	230	53	31
596	230	53	31
593	229	54	30
588	230	56	30
587	230	57	30
585	229	58	30
584	228	58	30
583	227	57	30
583	228	58	31
582	228	58	31
583	227	58	31
583	226	58	31
584	226	58	30
583	225	58	29
584	226	58	29
584	225	58	28
585	226	58	29
584	225	58	29
585	225	57	29
585	225	57	29
584	224	56	29
585	224	56	29
586	223	55	29
585	223	54	29
585	223	53	29
583	222	52	29
583	222	51	28
582	221	50	28
583	221	50	28
582	220	49	28
582	220	48	27
581	218	46	27
581	218	45	27
582	217	44	27
582	215	43	27
582	214	43	27
584	212	42	27
583	210	41	27
584	209	39	26
585	208	38	26
586	206	38	26
587	205	37	25
589	205	36	25
590	204	35	25
592	203	35	25
592	203	34	25
594	201	34	25
596	201	34	25
599	200	35	25
601	199	35	25
603	198	36	25
606	196	36	25
608	195	37	25
610	194	38	25
612	193	38	24
615	192	39	24
618	190	39	24
621	189	39	24
624	187	39	24
625	186	39	24
627	185	39	24
631	183	39	24
633	182	39	24
635	181	38	24
637	179	37	24
637	177	37	25
639	176	37	24
640	175	36	24
641	174	36	24
643	171	35	23
643	171	35	23
646	169	34	23
646	167	33	23
648	165	33	23
649	164	33	23
650	162	33	23
650	161	32	23
651	158	32	23
651	158	32	22
651	156	32	22
651	155	32	22
651	153	33	22
650	152	34	22
649	151	35	22
649	151	36	22
647	151	37	22
644	151	38	22
644	152	38	22
643	152	38	22
641	153	38	22
641	153	38	22
638	153	39	22
637	153	39	22
635	153	40	22
632	153	40	23
631	153	41	23
628	153	41	23
626	154	41	23
624	154	41	23
623	154	41	23
620	155	41	23
618	156	41	23
616	156	40	23
614	156	40	23
614	156	40	23
612	155	39	22
611	156	38	22
609	156	37	22
609	156	36	22
608	156	35	22
607	156	34	22
607	157	33	21
607	157	32	21
606	158	31	21
605	158	31	21
605	158	31	21
603	157	30	21
603	157	30	21
602	157	29	21
602	158	29	21
602	157	29	20
602	158	30	20
603	157	30	20
603	158	31	20
603	158	31	20
604	158	32	21
605	158	33	21
606	158	33	21
608	158	34	21
609	159	34	21
611	159	35	21
612	161	35	21
615	161	36	21
617	160	36	21
619	161	36	21
621	160	36	21
624	161	36	21
626	162	36	21
628	162	35	21
630	162	35	21
632	163	34	21
634	164	34	21
636	165	33	21
638	165	32	21
639	166	32	21
641	166	31	21
641	167	31	21
643	168	31	21
645	167	30	21
646	168	29	21
647	169	29	21
648	169	29	21
649	168	30	21
648	169	30	21
649	170	30	21
649	170	31	21
649	170	32	21
648	170	32	21
647	171	33	21
647	171	34	21
645	171	35	21
645	172	36	21
643	172	36	21
642	172	37	21
641	173	38	21
640	173	38	21
638	173	39	21
636	174	40	21
634	175	40	21
632	175	41	22
630	175	41	22
629	175	42	22
626	175	43	22
624	175	43	22
622	175	44	23
619	175	44	22
616	176	44	22
614	175	44	22
612	175	45	22
609	175	44	22
607	176	44	22
603	175	44	22
601	175	44	23
598	174	43	23
597	174	42	23
595	174	42	24
592	176	40	23
591	175	40	23
590	176	38	23
588	176	37	23
587	176	37	23
586	176	36	23
584	176	35	23
584	176	34	22
583	177	33	22
583	177	33	22
582	177	32	22
581	177	32	22
580	176	32	22
579	175	31	22
580	173	31	22
578	171	31	22
579	169	30	22
578	168	30	22
578	168	31	22
579	167	31	22
578	168	31	22
579	168	31	22
579	168	31	22
579	168	32	22
581	169	32	22
581	169	33	23
582	168	33	22
583	168	33	23
584	168	33	23
585	168	34	22
586	168	35	23
588	169	35	22
589	169	36	22
590	169	37	22
592	170	37	22
594	170	38	22
595	170	38	22
597	171	39	22
599	172	39	22
600	171	40	22
603	172	40	22
605	173	41	22
606	173	41	22
608	173	42	22
609	174	42	22
611	174	43	23
613	176	43	22
613	175	44	22
614	176	44	22
615	176	44	22
617	177	44	23
618	178	44	23
618	178	44	23
620	179	44	23
622	179	43	23
624	180	44	24
625	179	43	25
627	179	43	25
628	181	43	25
629	181	43	25
632	182	42	25
634	183	41	24
637	183	40	24
639	184	40	24
642	185	39	24
644	185	38	25
646	186	37	24
648	187	36	24
650	187	35	24
651	188	34	24
653	189	34	25
653	190	35	25
652	190	36	24
654	191	36	25
656	192	35	24
657	192	35	24
658	192	35	24
660	193	35	25
659	193	36	25
659	194	36	25
659	194	37	25
658	195	38	25
659	196	38	25
657	195	39	25
656	196	40	25
655	197	40	25
654	197	41	26
652	197	42	26
651	198	43	25
650	199	44	26
647	199	44	26
646	200	44	26
645	200	45	26
642	200	45	26
640	202	46	26
637	202	46	26
634	203	47	26
632	204	47	26
628	204	48	26
626	206	48	26
622	207	48	26
619	208	49	26
615	208	49	26
612	208	49	26
609	208	49	26
605	207	49	27
601	205	49	27
597	204	49	27
593	201	49	27
591	197	49	27
586	192	49	27
582	188	49	27
578	184	48	27
574	180	49	27
570	176	49	28
566	172	49	28
563	168	49	28
559	165	49	28
556	163	48	28
552	160	48	28
548	158	48	28
546	158	48	28
543	159	47	28
541	160	47	29
538	161	46	29
534	162	46	29
532	164	46	29
529	164	45	29
526	164	45	29
523	165	45	29
519	166	44	30
516	166	44	30
513	167	43	30
510	167	43	31
508	168	43	31
505	168	42	31
502	169	41	31
500	169	41	31
497	170	40	31
496	171	39	31
492	171	39	31
490	173	39	31
489	173	39	31
486	173	39	31
485	173	39	31
482	174	40	31
480	175	40	31
479	176	40	31
477	176	39	31
474	177	39	31
473	178	39	31
471	179	39	31
470	179	39	32
468	180	40	32
467	181	40	32
466	182	41	32
465	182	41	32
463	183	42	32
463	184	42	31
461	185	43	31
461	186	44	32
460	186	44	32
459	187	44	32
458	188	45	32
457	189	45	32
457	190	45	32
456	191	46	32
456	192	46	32
456	193	46	32
455	193	46	32
454	194	47	32
454	196	47	32
453	197	47	33
452	198	47	33
451	199	47	33
451	200	47	33
450	202	47	33
449	202	47	33
449	204	48	33
448	206	48	33
447	209	48	33
447	211	48	33
446	213	49	34
446	215	49	34
445	217	49	34
443	218	49	34
443	220	49	34
443	221	50	35
441	223	50	35
441	224	50	35
440	225	50	35
439	227	50	35
439	228	51	36
438	230	51	36
437	230	51	36
436	233	52	36
435	235	52	36
434	236	52	36
434	238	53	37
433	239	53	37
432	241	53	38
431	242	53	38
430	244	53	38
428	247	53	39
427	248	54	39
427	251	54	39
425	253	54	40
425	255	54	40
424	256	55	41
422	258	55	41
422	262	55	42
421	262	55	42
420	265	56	42
420	267	57	43
420	269	57	43
421	272	57	43
421	274	57	44
423	275	58	44
424	278	57	44
425	280	58	45
429	283	58	45
431	285	58	46
433	287	58	46
435	289	59	47
438	291	59	47
442	292	59	47
445	294	59	48
447	297	59	48
450	297	59	48
453	298	59	49
456	299	59	49
459	300	60	50
462	301	60	50
465	302	60	50
466	304	60	51
470	304	60	51
473	305	60	52
475	305	61	52
477	306	61	53
480	307	61	54
484	308	61	54
486	309	60	55
489	310	60	55
490	311	60	56
491	312	60	56
490	312	61	57
489	314	61	58
488	314	61	58
486	315	61	59
484	316	61	60
482	317	61	60
481	317	61	61
479	317	62	61
478	317	62	62
477	317	62	62
475	315	62	63
473	314	62	64
472	312	62	64
471	311	62	65
470	309	63	66
470	306	63	66
470	304	63	67
470	302	63	67
471	299	63	68
471	297	63	68
472	293	63	68
473	290	63	69
474	287	63	69
475	285	63	70
476	282	63	70
477	278	63	70
478	276	64	71
479	273	64	71
480	271	64	72
481	268	64	72
482	264	64	72
483	261	65	73
485	259	65	73
485	257	65	73
487	254	65	73
488	250	66	73
490	248	66	74
491	244	66	74
493	242	66	74
495	240	66	74
497	236	67	75
498	233	67	75
499	231	68	75
502	229	68	76
503	226	68	76
505	224	68	76
507	221	68	76
509	218	68	76
511	215	69	76
514	213	69	76
516	210	69	76
518	207	69	76
520	205	69	76
522	204	69	76
523	204	70	76
526	203	70	76
529	202	70	76
531	202	70	75
534	201	70	76
537	201	70	76
541	199	70	75
544	199	70	75
547	198	71	75
551	197	71	75
554	197	71	74
559	196	71	74
563	195	71	74
566	193	71	73
570	193	71	73
575	192	71	72
581	191	72	72
585	190	72	72
589	189	72	71
594	188	72	71
598	187	72	70
602	186	72	70
605	184	72	69
607	183	72	69
608	183	72	68
611	181	73	68
613	181	72	67
615	180	72	66
617	179	72	65
617	176	72	65
619	175	72	65
621	174	72	64
624	174	71	64
625	173	71	63
627	175	71	63
630	176	70	62
631	177	70	62
634	178	70	61
636	180	69	61
638	182	69	60
639	182	69	60
643	183	68	60
645	185	68	59
647	187	67	59
649	189	67	58
651	191	67	58
654	192	66	58
656	194	66	58
658	196	65	58
659	199	65	57
661	201	64	57
665	203	64	56
666	206	64	56
669	208	63	56
670	210	63	55
672	213	63	55
675	216	62	55
677	219	62	54
679	221	61	54
681	224	61	53
682	227	60	53
683	229	60	53
685	232	59	52
687	234	59	52
688	237	59	52
688	239	59	52
690	243	59	51
691	245	58	51
692	247	58	51
693	250	57	51
694	252	57	50
695	254	57	50
696	257	56	50
697	259	56	50
698	262	55	50
699	264	55	49
702	267	55	49
701	268	54	49
703	270	54	48
704	271	54	48
705	273	54	48
706	273	53	48
708	273	53	47
709	273	53	47
710	274	53	47
712	273	53	47
714	272	52	47
715	272	52	47
717	271	51	47
718	271	51	47
719	272	51	47
721	271	51	47
722	272	51	46
723	272	51	46
724	272	51	46
724	271	50	46
727	271	50	46
728	272	50	46
729	271	50	46
731	271	50	46
733	270	50	46
735	271	50	46
737	271	50	46
738	270	50	46
740	271	50	45
742	271	49	45
743	271	49	45
744	271	49	45
746	272	49	45
747	273	49	45
750	273	49	45
752	274	49	45
753	275	49	45
755	275	49	44
756	274	49	44
758	275	49	44
760	276	48	44
763	276	48	44
764	276	48	44
766	276	48	44
768	276	48	44
771	277	48	44
773	277	48	44
775	277	48	44
777	277	48	44
779	279	48	44
781	279	48	44
783	280	48	44
785	281	48	44
786	280	48	44
788	281	48	44
791	281	49	44
792	281	49	44
794	282	49	44
796	283	50	44
799	284	50	44
801	284	50	44
803	284	51	44
806	286	51	44
808	286	51	44
810	286	52	44
813	288	52	44
816	289	53	44
818	290	53	44
821	291	53	44
823	292	54	44
826	293	54	44
830	294	54	44
832	296	55	44
835	298	55	44
837	299	56	44
841	301	56	44
843	302	57	44
846	304	57	44
849	305	58	44
852	307	58	45
856	308	57	45
859	310	58	46
863	311	57	46
866	312	57	46
868	313	57	46
873	315	56	46
874	315	56	46
878	316	55	46
879	316	55	46
881	317	55	47
885	317	55	47
887	318	54	47
889	318	53	47
893	319	53	47
896	319	52	48
899	320	51	48
903	321	51	48
905	321	50	48
907	322	49	49
911	322	49	49
914	323	48	49
916	323	48	49
919	323	48	50
921	322	48	50
922	323	48	51
925	324	49	51
927	324	50	51
928	324	51	51
929	326	52	51
930	326	53	51
931	325	54	52
932	326	55	52
934	327	57	52
934	328	58	52
935	328	60	52
936	328	62	52
936	329	64	53
935	329	65	53
936	329	67	53
936	330	69	53
935	330	71	53
936	330	72	54
935	331	74	54
936	331	75	54
935	331	77	54
934	331	79	54
934	331	80	54
932	331	82	54
931	333	83	53
931	331	85	53
930	332	87	53
928	331	88	53
928	332	90	52
927	332	91	52
925	331	93	52
923	332	95	52
921	331	97	52
920	332	99	51
918	332	100	51
916	333	102	51
915	333	102	51
914	334	103	51
913	334	103	51
910	335	104	51
907	334	106	51
905	337	107	50
904	337	108	50
903	338	108	49
903	340	108	49
902	341	109	48
901	343	110	48
901	343	109	47
901	346	109	47
900	347	109	46
899	348	109	46
899	349	109	46
897	350	110	45
895	351	111	45
892	352	112	45
891	353	113	45
892	355	112	45
892	356	112	44
891	358	112	44
891	358	112	43
891	360	112	43
891	362	112	43
890	362	113	42
891	364	113	42
890	365	113	43
890	367	114	43
889	369	114	43
889	369	114	43
888	371	115	44
887	372	115	45
887	374	115	45
887	376	114	46
887	378	114	47
886	379	114	48
886	381	114	49
887	383	114	50
886	385	115	51
886	386	115	52
883	387	116	53
881	388	116	54
877	389	115	55
872	389	114	56
866	389	112	57
859	389	110	59
851	390	108	60
841	390	106	61
829	390	103	61
818	390	101	62
804	389	98	63
790	390	96	64
775	389	94	66
755	390	92	67
738	390	89	69
721	391	88	70
704	391	86	71
685	392	84	72
661	393	82	73
640	395	80	74
621	396	78	75
601	398	77	76
584	400	76	76
558	403	74	77
542	405	73	78
530	409	71	79
516	411	69	80
504	415	68	81
489	418	66	82
479	419	65	82
469	422	64	83
459	423	63	84
449	426	62	84
435	429	62	85
427	431	62	86
418	433	62	87
410	435	62	88
404	436	62	88
398	437	63	89
394	436	63	89
390	434	63	90
385	432	63	90
380	430	64	90
374	425	65	91
370	423	66	92
366	418	67	93
362	414	68	94
358	411	69	94
353	404	71	95
349	398	73	96
345	392	74	96
342	388	76	96
337	382	78	97
336	375	79	98
332	369	81	98
331	363	82	98
329	358	84	98
326	353	86	98
323	348	87	99
321	344	89	99
317	342	91	100
313	342	92	101
308	343	94	101
302	343	96	102
297	345	98	103
292	347	100	103
288	348	102	103
282	350	104	103
276	353	106	103
270	353	108	104
264	356	110	104
259	355	112	104
253	355	114	104
245	356	116	104
240	355	118	104
233	352	121	105
228	349	123	105
221	349	125	105
212	346	127	105
206	344	129	105
200	342	131	105
194	341	134	105
188	339	136	105
180	338	138	105
173	337	141	105
165	336	144	104
159	336	147	104
157	335	148	104
158	335	149	104
159	336	151	104
161	334	152	104
164	335	153	104
169	333	154	104
174	333	156	103
181	332	157	102
186	331	157	102
192	331	158	102
198	331	158	101
203	330	159	101
208	329	159	101
211	329	159	101
215	330	160	100
218	330	161	100
223	328	161	99
224	327	162	99
226	326	162	98
229	323	163	98
230	323	164	97
232	320	164	97
234	319	165	96
236	317	166	96
239	314	167	96
240	313	167	96
241	311	168	95
243	309	168	94
244	308	169	93
245	307	170	93
246	306	170	92
248	304	171	91
248	303	172	91
248	303	173	89
249	303	174	88
250	301	175	87
251	300	175	87
251	299	176	86
252	298	176	86
253	297	177	85
254	296	177	84
255	296	177	84
256	296	177	83
257	296	177	83
259	297	177	83
260	296	178	82
263	296	178	82
265	297	178	82
267	297	178	82
269	297	178	81
273	296	178	81
277	296	178	80
282	295	178	80
286	294	177	79
290	294	177	79
294	292	177	78
299	290	177	78
304	288	177	78
308	286	178	78
313	284	177	78
319	283	177	77
325	282	176	77
329	280	177	77
334	279	176	77
338	277	176	76
342	275	176	77
347	273	176	77
351	271	176	77
354	271	175	76
357	269	175	76
360	268	175	76
364	266	175	76
367	264	175	76
370	264	175	75
373	262	175	75
375	260	175	76
377	259	174	76
379	257	174	76
381	257	174	75
383	255	173	75
384	254	173	75
385	252	173	74
385	251	173	74
385	251	174	74
386	249	173	74
385	249	174	74
386	248	174	74
385	248	174	74
384	247	174	74
385	247	174	74
383	245	174	73
382	245	174	74
381	244	174	74
379	244	174	74
380	244	174	74
377	243	174	74
375	243	173	73
374	243	173	74
372	243	173	73
371	242	174	73
369	242	174	73
366	242	174	73
363	242	174	73
362	242	173	73
359	242	174	73
358	242	173	73
355	242	173	73
352	241	173	72
350	241	173	72
348	241	173	72
346	242	173	72
341	242	173	72
339	242	173	72
336	242	172	72
333	243	172	71
329	243	172	72
325	243	172	72
321	243	172	72
316	243	172	72
314	245	172	72
310	245	172	72
305	245	172	72
300	244	172	72
296	245	172	71
293	245	172	71
288	244	172	71
283	244	171	71
280	244	171	71
276	243	171	71
273	244	170	71
268	243	170	71
264	242	170	71
261	242	170	71
256	242	170	71
252	241	170	70
248	241	169	70
243	240	169	70
241	240	169	70
237	240	169	71
232	239	169	71
229	237	169	71
221	237	169	71
216	236	169	70
210	235	169	71
204	234	169	71
196	232	169	70
186	230	169	71
178	227	169	71
170	225	169	71
163	225	170	70
159	223	170	71
150	222	170	71
146	222	171	71
140	220	171	71
134	219	171	71
129	217	170	71
120	215	171	71
112	214	171	71
103	211	171	71
95	210	172	71
87	207	173	71
78	206	173	71
72	204	173	71
67	203	174	71
62	202	174	71
59	202	174	71
55	202	174	71
51	202	174	70
49	201	174	70
47	202	175	70
43	201	175	70
42	200	175	70
41	201	174	70
42	199	174	70
41	199	175	70
42	198	174	70
45	196	173	69
47	194	172	69
50	192	172	69
54	190	171	68
61	187	172	68
69	183	171	68
75	179	171	68
82	176	171	69
91	172	169	69
99	167	168	71
115	161	165	72
127	157	163	75
136	151	161	77
145	148	160	79
154	146	159	80
161	141	158	82
166	136	158	85
169	137	157	87
171	139	157	87
171	142	158	85
172	142	159	82
173	143	158	81
175	143	158	80
176	146	158	78
179	149	157	76
183	147	157	77
184	143	157	79
186	144	157	81
188	141	157	84
190	143	157	85
192	150	157	83
192	153	158	80
194	156	159	78
197	158	159	77
200	159	159	75
203	161	159	76
205	161	159	75
208	163	159	75
213	163	159	76
216	165	159	75
222	167	158	75
225	168	157	75
229	169	158	75
231	171	158	75
234	172	159	75
236	175	159	75
239	177	160	75
242	179	160	75
244	181	160	75
246	184	161	75
249	188	162	75
251	190	162	76
254	193	162	76
256	195	163	76
258	199	163	76
261	202	164	76
264	205	165	75
267	208	166	75
269	211	167	75
272	214	168	75
276	219	169	75
279	222	169	75
281	226	170	75
284	229	170	76
287	232	170	76
292	237	171	76
295	241	171	75
300	243	172	75
304	248	172	75
308	252	173	75
315	256	173	75
319	260	173	75
324	263	174	75
328	268	174	74
332	272	174	74
337	277	175	74
343	281	175	74
348	285	176	74
353	289	177	73
360	292	177	73
367	297	177	73
373	299	177	73
381	302	178	73
388	304	178	74
395	308	178	74
405	311	178	74
412	313	178	75
419	315	178	75
428	318	178	75
435	318	179	77
446	321	178	77
454	321	179	78
464	322	179	80
472	324	178	81
479	324	179	82
489	325	179	83
498	325	179	84
507	325	178	85
515	325	177	86
524	324	177	88
533	324	176	88
540	324	176	89
548	322	175	89
555	320	175	90
563	318	174	90
572	314	173	91
579	311	172	92
586	307	172	93
593	303	170	94
600	299	169	95
608	292	168	96
615	287	166	96
622	281	164	97
628	276	162	97
633	270	160	98
640	260	158	99
645	253	156	100
651	246	153	99
656	239	152	100
660	233	150	100
665	221	148	100
668	214	146	100
671	206	144	99
672	199	142	99
673	190	139	99
674	178	137	98
674	171	134	98
674	163	131	98
673	152	129	97
673	145	126	97
671	133	124	96
669	126	122	96
666	116	120	96
665	109	118	95
665	100	116	94
667	91	114	93
671	85	111	92
676	77	110	91
684	68	109	91
692	61	108	90
701	52	105	89
707	44	104	87
713	39	102	86
720	33	100	85
725	29	98	83
730	23	97	82
735	22	95	81
739	20	93	79
744	19	91	78
748	19	89	77
750	22	87	76
753	26	86	75
754	35	85	73
754	43	83	72
753	51	82	71
751	64	81	70
748	73	79	69
744	83	77	67
738	91	75	65
732	101	73	64
721	113	71	62
713	121	69	60
706	129	68	58
697	136	67	57
688	142	65	56
676	150	64	55
667	158	63	54
657	164	62	53
649	171	62	52
639	178	61	52
626	186	61	52
616	193	59	51
606	200	58	50
596	207	57	50
587	212	56	49
575	215	55	48
566	217	54	47
559	217	54	47
553	217	53	47
546	217	53	46
540	217	53	45
535	217	52	45
531	217	51	45
527	216	51	45
523	217	51	44
519	217	50	44
517	217	50	43
515	217	49	43
514	217	49	42
512	216	49	42
509	217	48	42
508	217	48	42
507	216	48	42
505	216	48	43
503	217	47	42
503	218	47	42
502	219	47	41
504	219	47	41
505	218	47	40
505	219	46	40
506	218	47	40
506	218	46	40
508	218	46	40
507	219	46	40
509	219	46	39
510	219	46	40
510	221	46	40
510	222	46	40
511	223	46	40
511	224	46	40
512	226	46	40
512	228	46	40
513	229	46	40
513	231	46	40
514	233	46	40
514	235	46	40
514	238	46	40
515	240	46	40
515	242	45	40
515	244	45	40
516	246	45	41
517	248	44	40
516	250	45	40
517	251	44	40
517	252	44	40
517	253	44	40
517	254	44	40
517	254	44	40
518	255	44	40
518	256	44	39
517	257	44	40
517	258	44	40
517	259	44	40
517	260	44	40
517	261	44	40
517	262	44	40
516	263	44	40
515	264	45	41
515	265	45	41
515	266	45	41
514	268	45	41
513	269	45	42
514	270	45	42
512	272	45	42
513	273	46	42
512	274	46	42
511	276	46	43
511	277	46	43
509	279	46	43
509	280	46	43
508	283	47	44
507	284	47	44
506	285	47	45
505	287	47	45
505	289	47	45
504	291	47	46
503	293	47	46
503	294	47	46
502	297	48	46
502	299	48	46
500	300	48	47
500	302	48	47
499	304	49	47
498	306	49	47
498	307	49	48
497	310	49	48
496	312	49	49
495	314	49	49
494	315	50	49
494	317	50	50
493	319	50	50
492	321	50	50
492	323	51	50
491	324	51	51
490	327	51	51
489	330	52	51
489	331	52	51
487	332	52	52
487	335	52	52
487	337	52	52
486	339	53	53
484	340	53	53
484	343	53	54
483	344	53	54
482	347	53	55
481	348	53	55
481	351	53	55
480	352	54	56
479	354	54	56
479	356	54	56
477	358	54	57
478	360	54	57
476	362	54	57
475	363	54	57
475	365	55	57
474	366	55	57
474	368	55	58
473	369	55	58
472	371	56	59
473	372	56	59
472	373	56	60
472	375	56	60
471	375	56	61
471	375	57	62
471	375	57	63
470	376	57	63
470	376	57	64
470	378	57	64
469	378	57	64
470	379	57	64
469	380	57	64
470	382	58	63
469	382	58	63
469	382	58	63
469	383	59	62
469	384	59	62
468	384	59	62
470	383	59	62
469	383	60	62
469	382	60	61
470	381	60	62
471	380	60	61
470	379	60	61
471	380	61	62
471	378	61	62
472	378	61	62
472	378	62	62
473	379	62	61
472	378	62	61
473	377	62	61
475	377	63	61
475	376	63	61
476	376	63	61
476	375	63	61
477	374	64	61
479	372	64	61
480	371	64	61
480	369	64	61
480	368	64	61
482	367	64	61
483	365	65	61
484	364	65	60
485	363	65	60
487	364	65	60
488	363	65	60
491	363	65	60
491	362	65	59
492	362	66	59
494	362	65	59
496	361	65	59
498	359	65	59
499	358	65	58
500	359	65	58
502	359	65	57
504	357	65	57
505	356	65	57
506	354	66	57
508	353	66	57
509	353	66	56
510	352	66	56
510	351	65	56
512	350	65	56
514	350	65	55
515	348	64	55
518	347	64	55
522	345	64	55
522	344	64	54
525	343	63	54
527	341	63	54
529	340	63	53
532	339	62	54
533	338	62	53
535	337	62	53
538	336	62	52
539	333	61	52
543	333	61	52
545	331	60	52
547	331	60	52
550	330	60	51
551	328	59	51
554	326	59	51
555	325	59	51
559	324	58	50
560	323	57	50
565	321	57	50
569	320	57	50
572	318	57	50
574	317	56	49
578	314	56	50
580	314	56	49
582	311	56	49
585	308	55	50
587	307	55	50
589	305	54	50
591	304	54	50
593	302	54	49
595	300	53	49
597	300	53	48
598	298	53	48
600	296	52	47
602	294	52	47
605	292	51	47
607	291	50	46
608	290	49	46
609	287	49	46
612	285	49	45
613	283	48	45
615	281	48	45
617	279	47	45
619	277	47	45
621	275	46	45
623	273	46	45
624	271	45	44
625	268	45	44
627	267	45	44
628	264	44	43
630	263	44	43
632	261	43	43
633	259	43	42
633	257	43	42
635	254	42	41
637	252	42	41
638	250	42	41
639	248	41	41
639	246	41	41
640	243	41	40
642	242	40	40
642	240	40	40
644	237	40	40
645	236	39	39
647	232	38	39
647	230	38	39
648	229	38	38
648	227	37	38
649	224	37	38
649	221	37	37
650	221	36	37
651	218	36	36
651	216	36	36
652	214	35	36
652	212	35	36
651	210	34	35
653	208	34	35
654	206	33	35
654	204	33	35
654	201	32	35
654	200	32	34
654	197	32	34
654	195	32	34
654	194	31	34
655	191	31	34
655	190	31	33
654	188	31	33
654	186	31	33
655	185	30	33
654	182	31	32
655	181	30	32
654	179	31	31
655	177	30	31
654	176	30	31
655	175	31	31
654	173	30	30
655	172	30	30
655	172	30	30
655	172	30	30
655	171	30	29
655	170	30	29
655	171	30	28
655	170	30	28
656	169	29	28
656	169	29	28
655	168	29	28
656	168	29	27
657	168	29	27
657	167	29	27
658	167	29	27
658	167	29	27
658	167	29	27
659	167	28	26
659	168	28	26
659	167	28	26
659	167	28	25
660	168	28	25
660	167	27	25
660	166	27	25
661	166	27	25
662	166	27	25
661	166	27	24
661	166	27	24
662	166	27	24
663	166	27	24
663	165	26	24
663	166	26	24
664	166	26	23
664	165	26	23
665	165	26	23
665	165	26	23
665	165	25	22
666	165	25	22
666	165	25	22
667	164	25	22
667	164	25	22
668	164	25	22
668	164	25	22
668	163	25	22
669	164	25	22
669	164	25	21
670	164	25	21
670	163	24	21
670	164	24	21
671	164	24	21
671	163	24	21
671	164	24	21
672	165	24	21
672	165	24	20
672	165	24	20
672	166	24	20
673	166	24	20
674	166	24	20
674	167	24	20
674	167	23	19
675	168	23	19
675	168	23	19
675	169	23	19
676	169	23	19
676	170	23	19
677	171	23	18
676	170	23	18
677	171	23	18
677	171	23	18
678	169	22	18
678	169	23	18
678	169	23	18
679	168	22	18
680	167	22	18
679	166	22	18
680	165	22	17
681	164	22	17
681	163	21	17
681	163	21	17
682	161	21	17
682	161	21	17
683	159	21	17
