648	382	19	81
646	381	21	80
646	381	22	79
645	380	23	79
645	380	23	78
645	380	24	78
644	381	24	78
645	381	24	78
645	381	24	79
645	382	24	79
644	382	25	79
644	381	25	80
644	382	24	80
644	381	24	81
643	382	24	81
643	380	24	81
642	381	25	81
643	380	25	80
643	380	25	80
643	379	25	79
643	380	25	78
643	380	25	77
644	380	25	76
644	381	25	75
643	381	25	76
643	380	25	77
643	380	25	78
643	381	25	79
642	380	25	80
642	381	25	80
642	381	25	81
641	381	26	82
641	381	26	82
640	380	26	83
639	381	26	83
639	380	26	83
639	380	26	82
638	379	26	82
638	379	25	81
638	378	25	79
638	379	24	78
637	380	24	78
636	380	24	79
637	380	24	79
636	381	24	79
635	381	25	79
635	381	25	79
634	381	26	80
634	382	26	80
632	382	26	80
632	382	26	80
632	382	26	80
633	381	25	80
633	381	25	79
634	381	25	78
635	382	24	77
636	381	24	77
636	382	24	76
636	381	25	76
637	382	25	76
638	383	25	77
639	382	25	79
640	383	25	80
640	382	25	81
640	383	25	81
640	382	26	81
640	382	26	81
640	384	26	82
640	383	27	82
640	383	28	82
640	382	28	83
640	381	28	84
642	381	28	84
643	380	28	84
643	380	28	82
644	379	27	81
644	380	27	79
645	380	27	79
645	381	27	80
646	381	27	80
647	380	27	80
647	381	28	80
648	382	29	80
649	380	30	81
649	381	30	81
650	382	31	81
651	381	31	80
652	381	31	80
653	381	31	79
655	379	31	79
656	379	31	78
658	379	31	78
660	378	30	79
662	378	29	79
664	378	29	80
666	379	28	80
668	379	27	83
669	378	26	84
669	379	27	85
670	379	28	86
671	378	30	86
670	377	30	86
670	377	31	86
670	377	32	86
669	378	33	86
669	377	33	86
670	379	33	86
670	379	33	86
671	379	33	86
671	379	33	84
672	380	32	85
672	380	31	86
673	381	29	86
673	380	29	86
672	381	28	86
673	380	28	85
672	380	28	84
672	381	27	84
672	381	27	83
672	380	27	82
672	381	27	82
671	381	27	81
671	381	27	81
672	380	26	81
672	381	27	81
672	380	27	81
672	380	27	81
671	380	27	80
671	381	27	79
672	380	27	78
672	380	28	78
672	381	28	79
672	380	28	81
672	380	27	82
672	379	28	84
671	380	28	85
671	379	29	86
670	381	29	88
670	380	30	89
670	379	29	89
670	379	29	90
669	377	29	90
669	377	28	91
668	377	28	91
667	377	27	91
667	375	27	91
666	375	27	90
666	377	27	91
664	376	27	92
663	372	27	90
662	373	28	88
662	373	28	86
660	374	27	87
659	374	27	87
658	376	27	88
656	375	27	88
655	375	27	89
654	374	27	88
654	374	27	88
653	375	27	87
652	374	26	86
651	374	27	86
650	374	27	86
650	374	27	85
649	373	27	83
647	373	27	81
647	373	27	80
646	374	27	80
644	374	27	80
643	375	27	81
642	374	27	82
642	374	27	82
639	374	27	82
638	375	27	83
637	375	28	84
636	376	28	85
634	375	28	86
633	375	28	86
631	374	28	86
630	373	28	85
628	373	28	85
627	373	28	84
625	373	28	83
624	373	28	82
622	373	29	81
622	373	28	80
620	373	28	80
619	374	29	80
617	375	29	80
616	375	29	80
615	375	29	81
614	375	29	82
612	375	30	82
611	375	30	83
609	376	29	84
609	376	29	84
607	376	29	83
608	376	29	82
606	376	28	81
605	375	28	80
604	375	28	78
603	376	28	76
601	376	29	75
601	377	29	74
599	377	29	74
598	378	29	74
598	379	29	74
596	379	29	75
595	380	29	75
592	381	30	75
590	381	30	75
587	382	30	74
585	384	30	74
583	386	30	73
581	387	31	72
577	388	32	71
577	389	34	70
573	390	34	68
571	392	37	66
568	394	37	64
566	396	38	62
566	398	38	61
564	399	39	59
561	402	40	57
559	405	40	56
557	407	40	55
555	410	40	54
553	412	41	52
548	413	42	52
549	415	42	51
549	415	42	51
546	417	42	51
545	417	41	51
543	418	41	51
544	418	39	51
543	419	37	51
543	419	35	52
543	419	33	52
540	418	33	53
541	419	31	54
539	419	31	55
538	420	30	55
537	421	30	56
536	420	30	56
534	421	29	57
533	422	29	57
531	422	29	58
530	422	29	58
528	422	30	59
526	424	30	59
525	424	31	60
523	425	31	60
522	425	32	60
520	426	32	60
518	427	33	61
517	427	33	61
516	429	33	61
515	429	33	61
513	429	34	61
512	431	34	61
512	431	34	61
510	432	34	61
510	433	34	62
510	433	34	62
508	434	34	62
508	435	34	62
508	436	34	62
507	437	34	62
507	437	35	63
507	438	35	62
507	439	35	62
508	440	35	63
508	440	34	63
509	441	34	63
510	442	34	63
511	443	34	63
511	443	34	63
512	443	34	63
512	443	34	63
513	445	34	63
514	445	34	63
514	446	34	63
515	446	34	63
515	447	35	63
515	448	35	63
516	447	35	63
516	449	35	63
516	449	35	63
517	450	35	64
519	449	35	64
519	450	35	64
519	450	35	64
520	450	35	64
520	451	35	64
520	453	36	64
521	453	36	64
522	453	35	64
522	453	35	64
523	452	35	64
523	454	36	64
525	454	36	64
525	453	35	64
526	454	35	64
526	454	35	64
527	455	36	64
528	454	36	64
528	454	36	64
529	456	36	64
529	454	36	64
529	455	36	64
530	456	36	63
530	455	36	63
530	455	36	64
531	456	36	64
532	456	36	64
533	455	36	64
533	455	36	64
534	454	36	64
534	455	36	64
535	455	36	64
536	455	36	64
536	454	36	64
536	455	37	64
536	454	37	64
536	455	37	64
538	455	37	64
538	453	37	65
538	455	37	64
538	454	37	65
540	454	36	65
541	455	36	64
541	455	35	64
542	454	35	64
543	455	35	63
544	455	35	63
544	454	35	63
545	454	35	62
545	455	35	62
545	455	35	62
547	455	35	62
547	455	36	61
548	456	36	61
548	455	36	61
548	456	36	60
549	457	36	59
548	456	36	59
549	458	36	58
549	458	36	58
547	458	37	57
547	458	37	56
547	458	37	56
546	460	38	55
547	459	38	55
546	459	38	54
543	460	40	54
545	460	40	53
542	459	41	54
543	459	41	53
540	458	43	54
541	458	43	54
539	457	44	55
540	456	44	55
541	454	44	56
540	453	44	57
543	451	43	58
539	450	45	59
543	447	44	61
541	447	43	62
543	445	42	63
544	443	41	65
544	441	41	66
545	439	40	67
546	437	39	69
547	436	38	70
548	434	36	72
548	432	35	74
549	430	34	75
551	429	33	76
551	427	31	78
551	424	31	80
552	423	29	81
552	422	28	82
553	420	28	83
553	420	27	84
555	418	26	84
554	418	26	84
555	417	25	84
554	417	25	84
555	416	25	84
555	415	25	84
553	414	25	83
552	414	26	83
551	413	28	83
548	413	30	83
548	411	31	83
546	411	31	82
544	410	31	82
542	410	31	82
539	409	31	82
536	408	31	82
532	409	32	83
530	408	33	83
530	408	31	83
529	407	30	83
527	406	29	83
525	406	28	82
524	406	28	82
523	406	27	82
522	405	26	81
521	404	25	82
519	404	25	83
517	404	25	83
515	403	25	84
514	404	25	84
511	403	25	85
510	403	25	85
509	402	25	86
508	402	25	86
507	402	25	86
507	401	25	86
507	402	25	86
507	400	25	87
507	399	25	87
507	398	25	87
507	396	25	88
508	395	25	89
508	395	25	88
509	394	25	87
510	394	25	86
511	394	25	85
512	393	25	84
513	393	25	83
513	393	25	82
514	392	25	81
515	391	25	81
516	390	26	81
517	390	26	81
518	389	26	81
518	389	27	82
519	388	27	82
520	387	28	83
520	387	27	83
520	386	27	83
521	386	26	82
522	386	26	82
522	385	26	81
523	385	25	79
524	384	25	79
525	383	25	78
526	383	25	77
527	382	25	77
528	383	25	77
529	383	25	77
529	383	25	77
530	381	25	78
530	382	25	78
531	381	25	79
531	382	25	79
532	380	25	80
532	381	25	80
533	381	25	81
534	381	25	81
535	380	25	82
535	378	25	83
536	378	25	84
536	376	25	84
538	376	25	84
538	375	25	85
539	374	26	84
540	374	26	83
541	374	25	81
542	374	25	81
543	374	25	80
544	374	24	80
545	373	24	80
545	373	24	79
546	373	25	80
547	372	26	80
548	373	26	80
549	373	27	81
549	373	27	81
550	373	27	81
550	373	27	82
551	373	27	81
552	373	26	81
553	373	26	80
554	373	26	79
555	373	26	79
556	373	26	78
558	374	25	78
559	374	25	77
560	375	25	77
562	375	25	77
562	376	25	78
564	376	26	78
564	376	26	78
566	377	27	79
567	376	27	80
567	376	27	81
568	375	27	82
568	374	27	84
568	373	27	86
569	371	26	88
569	370	26	89
569	371	26	89
569	370	26	89
570	371	26	89
570	371	26	88
570	372	26	86
571	373	26	85
572	373	26	83
572	373	27	82
574	373	27	81
574	373	27	80
576	374	26	80
578	375	26	79
579	375	26	79
580	375	26	80
582	375	26	80
582	376	27	81
583	376	27	81
583	376	27	81
583	377	26	82
584	375	26	82
585	375	26	81
586	375	26	82
587	374	26	81
588	375	26	80
589	375	26	79
590	376	25	79
591	377	25	78
592	377	25	78
592	377	26	78
593	377	26	79
593	378	26	79
593	378	27	79
595	379	27	80
594	379	27	81
595	379	27	81
596	380	27	82
597	380	27	82
597	379	28	83
598	379	28	84
599	379	28	84
599	379	28	85
598	379	29	85
599	378	29	86
599	378	29	87
599	377	29	87
601	377	30	86
600	377	30	85
601	377	29	83
603	378	29	82
603	378	29	81
603	377	28	81
605	378	28	81
605	380	28	81
606	381	29	84
606	379	29	87
606	380	29	91
606	378	29	94
606	376	30	97
608	376	31	100
608	375	31	102
610	375	31	103
610	377	31	107
610	376	31	109
608	377	32	109
608	376	34	108
607	377	35	108
607	377	36	107
606	375	37	107
606	375	37	108
606	375	38	108
607	375	38	109
607	374	39	110
608	375	39	110
608	375	39	111
608	376	40	112
608	375	41	112
609	374	41	112
609	373	42	111
613	371	41	110
612	369	42	108
616	368	41	105
619	366	40	101
625	366	38	97
624	368	36	92
627	368	35	89
630	368	33	86
631	369	31	84
634	370	29	82
636	371	27	81
639	371	26	80
640	372	25	79
641	372	25	79
643	372	25	78
644	371	25	78
645	372	25	78
647	372	25	78
648	373	25	79
648	372	25	79
649	372	25	79
651	371	25	79
653	370	26	78
654	370	26	77
655	371	27	77
656	371	27	77
658	371	27	77
660	370	28	78
661	370	28	78
662	370	28	79
662	370	27	80
664	369	27	80
665	370	27	81
666	370	27	82
667	370	27	82
667	369	27	83
668	368	27	83
669	369	26	83
670	368	26	83
671	368	26	83
673	367	25	83
674	367	25	83
675	366	24	83
676	366	24	83
677	365	24	83
679	365	23	82
679	366	23	81
681	367	23	81
682	367	23	80
682	367	24	80
683	367	24	80
685	366	25	81
686	366	26	81
686	367	27	81
686	366	27	81
686	366	28	82
687	366	28	81
689	366	27	81
691	367	26	80
693	366	26	79
695	366	25	78
696	367	24	78
699	368	24	77
699	367	24	77
700	366	24	78
702	367	24	79
703	368	24	80
704	368	24	81
704	367	25	81
705	367	25	82
706	368	25	83
706	368	25	83
707	367	26	84
708	368	26	84
709	368	26	84
710	366	26	84
710	367	26	83
712	366	25	83
714	366	25	81
715	365	25	81
716	365	24	81
717	365	24	81
719	365	24	80
720	365	24	79
721	366	23	79
722	366	23	79
723	366	24	79
723	367	24	80
724	367	25	80
725	367	26	80
726	367	26	81
725	368	27	81
726	367	28	81
727	368	28	80
728	368	27	79
730	367	28	79
732	367	27	78
734	367	27	78
735	367	27	78
738	367	26	78
739	367	26	78
740	367	25	78
741	368	25	80
743	367	25	80
744	367	25	81
745	368	26	81
745	368	26	82
746	368	26	82
747	369	26	83
748	368	26	83
749	368	26	84
750	368	26	84
751	368	26	83
752	367	26	84
754	367	25	83
755	366	25	83
757	366	25	82
758	366	24	82
760	366	24	82
761	366	24	82
762	365	23	81
762	366	23	81
762	367	23	80
762	367	23	80
761	367	23	80
759	367	24	80
757	367	25	80
755	366	25	80
751	366	26	79
748	366	26	79
744	366	26	79
741	366	26	79
735	365	27	79
730	365	27	79
726	365	27	79
721	364	26	78
716	364	26	77
708	364	26	77
704	364	26	78
698	363	26	78
693	363	26	79
688	363	27	80
682	362	27	80
676	362	27	81
673	362	27	81
668	363	27	82
664	363	27	82
660	362	27	83
657	362	27	83
655	363	27	83
653	362	27	83
652	361	26	83
651	361	26	82
652	360	25	82
652	359	25	82
653	360	25	82
655	360	24	81
656	360	24	81
658	360	23	80
659	359	23	80
660	359	23	80
661	360	23	80
663	360	24	80
664	359	26	80
664	360	27	80
664	361	28	80
665	361	28	81
666	360	29	81
666	360	30	81
668	360	30	80
670	359	30	80
671	359	30	80
675	359	29	79
677	360	28	79
680	360	27	79
683	359	26	79
684	359	26	79
687	360	26	81
689	360	26	82
690	360	26	83
691	359	26	83
692	359	26	84
694	359	27	84
695	359	27	85
697	358	27	85
698	358	27	85
700	358	27	85
702	358	26	85
704	356	26	84
706	357	25	84
709	356	25	84
709	355	25	83
712	354	24	83
714	355	24	82
716	355	24	81
717	355	24	81
718	355	24	81
720	355	25	81
722	354	25	81
723	354	27	81
724	355	28	81
724	355	28	82
723	354	29	82
722	354	29	81
721	353	30	81
722	353	30	81
722	352	29	80
722	351	29	80
722	351	28	80
721	351	28	80
721	351	27	80
721	351	27	80
719	351	26	81
717	350	26	81
716	349	26	82
714	349	27	83
712	349	27	84
709	349	27	85
706	348	27	85
703	348	27	86
700	347	27	86
697	347	27	86
693	346	26	86
690	345	26	86
687	345	26	86
684	343	25	85
681	342	25	84
677	341	25	82
673	341	25	81
670	341	25	80
667	341	25	80
664	341	25	79
659	340	25	80
656	339	25	79
654	339	25	80
651	339	25	80
648	339	25	80
645	339	25	81
642	338	26	81
640	337	26	81
637	337	26	80
635	336	26	80
634	335	26	79
631	334	26	78
630	334	27	78
629	333	26	78
628	333	26	78
626	333	26	78
624	332	26	78
623	332	26	78
621	332	27	78
621	331	27	79
618	331	27	80
617	331	27	80
615	331	28	80
613	330	28	81
612	330	28	81
610	329	27	81
609	328	27	81
609	328	27	81
606	328	27	81
606	327	26	81
604	326	26	80
603	325	25	80
602	326	25	79
601	325	24	78
600	325	24	78
598	325	24	78
596	325	24	77
596	325	24	78
594	324	24	78
593	325	24	79
592	325	24	79
590	324	25	79
588	324	25	80
587	324	25	80
585	323	26	80
583	323	26	79
582	323	26	79
581	322	25	78
580	322	26	77
579	322	26	77
578	323	26	76
577	323	26	76
577	322	26	76
575	323	26	76
574	323	26	77
572	323	26	78
572	323	26	78
570	323	27	78
570	323	27	79
569	323	27	79
567	323	27	80
567	323	27	80
567	322	27	80
567	322	27	81
566	322	27	81
567	321	27	81
568	321	27	81
568	321	27	80
569	320	27	80
570	320	27	80
572	320	27	79
574	321	27	78
575	321	26	78
577	321	26	78
578	321	27	77
581	322	27	78
583	322	27	78
584	322	27	78
585	323	27	79
586	322	27	79
588	322	28	79
589	323	28	79
591	322	29	79
593	322	29	78
595	322	29	77
597	322	29	76
599	323	28	76
600	323	28	77
602	324	28	77
604	323	28	78
605	323	28	78
607	323	28	79
608	324	28	80
610	324	28	80
610	324	28	81
611	324	28	81
612	324	28	81
612	324	27	81
613	323	27	81
614	323	27	82
615	323	27	81
616	322	26	80
617	322	26	80
617	321	26	80
619	321	27	79
620	321	26	79
621	321	26	79
623	321	26	78
624	322	26	78
626	322	26	78
628	322	26	78
629	322	27	77
631	322	27	77
631	323	27	77
633	323	27	78
634	323	27	78
636	323	27	78
638	322	27	77
640	322	27	77
641	323	27	77
643	323	27	76
645	323	27	76
647	324	26	76
649	324	26	75
651	324	25	76
654	325	25	76
655	325	25	77
657	325	25	77
658	325	25	78
660	326	25	78
662	326	25	79
663	326	25	78
664	327	25	79
666	327	25	79
667	326	25	80
670	327	25	80
672	326	24	80
673	326	24	80
675	326	24	78
677	327	24	78
679	326	23	78
681	327	23	78
683	327	23	77
685	327	23	77
687	328	23	77
689	327	23	77
690	329	23	78
692	328	23	78
693	328	24	79
695	329	24	79
696	329	25	79
697	330	26	79
697	329	27	79
699	330	28	79
701	329	28	79
704	329	28	79
706	329	28	78
708	329	28	78
710	329	28	77
713	329	27	77
716	330	27	77
718	331	26	78
721	331	26	78
722	331	26	79
724	331	26	79
726	332	26	80
727	332	26	80
729	332	27	80
731	332	27	81
732	333	27	81
734	333	27	81
735	333	26	81
737	332	26	81
740	332	26	81
741	332	26	80
744	333	26	80
746	332	25	79
748	333	25	78
750	332	25	78
752	332	24	78
755	333	25	78
756	333	25	78
758	334	25	78
760	333	25	78
761	334	26	78
763	335	26	78
764	335	27	78
765	335	27	78
767	335	28	78
768	335	29	78
770	335	29	78
772	335	30	78
774	334	30	78
776	334	30	77
778	334	29	77
780	335	29	77
780	334	29	77
781	334	28	77
781	335	28	77
781	335	28	78
780	335	27	78
779	335	27	78
778	334	27	79
777	334	27	79
776	334	27	79
773	334	27	79
771	333	27	79
769	334	27	79
766	332	27	79
762	332	27	80
757	332	27	80
754	330	27	80
751	330	26	79
747	330	26	79
742	330	26	78
736	329	26	78
731	329	26	78
727	328	26	78
722	327	25	78
717	327	25	77
710	326	24	77
707	326	24	77
702	326	25	77
698	326	25	77
694	326	25	77
689	325	25	77
686	325	25	77
683	325	25	77
680	324	26	76
678	324	26	77
674	323	26	77
673	323	26	77
671	323	26	76
669	323	26	76
667	322	26	75
665	322	26	75
663	322	26	76
661	322	27	76
660	321	27	77
658	321	27	77
656	321	27	78
654	321	27	78
653	321	27	79
651	321	27	79
651	320	27	79
648	320	27	80
648	319	27	80
646	319	27	81
645	319	26	81
644	318	26	81
642	317	26	81
641	317	26	80
639	316	26	79
638	316	26	79
638	316	25	79
636	316	25	78
634	316	24	77
633	316	24	77
631	315	24	77
630	315	24	77
629	315	24	77
627	315	24	77
625	316	24	77
623	315	24	77
621	316	25	77
619	316	26	77
618	315	26	77
616	315	26	76
615	315	26	76
613	315	26	76
611	314	26	76
609	315	26	76
607	314	26	76
605	314	26	76
604	315	26	76
602	315	26	76
600	315	26	77
598	314	26	77
597	314	26	78
596	315	26	78
593	315	25	78
593	315	25	79
591	315	25	79
589	315	25	80
587	315	25	80
584	315	25	80
583	316	25	81
581	315	25	81
579	314	25	81
576	315	25	82
574	314	25	82
571	314	25	82
569	314	25	81
567	315	25	80
566	315	25	80
563	315	25	79
561	315	24	78
559	316	24	78
557	317	24	78
557	317	24	78
556	317	24	78
556	318	24	79
555	318	23	79
555	318	23	79
556	319	23	79
557	319	23	80
558	317	23	80
559	318	23	80
560	317	23	80
562	317	23	80
563	317	24	80
565	316	24	80
567	316	24	79
569	317	24	78
571	317	24	78
574	317	25	78
576	317	25	79
578	318	25	80
579	318	25	80
581	318	25	81
584	319	25	81
586	319	25	81
588	319	25	81
589	319	25	82
591	319	25	82
592	319	25	82
592	319	25	83
592	318	25	83
592	318	25	83
591	318	25	83
590	318	25	82
588	318	25	81
586	319	25	81
583	319	25	80
581	319	25	79
577	319	24	79
574	320	24	78
572	320	24	78
569	320	24	79
567	320	24	79
563	322	25	80
560	321	25	80
558	322	25	81
555	322	26	81
554	322	26	82
551	322	26	82
551	322	26	82
549	321	26	82
549	321	26	81
550	321	26	80
549	321	26	80
550	322	26	79
550	323	26	78
550	323	26	78
551	323	26	78
552	323	25	79
552	323	25	79
554	324	25	79
555	324	25	80
557	324	25	80
559	325	25	81
561	325	25	81
562	325	24	81
563	325	24	81
566	325	25	82
567	325	24	82
569	324	24	82
570	324	24	82
572	324	24	81
573	324	23	80
573	324	23	80
574	325	23	80
574	323	23	80
575	324	23	79
575	325	23	78
575	326	23	77
575	325	22	77
575	326	22	76
574	326	22	75
574	327	22	74
574	328	22	74
574	328	22	73
575	330	21	74
574	328	22	73
573	329	22	73
572	329	22	73
571	329	22	74
569	329	23	75
567	331	23	77
566	331	24	79
563	330	25	81
561	330	26	82
560	331	26	82
559	331	27	82
558	330	28	82
556	331	28	82
555	332	28	83
553	332	29	83
552	332	29	83
551	333	29	84
548	334	29	84
548	332	29	83
546	334	29	84
545	333	29	83
543	334	30	84
542	333	30	83
540	333	30	82
538	334	30	82
536	335	30	82
536	334	30	82
533	334	30	81
531	335	30	81
529	336	30	82
527	336	30	82
526	335	31	82
523	336	30	82
522	336	30	82
520	337	30	82
519	336	30	81
517	337	30	80
516	338	30	82
514	337	31	81
512	338	30	82
511	338	30	82
509	337	30	82
507	339	30	82
505	337	30	82
503	338	30	82
502	339	30	83
500	340	30	84
497	338	30	83
495	340	30	84
493	340	30	85
490	339	30	84
488	340	30	85
485	341	30	85
482	341	30	84
480	342	30	84
478	341	30	82
475	343	30	82
471	343	30	82
469	343	30	81
466	344	30	81
465	345	30	83
462	345	30	83
460	345	30	84
458	346	30	86
457	345	29	86
456	347	30	88
454	344	30	87
454	346	29	87
453	344	29	85
452	347	29	85
453	345	28	84
452	346	29	82
453	346	29	81
453	347	29	79
453	346	29	77
454	347	30	77
455	346	30	76
455	347	31	77
458	347	30	77
459	346	30	77
460	346	30	78
462	347	30	80
463	346	30	82
463	345	30	82
465	345	30	83
466	344	30	83
466	344	30	83
468	343	30	81
469	344	30	81
471	344	30	80
472	343	30	79
474	344	30	79
477	342	30	77
478	344	31	78
480	343	31	78
482	344	31	79
483	343	31	79
485	342	31	79
487	343	31	80
489	342	31	80
491	341	31	79
493	340	31	79
495	340	31	78
497	340	31	77
499	340	31	77
501	339	31	76
503	339	31	75
506	339	31	74
507	338	31	74
509	340	31	75
511	339	31	74
513	339	30	75
516	338	30	75
518	338	30	77
521	339	31	78
523	337	32	77
525	337	32	77
527	336	32	76
529	335	32	75
530	335	32	75
532	336	32	76
534	336	32	78
536	336	32	80
537	335	31	81
539	333	31	81
539	334	30	83
541	334	29	84
540	333	29	85
538	334	29	87
537	332	29	87
534	332	29	88
533	332	28	89
528	330	27	89
524	330	27	89
521	330	26	88
517	329	25	88
513	328	25	87
506	327	24	84
502	328	24	82
496	328	23	80
491	330	23	80
484	330	23	79
475	332	23	79
468	332	23	79
461	331	23	79
454	332	23	79
446	333	23	79
437	333	23	80
432	333	23	80
425	334	23	81
420	332	23	81
415	333	23	80
409	333	23	80
406	333	24	79
403	333	24	79
401	333	24	79
399	333	24	80
396	333	24	79
396	333	24	80
395	333	25	80
395	333	24	80
396	333	24	81
396	332	24	81
397	332	24	82
398	331	24	82
399	330	24	82
401	331	24	83
402	329	24	83
405	327	24	83
406	327	24	82
407	327	24	82
409	326	24	81
411	326	24	81
412	325	24	81
413	325	24	80
415	325	24	79
416	325	24	78
417	325	24	78
419	325	24	78
421	325	24	79
422	324	24	80
423	324	24	81
425	325	24	82
427	323	24	81
428	324	23	82
430	322	23	82
431	321	23	81
433	322	23	81
434	321	23	80
436	320	23	79
436	320	23	79
437	320	23	79
439	320	23	79
440	319	23	79
442	320	23	79
442	320	23	80
444	320	23	81
445	319	23	82
446	320	23	83
448	319	23	84
449	319	23	84
449	317	24	84
451	316	23	84
452	316	24	83
453	316	23	83
453	315	24	82
455	315	24	81
456	315	23	81
458	314	23	80
459	313	23	78
460	314	23	77
461	315	23	76
462	315	23	76
464	314	23	75
465	315	23	75
466	316	23	76
467	315	23	76
469	315	23	76
470	315	23	76
471	314	23	77
473	314	23	78
474	313	23	78
475	312	23	78
477	313	23	78
478	312	23	77
480	312	23	77
481	312	23	76
482	312	23	77
483	312	23	77
484	312	23	78
486	312	23	77
487	313	23	78
488	313	23	79
488	312	23	79
490	313	23	79
491	311	23	79
491	312	23	80
493	311	23	79
493	310	23	79
495	309	23	78
496	308	23	77
497	310	23	77
498	310	23	77
500	309	23	77
500	308	22	76
502	309	23	76
502	309	23	75
504	310	23	75
505	310	23	75
507	309	23	75
508	310	23	76
509	310	23	77
511	309	23	77
513	309	23	77
514	309	23	77
515	309	23	78
516	308	23	77
517	309	23	78
519	307	23	78
520	307	23	78
522	306	23	77
523	307	23	77
524	307	23	77
526	307	23	77
527	307	23	76
528	308	23	76
529	308	23	76
530	308	23	77
532	308	23	77
533	308	23	77
534	309	23	78
535	308	23	77
536	308	23	78
537	308	23	78
539	308	23	77
540	306	23	77
542	307	23	76
543	307	23	76
544	307	23	77
545	306	23	76
546	307	23	76
548	307	22	75
549	307	22	75
550	307	22	76
552	308	22	77
553	307	23	76
555	307	22	75
556	308	22	75
557	309	22	76
559	307	22	78
561	308	22	77
562	307	22	78
563	307	22	78
564	307	22	78
564	307	22	78
564	307	22	77
563	307	22	77
562	306	22	76
561	307	23	76
559	307	23	75
557	308	24	76
555	309	24	76
553	307	24	76
550	308	24	77
548	310	24	77
546	309	24	77
544	310	24	79
541	308	24	79
540	309	24	80
537	309	24	81
535	309	24	81
534	307	24	79
531	309	24	79
530	308	24	79
529	308	24	80
527	307	23	78
526	310	23	77
525	309	23	77
524	310	23	77
523	311	23	77
523	309	23	77
522	310	22	76
521	312	22	77
522	311	22	78
521	311	22	79
521	311	22	80
521	311	22	80
521	310	22	79
521	311	23	80
522	311	23	79
522	311	23	79
522	310	23	79
523	310	23	79
523	310	23	78
523	311	23	78
523	312	23	78
523	312	23	79
524	313	23	80
523	312	24	80
524	313	24	81
523	313	24	83
523	313	24	84
523	313	24	85
523	311	24	85
523	312	24	85
522	312	24	86
